-13303.711893276772	3.0	1.4031486711294987	0.21941463377584167	0.3681144247550981	0.010217825740222359	12121.0001022238
-13303.719606649498	3.0	1.4101966393845538	0.21567355555856318	0.36700810500429487	0.010165771932068066	12136.153317043689
-14108.379468518217	0.3331402946799971	1.2583715924568575	0.001332628510982198	0.2721064902299984	0.0023430855582822394	14499.766413417748
-13303.719118707484	3.0	1.412002396541418	0.21487579672175217	0.3667757026878638	0.010155965681848565	12139.2239965029
-13343.808463744854	0.9351752850162719	2.0664611529868533	0.3783730101656249	0.36231775156017565	0.009889283183040217	12213.806559615019
-13310.440569509787	1.2737332548688993	1.7937263112191504	1.0	0.4147279972541381	0.0144996746078718	10601.795018874593
-13303.719256155355	3.0	1.4116994979503374	0.21467235764483775	0.3666695587809181	0.010149829450520176	12141.027829080318
-13303.719613646466	3.0	1.4103167573990685	0.2156857045256216	0.36702014392487786	0.0101687714257259	12135.913406794612
-13303.719026360675	3.0	1.4122774851207833	0.21477013323191543	0.36675109462426436	0.0101520659038335	12139.565156796078
-13303.711832841022	3.0	1.4027827751233335	0.21938309579884294	0.36808281514956726	0.010214434795162302	12121.681994178129
-13303.719495959082	3.0	1.4108406450175441	0.2154390901680479	0.36694444093567863	0.01016205567067082	12136.911939763215
-13303.711850459127	3.0	1.4027162564754088	0.21937786852983213	0.36806600471628365	0.010217309136058972	12121.866585943686
-13303.719696152071	3.0	1.4090718598806682	0.21620172601260224	0.3671637572144021	0.010174575565775302	12134.072911229474
-13303.711829321226	3.0	1.402843076632737	0.21938838927665505	0.36808682679829285	0.010217105571203816	12121.575998181625
-14108.822018661012	0.2581400468786261	1.3298259795524294	0.0010324448631991248	0.26934891630903046	0.0022847785511443436	14522.094364644547
-13303.711981408029	3.0	1.4028063179121961	0.21935813317128686	0.3680677288005455	0.010220216461422241	12121.846720182231
-14115.67657745038	0.42281863988999147	1.00962123444801	0.0016906285566361996	0.2699730603826692	0.0024780137054441743	14524.782901671197
-13303.711831205594	3.0	1.4028654884739902	0.2193904996768116	0.3680883141510058	0.010218424246551241	12121.536033672086
-13303.711837495668	3.0	1.402844726669851	0.21938785004782577	0.36808245988829014	0.010218310802668345	12121.601295656472
-13303.711835995713	3.0	1.4028344478929944	0.2193879335989092	0.36808652854583357	0.0102132413930136	12121.588353265486
-13285.530595532771	7.531263279381704	1.0278733190595186	0.19775330586452433	0.36975338629760984	0.010266798433641427	12095.50221687739
-13310.440563889313	1.273608778841855	1.793698155552358	0.9999999999999999	0.41471974930467725	0.014497478127303096	10602.061881399142
-13282.23208100017	10.0	0.9515272613837376	0.19438492583489977	0.37028035353500105	0.010330476888363332	12088.518573791174
-13343.799599764616	0.938632728023223	2.0698071799714697	0.3763596165349671	0.3624309637411168	0.009897176898388219	12209.446340501487
-13282.232065262284	10.0	0.9514779073765322	0.19441200124030678	0.3702826863609249	0.01033221997724169	12088.431707787502
-13310.440562831789	1.273664955871662	1.7937101815285101	1.0	0.4147242595078466	0.014496919879962216	10601.939762095659
-13292.737593256754	4.792998163889661	1.1856084253025685	0.2044227591229461	0.36842269281042184	0.010249960819766328	12114.624120671542
-18691.87156529775	0.3542409657627398	0.019870024815056557	0.0014169226681308125	0.1206792194855103	0.0	17867.58936310156
-13310.440617764703	1.2734420854731296	1.7937230737475838	0.9999999999999999	0.41471436991999433	0.014486927343365139	10602.284006354907
-13284.624536678562	8.081266067177602	1.0049715938530082	0.19834344034343543	0.37034385045268653	0.010327347760742771	12086.694734370341
-13282.232065321492	10.0	0.951472045977681	0.19441415985022614	0.3702837680117966	0.010332077165386292	12088.422480128416
-13285.295067995554	7.667380236068901	1.023680265483195	0.19839328360931113	0.37039326515726123	0.010341440197608184	12085.74438693273
-13285.80977038676	7.380598988468524	1.0359487252751702	0.1978516950618169	0.3698513988570972	0.010302144805402058	12093.57215781812
-13284.706892471862	8.026621581734124	1.0064355804367002	0.19837875352835077	0.3703790771265309	0.010331625487523378	12087.498142983768
-13344.040751238601	0.9794112869616003	2.0648889004518134	0.35923661273106294	0.3628954272143238	0.009922672885763203	12195.76348946768
-14098.788654998789	0.42376682382607583	1.5488306054733265	0.0016949461444522287	0.2702553478626885	0.0021613555089835825	14504.237704613239
-13282.232083364788	10.0	0.9514248448354987	0.1944502257285084	0.37029883046093737	0.010329784168879742	12088.213545840386
-13288.413963645686	6.157396173527841	1.0912962040617318	0.20206300295384638	0.37006351969618145	0.010312575584048916	12091.751494935897
-13282.232067271461	10.0	0.9514516991444708	0.19442698670634379	0.37028909429946255	0.010331880551805015	12088.353362732638
-13282.232065523724	10.0	0.9514917490795848	0.19441026740053302	0.3702828252544929	0.010332561853487182	12088.420542823458
-13310.440564604025	1.273574449882978	1.793671713136184	1.0	0.4147178455568138	0.01449573399176493	10602.168195283284
-13343.79933119542	0.9401742860121113	2.067989928655155	0.3756085064850744	0.3623401694672591	0.0098886806103709	12211.171737412309
-14114.669788073443	0.391050405077699	1.0397147729897604	0.001563953048404186	0.27194527382920836	0.0024048992878912203	14507.76296857872
-13281.542796440364	10.700406652201758	0.9342877871678209	0.19473476952755644	0.37073439948302017	0.010352849916770959	12081.83564190439
-13281.703603287857	10.525155392976343	0.9380532684809816	0.19458345972329658	0.37058166740015147	0.01034362620066543	12084.528891817079
-13277.694210380167	21.859001059874206	0.8254503853226078	0.19576581736808618	0.37309349996424446	0.010441667939636976	12052.035854663443
-13343.807644627985	0.9356080262600193	2.067711260341548	0.37852335233487716	0.3624969313778598	0.009892041309017736	12210.547030015683
-13310.440562366686	1.273681032577591	1.7936879766607234	0.9999999999999999	0.41472234493141236	0.014496494479226744	10601.963501009883
-13281.737697674182	10.497788230860577	0.9371397832101293	0.19410025509530507	0.3701008461089182	0.0103303987971516	12092.15962638419
-13282.013921969941	10.208744700326005	0.9468423298213349	0.19443923670907706	0.37043881501811377	0.010337998974993214	12085.651412316503
-13281.334431614654	10.940105431470128	0.927636938496388	0.19479894704645798	0.370799090569481	0.01036397140687341	12082.21942772229
-13277.715741941493	20.82068738203209	0.8286406091061383	0.1945802182433366	0.3726332666103894	0.010426687696922846	12057.610810034825
-13277.694508046092	21.751275854780378	0.8257131645252119	0.19564176234061942	0.37304362904172556	0.010441177680904183	12052.612909900039
-13280.836613253932	11.568800858765877	0.9137980134790126	0.19494415380524044	0.3709442270977236	0.010371097641512634	12079.815747327619
-13277.785243909395	19.80748008804096	0.8331279586816875	0.19362918810152718	0.3722646101894813	0.010412220602028321	12061.744872147814
-13280.969680065184	11.397265734654342	0.9183872758781381	0.1951162339546474	0.37111632008685663	0.010377334745022337	12076.842066277437
-13288.528546076348	6.111346641513757	1.0946037801384079	0.20173759691205762	0.36973776639115913	0.0102990455112378	12094.965806436125
-13281.977700999201	10.245284492316962	0.9446407766891964	0.1942064703111859	0.3702060853642809	0.010327622061610918	12089.9038154203
-13310.44056669964	1.2735826156642782	1.7937025449270638	1.0	0.4147118368711826	0.014496151310395665	10602.122073788549
-13310.440563837017	1.273569990666394	1.793675720623186	1.0	0.41471584511369447	0.01449541279768096	10602.17492297892
-13303.711833925398	3.0	1.4028129816003192	0.21938614340484494	0.3680783134663544	0.010216088729410853	12121.664150840663
-13343.799822509496	0.9396834155076488	2.071681659790239	0.3752273029489411	0.36235790958288533	0.009896012845715351	12209.18745044375
-13303.719050439431	3.0	1.4121340389442818	0.21478798189857368	0.36675021856941087	0.01015482646666636	12139.63073624331
-13303.711828018133	3.0	1.4028102676828351	0.219385748095796	0.3680845896331714	0.010216230098497207	12121.632989737389
-13303.719022828493	3.0	1.4122768089961362	0.21476585935274248	0.3667493382786559	0.010153712267072353	12139.594821597886
-13303.719590185878	3.0	1.4103649838051715	0.21563059437498666	0.366997130887546	0.010167328574599288	12136.238389205777
-13303.71182769126	3.0	1.4028087765492292	0.21938568256107646	0.3680840494301376	0.01021628605226847	12121.637839938674
-13303.711835023429	3.0	1.402818531907482	0.21938571366610568	0.3680807006473425	0.010217673467048403	12121.646759643816
-13303.719023486876	3.0	1.4122314721910034	0.21475546077306004	0.3667381817399392	0.010151894306439022	12139.74865610617
-13310.440563537162	1.2737455361461347	1.79369041021584	1.0	0.4147249571745475	0.014496138795388887	10601.853562361246
-13303.712255406397	3.0	1.4034017639049075	0.21942929206037085	0.368168399187897	0.010220501726581847	12120.376165482496
-13310.440562357144	1.273663053762984	1.7936870763375194	1.0	0.41472062101609625	0.014495996940571739	10601.998242114567
-13303.718421175969	3.0	1.4064136924797899	0.2176410774183308	0.3676038619621557	0.010189369908458331	12128.032997033712
-13303.71185467369	3.0	1.4026167901930886	0.2193690352482885	0.3680723878729306	0.010214829361636195	12121.968178583338
-13303.719047221364	3.0	1.4124148949383628	0.2147871986628128	0.3667654844702734	0.01015397569960159	12139.273311535902
-13343.816386734547	0.9337805320344499	2.073909188501621	0.3790302726899504	0.3627170001596493	0.009912028585538532	12204.938933111258
-13303.711833579568	3.0	1.4027267775666485	0.21937846127843683	0.3680760149972483	0.010216349397316199	12121.796691953477
-13303.711843320534	3.0	1.402879428237092	0.21939168691774724	0.368099420138156	0.010218058371664857	12121.453999469222
-13343.817746316905	0.9422131332845635	2.073366117383522	0.37175002642679206	0.3617997944938818	0.009878972365320399	12215.322866496703
-13303.719033201955	3.0	1.4123884388578696	0.21477097917727303	0.36676263457587616	0.01015510827907115	12139.387645944047
-13285.174860232	7.735031863549041	1.0199201493204972	0.19822303685235265	0.37022251015745844	0.010334555380800496	12088.380407629576
-13282.23206531929	10.0	0.9514789475530099	0.19440950382483063	0.3702816048910446	0.01033207896400538	12088.449549294137
-14102.372529085918	0.5644309568495153	1.2683331239342135	0.0022578228766026182	0.2710987948918996	0.0024716975676110677	14501.672995723799
-13282.232065337425	10.0	0.9514758794190634	0.19441044332529592	0.37028219430597364	0.010331959019981761	12088.445597499978
-13343.811107668786	0.9361199867961368	2.065410815307492	0.37889280732022007	0.36254866671437946	0.009901335068229086	12210.810668010536
-13310.440565691839	1.2735788381307445	1.7936541533489092	1.0	0.4147077520670767	0.01449555070473177	10602.23114501346
-13282.232069537798	10.0	0.9514821550534679	0.19441439643619096	0.3702870345496561	0.010334357479678704	12088.388580190991
-13282.232065260476	10.0	0.9514761886675601	0.19441357318465793	0.3702836447621915	0.01033214619953123	12088.420423006832
-13282.232269760796	10.0	0.9515200616057518	0.19440898330361617	0.3703102458588248	0.010320321686423302	12088.23329211332
-13282.232065548997	10.0	0.9514728634245869	0.19441239643592562	0.3702828433034445	0.010332749410481025	12088.435864944431
-13282.232065388424	10.0	0.9514793330815273	0.1944120192216507	0.3702839169164217	0.010332157444700844	12088.422683798884
-14099.901255970943	0.3065651063972088	1.8362936165063395	0.0012262676174080167	0.2722949893681877	0.003018971444035021	14488.926015052633
-13282.232065757247	10.0	0.9514945864671845	0.19440764550306164	0.3702808121107805	0.01033237421025204	12088.441736978115
-13282.232065792417	10.0	0.9514636955338802	0.1944121215464446	0.37028052882153556	0.010332011749686702	12088.46328911304
-13282.232065677259	10.0	0.9514865688744525	0.19441240701854434	0.3702822027057398	0.010332479184666897	12088.420024448935
-13282.23206584649	10.0	0.9514705718010295	0.19440809832874004	0.37027916406476924	0.01033236188642481	12088.482555389266
-13285.05022035757	7.809624753258669	1.0164567436831313	0.19820673561575772	0.3702068739637035	0.010344021343293314	12088.643198975884
-13282.23206637087	10.0	0.9514617344065035	0.19440615545979276	0.37027935048215826	0.010332577266550506	12088.504304804115
-13310.440564082557	1.2735928042737952	1.793673543285273	1.0	0.4147126831957556	0.014495096920547268	10602.156727144638
-13282.23208038966	10.0	0.9514908987772944	0.19443655351383185	0.37029371636036224	0.010329324478602171	12088.221259756887
-13277.710066974614	20.9645380901098	0.8280968773302645	0.19474111016719195	0.3726901973327995	0.01042561613923941	12056.89679937112
-13281.61612388724	10.622704322247493	0.9346975168507601	0.19436331070648147	0.37036351934451417	0.010338580136105287	12088.158382026055
-13344.03897240303	1.001478287523728	2.047786086157147	0.3558790958385234	0.36387806844882	0.0099743729776223	12185.905184022851
-13281.435543741263	10.827966634938313	0.9301410995994844	0.19438101895453588	0.3703809961969916	0.01035932797134584	12087.15491342786
-13292.176647167707	4.935220994558399	1.1732719121427062	0.2051320987653086	0.36913133061929476	0.010315788362547125	12104.680983007425
-13277.694334844484	21.796103137021678	0.8255782409421589	0.19570225833605887	0.3730676215447979	0.010441576353891742	12052.32908609103
-13281.2940307051	10.988455236543855	0.9266654766206446	0.1948934439100108	0.37089217347296966	0.01034199242031477	12080.915512730046
-13281.445528336912	10.812540093618454	0.9305606881662518	0.19452657982710325	0.3705256714842654	0.010362332888197606	12085.488936424686
-13310.440565248839	1.2736554000225493	1.793636515745153	1.0	0.4147167932614272	0.014495967173612208	10602.116075588809
-13289.2232852606	5.8502690434208695	1.1106307607347672	0.20141823924211394	0.36941819782966534	0.010300185233104204	12101.40492263312
-13310.44056243246	1.2736506587220215	1.7936806250351625	1.0	0.4147181756473697	0.014496171506297593	10602.037494154723
-13343.7451785809	1.0588337892567676	2.0154414047505345	0.3463518780374099	0.36635277193887145	0.010099543515120324	12155.827121997416
-13277.694232775653	21.841046296941872	0.8254545277960779	0.19576162620310503	0.37308925547635274	0.01044445152238583	12052.053381344665
-13310.44056802033	1.2735388064464364	1.7937369285552582	0.9999999999999999	0.4147264773526604	0.014496957774665562	10602.070131684268
-13287.902560472312	6.375769367334006	1.0774240844678684	0.20196053219384125	0.3700310332567217	0.010330467126093028	12091.969357491118
-13277.705893168475	21.0897283016966	0.8276554331324798	0.1948708633720832	0.3727430927380344	0.010426223517822986	12056.321268726788
-13284.413894931846	8.225663254554926	0.9985707216720411	0.19860312653825293	0.370604417066601	0.010323176626781044	12084.491906853073
-13277.71635525039	20.806481077711766	0.8287162797673467	0.194563368016838	0.3726249760110633	0.010424917777117364	12057.669668238565
-13281.922151100096	10.299485693008279	0.9440809820633387	0.19451343321721223	0.370513389401905	0.010343837252675007	12085.231526371645
-13277.767236948317	20.00518865809996	0.8319160622549624	0.1937934358236732	0.37230267977798376	0.010413575733037082	12061.598378329572
-13303.711872132033	3.0	1.4027538751064286	0.2193811762556332	0.3680629050486505	0.01021575698923875	12121.832159341835
-13303.711859332445	3.0	1.4027378418491057	0.21937414941247363	0.36807811060834195	0.010215992019273612	12121.79137329642
-13303.719038733605	3.0	1.4122430213295025	0.21478411927074278	0.366759486332252	0.010153102597894658	12139.488973972073
-13303.719150327037	3.0	1.4119296135215273	0.21489905482824717	0.36679096466476124	0.010159206375887866	12139.105304409688
-13343.851716790396	0.9292798974965076	2.0706534279805506	0.3823601699615471	0.36283357282237755	0.00991153116424706	12206.519562292244
-13303.711835599774	3.0	1.4028773700640118	0.21939178503581588	0.3680883176020412	0.010214837796065046	12121.518552608126
-13303.711875830997	3.0	1.4030113794796493	0.21939852481821026	0.36809892769195524	0.010214726503445893	12121.294226937014
-13303.711858896764	3.0	1.4026793733949312	0.21937079418016095	0.36807390016082164	0.010215231212177846	12121.888624097513
-13303.711849085339	3.0	1.4028590071540699	0.21938958082623808	0.3680781123611235	0.010218790522955117	12121.60424508728
-13303.71186737597	3.0	1.40256837007765	0.21936443575198564	0.36806281851817957	0.010216038114602392	12122.090720170798
-13303.719546697062	3.0	1.4106618760524003	0.21553835220708212	0.36697773090016245	0.010163711817918952	12136.461817709147
-13303.71186475333	3.0	1.4028436873977046	0.21938468769167266	0.36807495379822064	0.010215743292681219	12121.657963873366
-13310.440562527372	1.2736583427645536	1.793672647232314	0.9999999999999999	0.41471917508044154	0.014496002048174444	10602.03693345282
-13303.719034027316	3.0	1.4121422299305348	0.21474619906896078	0.3667286368082735	0.010153125786018237	12139.931214833396
-13303.711833615158	3.0	1.4028247674215437	0.21938607256601889	0.3680829555956009	0.010217247226555601	12121.626149543254
-13303.712013712591	3.0	1.4033338504725212	0.21943005379773464	0.36814184509023457	0.01021978086383403	12120.592559339073
-13303.711830740918	3.0	1.402774409817634	0.21938293573960513	0.36807879434562046	0.0102161444896543	12121.713927084369
-13303.711865329675	3.0	1.4030515320792785	0.21940663984870992	0.36810532016810815	0.010219458722701871	12121.183529293929
-13303.711840345117	3.0	1.4027153623218647	0.2193778101211424	0.3680718281327705	0.010218365618937604	12121.834728500113
-13303.719022523564	3.0	1.4122308288375973	0.21475903425913334	0.3667418832334569	0.010151976247227135	12139.71239555672
-13296.003408931312	4.082851669501136	1.2544642680896807	0.20832239115322804	0.3683230108522711	0.010219029152981018	12116.669553375528
-13282.232066522192	10.0	0.9514882104333874	0.19442174896505388	0.3702884378243521	0.010333055198613054	12088.333164979853
-13282.232066379536	10.0	0.9515010142022051	0.19440155691188676	0.3702797672463626	0.01033177883119859	12088.470793970375
-13343.814743576186	0.9313507952598848	2.07855404254582	0.3761283095710055	0.36176454201753744	0.009890696673334868	12216.594224458093
-13310.440564173368	1.2737612416144242	1.7936786060796552	1.0	0.41472675761422406	0.014496262911955975	10601.845101356455
-13343.815707703357	0.9321188341496067	2.0733206705995135	0.3792755207061701	0.3625109093256445	0.009876167976062016	12208.682896789698
-13288.490098815771	6.126085728588976	1.092649057748838	0.20190490039955358	0.3699047110355191	0.01031305499619051	12094.373170403624
-13343.893321653111	1.0381211701962325	2.0269525536888295	0.3493017418512678	0.36530197804681386	0.010036241802971305	12168.355969190654
-13282.232065300454	10.0	0.9514816063856746	0.19441326544406193	0.3702838181603275	0.010332339135643007	12088.413418058979
-13282.232065350905	10.0	0.9514838235697833	0.19441331120440042	0.3702833887500384	0.010332174455102114	12088.4124519936
-13282.232068283103	10.0	0.9514385139462777	0.19440694588368077	0.3702767402606566	0.010332811703623202	12088.54761788631
-13285.247208442968	7.6950797872157555	1.0216873820706613	0.19842176583603305	0.37042260338087385	0.010333939917420302	12086.38857381006
-13282.232093396233	10.0	0.9514242925107186	0.19443599883585636	0.3702979201834564	0.010337363553235156	12088.29480493213
-13282.232095538453	10.0	0.9513580317259651	0.19447107649255602	0.37030367013847854	0.010332582674637802	12088.170490389422
-13282.232065466269	10.0	0.9514846105833096	0.19441002972866772	0.37028276808646704	0.010332548847897177	12088.432218959266
-14105.927279116178	0.6659304434467305	1.1588431721604249	0.0026632243783752296	0.27013688551516185	0.0029877789185050927	14512.868137867288
-13282.23206577927	10.0	0.9514628159085979	0.19441049655983106	0.3702800962099776	0.010331799228141808	12088.475576182022
-13282.232067294226	10.0	0.9514644840044911	0.19442854735996742	0.3702907121718424	0.010332441757114804	12088.317920889047
-13282.232065341314	10.0	0.9514846222195816	0.19440957510206464	0.3702821803073654	0.010332143597524109	12088.4379140622
-13282.232065394663	10.0	0.9514850034524833	0.19440998346432278	0.3702815584764646	0.010332086766779885	12088.438703334094
-13277.734529389334	20.517817119876273	0.830392133114326	0.1942652755911531	0.37242620251891556	0.010386378970661202	12058.622134721129
-13277.694807224494	21.698106321202843	0.8258072123587935	0.1955830459829899	0.3730182523484481	0.010439818033286455	12052.954343017318
-14105.416929625422	0.45840155457271103	1.2568708534330042	0.0018336685696326081	0.2702193440361173	0.002868275463479706	14511.728620688675
-13277.694453889815	21.764358307463148	0.8257047194979795	0.19564441787952064	0.3730427512912337	0.010442138696552755	12052.63079047778
-14101.207658475156	0.6141030545698404	1.41390367667795	0.00245647689052759	0.2656418353700956	0.0015347264599678806	14537.86573856551
-13285.554771033216	7.517026153079132	1.0287017253871154	0.19779307685956116	0.3697928319483457	0.010312764120327143	12094.897272968019
-13277.694199386468	21.869755284403485	0.825394483597547	0.1957840449682031	0.3730971592154821	0.010443807134805501	12051.994116588125
-13285.504701813756	7.545406956818108	1.026660780875337	0.1976813053850903	0.3696814972167409	0.010309323062357215	12096.971451919248
-13310.440563143955	1.2736205776383436	1.793714190443041	1.0	0.41472146930707526	0.014496795541725699	10602.008714362522
-13277.694256194287	21.826534708481823	0.8255155510144849	0.19573230631947539	0.3730785229215134	0.010442309397545705	12052.201398222105
-13277.69419386669	21.882549811353336	0.8253591108252712	0.1958034998859051	0.37310389820832096	0.01044319133306371	12051.896042125816
-13284.674282983538	8.050120998757487	1.0058488431083	0.19811108190079724	0.37011697153099526	0.010317230055950543	12089.726849034014
-13285.407189478232	7.599543073064285	1.0246605580424504	0.19791488466729046	0.36991488556013485	0.01031504266595092	12093.740554609047
-13284.867196939747	7.9236072621124345	1.0104340609737714	0.19811491560637215	0.3701150556736296	0.010324804005471956	12090.911663266097
-13285.54075505108	7.524782229803412	1.0280517717134006	0.19780410919020808	0.36980324881529264	0.010316344458093468	12095.153494740553
-13284.891285420023	7.9091668133161335	1.012624141785319	0.19848542664525878	0.370485353613968	0.01033963989681457	12084.89121863567
-13343.821887986356	0.9282472524365568	2.076768008598137	0.37776957838846953	0.3616891155270828	0.0098783581816918	12219.674688566603
-14100.201087587084	0.257283420288828	2.405590557922863	0.001028858819815687	0.2683989664563937	0.003842723787705878	14517.863107696405
-13281.520349620043	10.725555484555521	0.9334190212512485	0.19464740667172192	0.37064720702750487	0.010358909470190502	12083.140618204072
-13295.252531125157	4.22923192105423	1.2348882674331119	0.20881056592786773	0.3688106626728005	0.010255548838840415	12111.400278714988
-13303.711849558842	3.0	1.4029604265715607	0.21939824537354055	0.3680953036669208	0.01022050285982286	12121.367777038518
-13303.71183361926	3.0	1.4027545654244733	0.21938064833367146	0.3680822722560777	0.010215158789982763	12121.723902928577
-13303.71183416271	3.0	1.4028975270273605	0.2193933629088832	0.36809289460751027	0.010218525167869403	12121.465612103057
-13303.71211873018	3.0	1.4027402298647589	0.21934071569779146	0.3680882149245268	0.010214355289200245	12121.869904714595
-13303.71183466919	3.0	1.4027768115515415	0.21938318343066526	0.3680873763741075	0.010216028157134717	12121.661810240445
-13303.719681411965	3.0	1.4097159070468852	0.21595982877010297	0.3670977586953916	0.01017017236057572	12134.865261438239
-13303.711898957012	3.0	1.4031282868237274	0.21941048739690203	0.3681057509639316	0.010217059920424078	12121.087137515058
-13303.71183367952	3.0	1.402829239206557	0.2193871110031824	0.3680809614355649	0.01021552643079563	12121.628607204104
-13303.718557555203	3.0	1.406527639770318	0.21758982883095593	0.3675550263113941	0.010191524000086157	12128.413530420357
-13310.440564162469	1.2736736554476416	1.7936420287746953	1.0	0.41471686467377017	0.014496117276836184	10602.078631029619
-13303.711861283085	3.0	1.4029542738628726	0.21939407950205544	0.3680921423252163	0.010215326064851241	12121.409173875962
-13303.711865684534	3.0	1.4026499465534348	0.21937140980234734	0.36808110273912104	0.010217861358665727	12121.875218256744
-13303.719041681446	3.0	1.4122387300253816	0.21478777952934217	0.3667607620167457	0.010153201734578713	12139.469626797745
-13303.711849183874	3.0	1.4026662670616925	0.21937204893264184	0.36806914277743863	0.010215455205144698	12121.92374351878
-13303.711956488554	3.0	1.4032493062040714	0.21942220899187276	0.36811270421692915	0.010215964963685993	12120.876134800576
-13303.711853633922	3.0	1.4027744954187626	0.2193829786137077	0.36807014272619293	0.010213698907313143	12121.76268601781
-13303.711952848078	3.0	1.4023568104395667	0.21934729391544086	0.36805172360073496	0.010215140950152465	12122.439860086266
-13344.044293289819	0.9982656852713169	2.049443111650374	0.3563832419879056	0.36372350459379327	0.009968258921112277	12188.035385561046
-13303.719438029118	3.0	1.411032572327735	0.21533859190744975	0.36691518470447027	0.010161209242628437	12137.332607996605
-13303.719567476013	3.0	1.4105175579472826	0.21558477644540605	0.36699114273966277	0.010163989587327631	12136.323574339103
-13285.70843737408	7.434192761519754	1.0316329143331215	0.19757739077851155	0.36957698630379315	0.010313644721371886	12098.64841052875
-13285.820687685313	7.374127546992021	1.034945484640073	0.19766168456157665	0.36966132870059165	0.01030769852975928	12097.327998002782
-13285.39832548272	7.605370274389575	1.0243339629616683	0.19772866323605595	0.36972880332148605	0.010309401289749897	12095.765205387283
-13282.232066080905	10.0	0.9514846119696622	0.1944060668359062	0.3702799401548194	0.010331205839972511	12088.469108898687
-13282.232065440894	10.0	0.9514782731557725	0.19441301063166833	0.37028253406262146	0.010332531101000374	12088.426695837352
-13282.23206664754	10.0	0.9514867570248816	0.19441791171914458	0.37028842742191437	0.010331656504596037	12088.355616057459
-13282.23206785172	10.0	0.951489900949229	0.19441912917980708	0.37029056611581734	0.010331769573899096	12088.332703602959
-13282.232066069957	10.0	0.9514559634768106	0.19440897264634308	0.3702791827296673	0.01033178600070321	12088.498476101167
-13282.232065980907	10.0	0.9514568468447646	0.19441844705781927	0.37028390183121385	0.010332641500569825	12088.420503307732
-14113.647554919648	0.4087467761626167	1.093301944364826	0.0016349584685142423	0.2734055579844254	0.0017487517141531867	14493.778379944777
-13343.799792573835	0.9393107580800446	2.068139327907489	0.37626714302206643	0.36241261875847036	0.009899567767803057	12210.34359460237
-13343.80589190375	0.935003131634802	2.069156722591847	0.37744096004016536	0.36217358299327107	0.009874109876551632	12214.489263781496
-13285.833675640099	7.367578314502997	1.0362773292408989	0.1977123277653161	0.36971207384954613	0.010314871532446316	12095.463041366505
-13285.32352651971	7.647927264440759	1.0218927595028404	0.19787263564508883	0.36987292472896044	0.010304014704964507	12094.842465272039
-13288.614062667628	6.077139109169634	1.095469831354873	0.2015532155875536	0.3695532237402928	0.010300109665430787	12098.743221155799
-13282.232065409877	10.0	0.9514776783180373	0.1944091007711381	0.37028171988956854	0.010331845669070557	12088.45283471599
-13282.232082478096	10.0	0.9515146881683771	0.19442500395621656	0.37028873257214334	0.010336811571343208	12088.276811225403
-13289.426963379932	5.779736679947969	1.1161301813145807	0.20133707839222234	0.3693362824748589	0.010263666655296865	12101.98741408034
-13282.232066279512	10.0	0.951454015062645	0.19441496315242815	0.3702841167024789	0.010332706286756308	12088.441765407264
-13291.160532163854	0.045201188735846706	0.2893751121624672	0.9940450088044753	0.06751256753799521	0.017396730993078827	64952.832612400525
-13277.695358783598	21.62966410381348	0.8259345117449967	0.19554085665319118	0.3730036418823883	0.010439590855313909	12053.054046540457
-13281.56774912876	10.677196206052315	0.9362261487812154	0.19481838861153222	0.37081855395772434	0.010351959339005045	12078.973798979574
-13281.36177571395	10.908677932079613	0.928149307226134	0.19466619732440818	0.37066631724684695	0.010360594251030898	12084.040403444911
-13281.127222529685	11.193952595002694	0.9233192481890334	0.19502028263082422	0.3710198966682114	0.010375723250755075	12077.399377059075
-13277.694249216058	21.83000806314775	0.8255042444386482	0.19573725875987447	0.3730802309455507	0.01044257698418432	12052.180239651745
-13281.308965849363	10.970982474375889	0.9276214367574424	0.19501743989714282	0.37101737694505427	0.01036576257169817	12078.75891014336
-13288.019570547713	6.323780926560639	1.0812434191794662	0.20216161180993927	0.37016156813962103	0.01033011091034015	12089.646253321336
-13281.809102574085	10.414627481824533	0.940559824801004	0.19448416670321977	0.37048367424890866	0.010346037234913407	12086.17408437389
-13285.266387843236	7.68285578203195	1.022261859314295	0.19834705055998642	0.3703467736101789	0.010326084697096312	12087.16984190742
-13281.371389483236	10.898273749465325	0.9284189518434669	0.1945922605356591	0.37059086915520667	0.010360475075859856	12084.840867838731
-13289.624834057491	5.714195910843664	1.1208260369554264	0.20086470008515284	0.36886467130871603	0.010279766715393771	12107.345971482138
-13277.69419935498	21.882107511946813	0.8253324114872839	0.19580674989302668	0.373106229656787	0.010440980213199882	12051.902852730738
-13277.69439557853	21.779098526394797	0.8256801930029535	0.19566242566570913	0.3730528783518124	0.010441161863202148	12052.505663610662
-13280.816540158092	11.603334546507257	0.9152857631990422	0.1954907261801218	0.3714906942293177	0.010390264154514928	12070.534087963839
-13281.596335477303	10.651255967159308	0.9336259806881676	0.19415859114265666	0.3701584959975462	0.010311714682434695	12090.91931671269
-13284.831374096055	7.946691674477164	1.0110487900125924	0.1984472495869167	0.3704470111216213	0.010329530437082823	12085.1984496235
-13280.689102188317	11.764309491390634	0.9107794169568217	0.19522878862955997	0.3712287474878457	0.010383262915224317	12074.85738604648
-13284.910210093602	7.896285218738946	1.0127458701567105	0.19835147088150518	0.37035138875940704	0.010346816606689669	12086.909129680093
-13310.44056258116	1.2736557127774122	1.793672285535663	0.9999999999999999	0.414717268243524	0.014496086180648484	10602.048569842378
-13278.350930117082	16.691041601719906	0.8499399545291577	0.19321490855388426	0.37171110259957546	0.010403026736926326	12068.632630940396
-13303.711838826977	3.0	1.402722275676771	0.21937768242500347	0.3680724192362706	0.010215474055103738	12121.824872681806
-13343.802830000053	0.9400925914890665	2.0696244089498985	0.37425198359360967	0.3620199355197695	0.00987575124636866	12214.800085347071
-13303.711834060327	3.0	1.4028513543262617	0.21938873266318024	0.3680903100951087	0.01021515548125878	12121.54641266833
-13310.440562614935	1.2736581649786751	1.7937068788432455	0.9999999999999999	0.4147239280009213	0.014496540130682117	10601.957105870551
-14097.005258962185	0.3027978355921743	2.342845613718197	0.00121098061691709	0.27404342398426085	0.0017794584947106132	14470.418250865321
-13303.711857994012	3.0	1.4026639681268462	0.2193733761396651	0.3680614062937082	0.010214938619713919	12121.964446539136
-13303.711832743378	3.0	1.4028218776807313	0.2193870132456617	0.3680904161074443	0.010216417785195777	12121.582881338876
-13303.711838316442	3.0	1.402883928579659	0.2193910910236797	0.36808614747314816	0.010217811154472695	12121.527098845061
-13310.440591531604	1.2734463332423585	1.7936155386511123	1.0	0.41470071141973003	0.014489610718905917	10602.524594758961
-13303.711828191299	3.0	1.402817898664256	0.21938640346851113	0.368084288947816	0.010217035802547911	12121.624217297796
-13303.711957034317	3.0	1.4025048024065083	0.2193466345184731	0.36805686610919525	0.010214248550082095	12122.262750092077
-13303.711843140554	3.0	1.4029078599736884	0.21939413338184777	0.36809928459650765	0.01021470746442175	12121.415716392861
-13303.711841116055	3.0	1.4027042806894912	0.21937706947253277	0.36807026535813864	0.010215933178275401	12121.857874001918
-13310.440562450589	1.2736764829818237	1.793692476754971	1.0	0.4147227692479076	0.014496102583405269	10601.960473734473
-13303.719016619154	3.0	1.4122844896578304	0.21475810815514176	0.36674713842730117	0.010152073131207537	12139.63434345857
-13310.440588227524	1.273580637104667	1.7936662818854863	1.0	0.41469684893927894	0.014498038961411651	10602.246762331784
-13303.71953157044	3.0	1.4112863360721024	0.21510162245469333	0.36679917550055624	0.010150436484305093	12138.78912347503
-13303.711873511382	3.0	1.4025339277263649	0.21936240221283276	0.36806265766804946	0.010215409547238945	12122.135090972453
-13303.711857405866	3.0	1.4026452889630145	0.219369981261254	0.3680691494629816	0.010213319072953014	12121.95360818345
-13291.152956899394	0.01	0.07441683072336781	0.2764892910994944	0.017362570111864123	0.017396692183561095	252565.15810452035
-13285.836783081519	7.366087874080075	1.035606355121594	0.19755283375789479	0.3695517943913568	0.010319871170434152	12098.12987849491
-13282.232068487312	10.0	0.9514759816421245	0.1944264424141666	0.3702870125289643	0.010333258451135882	12088.333594360625
-13343.950888940533	0.9242563368571883	2.070988717085678	0.38684762240102083	0.363392545620319	0.009929337808427627	12200.405075738132
-13282.232067868656	10.0	0.9514943876309663	0.19442055941458686	0.37028672909976107	0.010333764830104088	12088.340331329979
-13282.23209343831	10.0	0.9513328431567412	0.19443495973904673	0.37027822675059224	0.010329836897022774	12088.540321726216
-13285.164405091782	7.741875406117969	1.019371889052281	0.19832082418264554	0.37032129632577404	0.010334916476004045	12087.663448860638
-13282.232073051582	10.0	0.9513861195209816	0.19442128804954828	0.3702797202534448	0.01033214129882812	12088.528983513335
-13287.00010132873	6.807169105367678	1.058182010583226	0.20215196784071568	0.37083643648362563	0.010390684375756652	12077.475108971385
-13284.745383396734	8.001819748895304	1.00848536372574	0.1983050735861383	0.3703050151410242	0.01032189846096913	12086.933058834673
-13282.23206582402	10.0	0.9514841002673257	0.1944130916084727	0.3702819349738502	0.010332214849939896	12088.421390934009
-13282.232071845061	10.0	0.9514860797666721	0.19443019363822672	0.37028746100737364	0.010332421330238406	12088.296913912516
-13282.232065318312	10.0	0.9514788171623313	0.19441296640261344	0.3702836822237794	0.010331991890090183	12088.419711333285
-13284.922595138847	7.894716678771914	1.0103687425833114	0.19770287240957407	0.3697116802705644	0.010312985654256281	12097.027084632198
-13284.96817776974	7.859802223438436	1.0137508646388103	0.1981591701207331	0.37015924518014626	0.010329153557349324	12089.766117434256
-13284.12540597044	8.433990856579022	0.9914243010083498	0.19883106337480708	0.3708346476121009	0.010355954668618977	12080.439130455708
-13282.232065327124	10.0	0.9514777585845263	0.19441163854923013	0.37028207464862267	0.010332286440166623	12088.437276811303
-13282.232065280406	10.0	0.9514793913841307	0.19441249238971778	0.3702832830652491	0.0103322198492533	12088.423653880734
-13282.238739067783	9.994386880433426	0.9517035461744127	0.1941398008508478	0.3701381105557352	0.010321344260301958	12090.598649644266
-13284.772920640786	7.983610564780544	1.0088519764263266	0.1984278752421404	0.37042792667443347	0.010341699146129186	12086.208344517396
-13285.324077265954	7.649274098141522	1.0216767088501502	0.19764909490721466	0.3696495770549062	0.010309455249842652	12097.398750037746
-13282.829123793224	9.477214824642413	0.9671382626227837	0.19475223467934355	0.370244923578394	0.01033823914100604	12087.124461686686
-13285.461700290522	7.571191778298586	1.0275717804713647	0.19822836557974283	0.37022802042818426	0.01032124340331606	12088.356354474234
-13344.044403842712	0.998494260874662	2.0498852196720008	0.356463718535598	0.36379655973175323	0.009974345865360982	12186.701978587094
-13284.887542804172	7.910504779878804	1.0123042127831867	0.1982795623140155	0.3702797485366632	0.010340699331970892	12087.413897451372
-13285.020913872122	7.827957586657809	1.0157815909979122	0.1983172099619294	0.37031731775047777	0.010354282404903884	12087.277833000571
-13277.698788410373	21.38305017403618	0.8267626970120463	0.1952178902067282	0.37288026978354843	0.010424684463741526	12054.527028794577
-13284.556606936401	8.126737060244094	1.0025901781402333	0.198377924263593	0.37037794714415817	0.010348310083569432	12086.97622104955
-13277.694210838144	21.856650913045588	0.8254121851528369	0.19577620103292018	0.37309552894120945	0.01044390948852697	12052.008546246243
-13281.904074488197	10.317687996512158	0.9431530894357216	0.19446022791419604	0.37045900080732164	0.010326671112160197	12086.441118057823
-13281.264314023032	11.027216375417398	0.9254523589646234	0.1945952379055556	0.37059533493098146	0.010336755408550379	12084.637575779347
-13343.879199188712	0.9433171711551942	2.080790281900571	0.36806857107800234	0.3612587509333558	0.009866621511789783	12218.620452588944
-14115.962996802802	0.2854201653767244	1.0042212579767378	0.0011355174523046377	0.27064452410416184	0.0024019344515249	14519.779255452955
-13285.002627487449	7.838628436981816	1.0147935729043034	0.1982498713889037	0.3702498526859397	0.010324900696995487	12088.678546350418
-13285.77856077577	7.3967716962424035	1.0349722045250327	0.19767896470594487	0.3696785734313251	0.010302594549825583	12095.60672101358
-13281.506298714683	10.741881919272824	0.9331780575057455	0.19462791163617046	0.370627423731715	0.010340475723518927	12083.118896734097
-14092.308641564778	0.29183734372951775	2.9941580914627286	0.0011673210317912173	0.27154594866881654	0.002581526838179736	14486.780866063113
-13285.188459093923	7.727882714904672	1.0197475976206056	0.19787071814525398	0.3698708442524961	0.010337197041217173	12092.761092459039
-13288.541059079784	6.105713124550218	1.0934375544293509	0.20165632760675312	0.3696562140335815	0.010298328081931457	12097.745033191602
-13281.352528077688	10.923599784629097	0.927791239076435	0.1944886448587054	0.3704884694729594	0.010374573329770488	12086.006812404275
-13285.260304418738	7.685413710636383	1.0197365145405037	0.1978527167589028	0.369852395925157	0.010305752490272872	12095.610014792535
