-12630.49467267526	3.0	1.5835773633795385	0.3258089952296242	0.2992128271694259	0.6743499904308206	0.015756280325022333	10416.823902593624
-12681.807661797746	0.703057523132766	2.190462037137436	0.32629468261009215	0.7002145483188035	0.6388077482573454	0.014534245870571586	10797.404677989754
-12743.202265791451	0.13595247384565673	0.769576431755779	0.8897810698708473	0.6846296605880718	0.2853105503687353	0.011503938358021862	26853.552000651638
-12630.494085656464	3.0	1.583116813813817	0.32535563978781784	0.29948322413472395	0.6737083829774902	0.015750931482971933	10418.057728132528
-12630.507158404012	3.0	1.5835409840614691	0.32489933100624985	0.2978199016725899	0.671811052080227	0.015713859418364284	10428.914964301266
-12630.494104739177	3.0	1.5829872299528078	0.3253566996151472	0.2994597214539603	0.6736546639971815	0.015746728973846987	10418.409920060612
-12630.507154332792	3.0	1.5835875031315154	0.32489685971123694	0.2978038425557249	0.6717893656216527	0.01571286206901151	10428.990364769905
-12630.494120553605	3.0	1.5832275389667456	0.3253653768810102	0.2995006498229333	0.6737008069585875	0.01574951593327923	10417.915358354772
-12630.494085483564	3.0	1.583124323045314	0.3253534042019996	0.2994919451135987	0.6737108069425469	0.015750291385414127	10418.012912585127
-12630.494650298726	3.0	1.583513448440938	0.3257893551335741	0.29922510983331657	0.6743130963222848	0.01575546105996843	10416.940749707775
-12630.494719346065	3.0	1.5831490032149844	0.3258328264217594	0.29921719461982066	0.6743059391084039	0.015752925315130516	10417.322850978506
-12681.807601687242	0.7031046881831238	2.1907843407657746	0.32629327619567366	0.6999643931148651	0.6387845659946542	0.014535713732246193	10797.239496205046
-12630.494087291454	3.0	1.5831637620262446	0.3253628434505664	0.2994834080969422	0.6737131604699632	0.015750353501929326	10418.000899703977
-12630.494679379144	3.0	1.583441460043542	0.3257812828312904	0.29919955380241553	0.6742298211480441	0.01575320301281152	10417.329444119367
-12630.5071559152	3.0	1.5835411453198744	0.3248913916752012	0.2978070528743388	0.671778874148707	0.01571217265569154	10429.05029347418
-12681.80769759706	0.701947374957033	2.1895245168055273	0.32638028881089487	0.7012700022753993	0.6388246633603896	0.014528411917234354	10800.158829362148
-12681.807691889948	0.7019799663828986	2.189470062475615	0.32640106460955065	0.7013117159155835	0.6388585363024936	0.014528266021891948	10799.979832199875
-12681.80761850408	0.7031891959314063	2.190768108538765	0.32629568460140934	0.7000722217529901	0.6388644179786577	0.014537656852807631	10796.656170560149
-12630.515003404525	3.0	1.583104741048315	0.32624475510719714	0.30092308195432954	0.6762300337671534	0.01579380035090477	10405.967139691686
-12681.807615315054	0.7031556938790203	2.190618269284477	0.32625938029283486	0.6999954611708064	0.6387752807395791	0.014535120361400044	10797.310425114001
-12586.157088250722	10.0	1.0553085291147204	0.3397538601862982	0.2716389532689705	0.7137503352453434	0.01645640769975786	10230.255100393264
-12586.229133868703	10.0	1.0530171804622415	0.335428954106011	0.26473429323612147	0.6989503078544658	0.01620488543625945	10299.841911976575
-12586.087068960724	10.0	1.0545926905023086	0.33831143646910006	0.27013219764053875	0.709443929393155	0.0163890540862865	10248.371856230728
-12586.087083204107	10.0	1.0545155666193187	0.3383349193145076	0.2701166401824023	0.7094036939333774	0.016389407518739497	10248.641719673566
-13766.924760302649	0.26967869021226887	1.3557158437057806	0.23938022426682654	0.0010787183636688654	0.34449750952528846	0.005100682350805195	13989.782759821099
-12586.0765953304	10.0	1.0540097315572121	0.33736856580608876	0.2683286463884414	0.7059324760350747	0.016327639084286357	10265.530504071105
-12586.07660557602	10.0	1.0540578918409576	0.33737218360497745	0.26833780641036564	0.7059479116328359	0.01632601142522133	10265.388878644811
-12586.123544259994	10.0	1.0535256745181105	0.3363916910344055	0.26654264467103256	0.7024361881764513	0.016266464125599272	10282.574130746681
-12586.396707771512	10.0	1.0527930629936022	0.33496440389132204	0.26264438580632643	0.6962398416240306	0.016148731395836783	10315.956666738106
-12586.123540879778	10.0	1.0535432045915551	0.33640071919668946	0.2665386203562626	0.7024577035242988	0.01626587180649712	10282.51015919246
-12586.079484831775	10.0	1.0541628981115143	0.33788171872557715	0.2680386630895403	0.7067189351686118	0.01633503415427199	10264.417829388794
-12586.123540743269	10.0	1.0535309263915547	0.3364075340854415	0.2665244884589845	0.7024299610487528	0.016265505850893938	10282.656024604801
-12586.076598869837	10.0	1.0540564280470095	0.33736863343887363	0.26832937840205956	0.7059362707642136	0.01632931780634276	10265.455007786406
-12681.807647787333	0.7030577388634023	2.190869633016947	0.3262414547957151	0.6998810760355936	0.6386975986526034	0.014535154212296909	10797.649663177432
-13668.844044475069	0.41167943992365996	1.2867434493733745	0.38191394336452367	0.0016468266232960921	0.4052274012021741	0.005368171593287663	13630.8957129971
-12586.076642447899	10.0	1.054091347420931	0.33734236236795706	0.26831737609634454	0.7059481695764233	0.016327688886364662	10265.42515709696
-12586.087083413022	10.0	1.0546500557699425	0.3383100474277876	0.2701255871861126	0.7094778396799114	0.016388359851722482	10248.232913619442
-12586.231513187056	10.0	1.0532055405905227	0.33593936203992303	0.26442452555954904	0.6996842296631186	0.016209139045460015	10298.902877375305
-12586.229133085155	10.0	1.0530364306766251	0.33543019221416753	0.26473082752739097	0.6989483590843474	0.01620453480250371	10299.835167120713
-12681.8090605932	0.701501827785459	2.189053687033559	0.3268849943505197	0.7023766488062548	0.6396302293487091	0.014537924020283786	10797.827472227948
-12681.807705821133	0.7019520523100508	2.1894809111933293	0.3263941378061263	0.7013810247337268	0.6389047004311121	0.014528493765330781	10799.800209072075
-12574.167522955848	17.31480717785176	0.9043948339945057	0.3418350852756715	0.2619169152965302	0.7163346875471027	0.016346350078911845	10224.401306835893
-12552.398162938836	93.68901244628128	0.6343025118581385	0.3523031494865759	0.25670325230847446	0.7484562794642353	0.01700647525253033	10085.011265705754
-12557.174101606768	57.54711524289602	0.6929273137134953	0.34787972463548983	0.25462735636724676	0.7332022163279913	0.016768097184431528	10150.193719044151
-12555.57598522915	66.80811698853668	0.6740417303521763	0.3493158213867566	0.256239774978979	0.739096537304765	0.016872987153498872	10122.027308840468
-12681.807693102357	0.7019520234134821	2.1894631583261575	0.3264043575006843	0.7012928457755527	0.6388477374110066	0.014527235226768274	10800.11420460839
-12565.00552987758	30.30884809173124	0.7931157599931236	0.3455671973694099	0.2590938637818771	0.7282127010540259	0.016690661650322687	10169.413910166992
-12556.94302579455	58.490314374291586	0.692465262089369	0.3500614822646312	0.25836828722982236	0.7423139975996005	0.01691220440315944	10107.492315624706
-12557.266981301455	57.04721999813738	0.6941858436121111	0.34784944355977826	0.2546670615771109	0.7332251598446172	0.016768668258260275	10150.12021323096
-12556.5211010792	61.263947630278025	0.6847225535498075	0.3483534560384515	0.25431979779987773	0.734541640990835	0.01678495797069204	10145.65095559432
-12681.80760879736	0.7031150747721231	2.1906048758114345	0.32629970251985185	0.6999340390665815	0.6387431357876048	0.014534686512814804	10797.604662474081
-13652.718052735996	0.5338435310230654	1.7009778715715669	0.394473064698851	0.00467044290885097	0.41141093547125357	0.0058162938550449066	13584.254735140908
-12557.134196186256	57.43541444965599	0.6942173766535291	0.34867224976247585	0.25675502825303864	0.7375976243991841	0.016846326083121296	10128.114560525435
-12576.828507825561	15.191498119444972	0.9397186529010926	0.3434725337748915	0.26856875466254004	0.7255668907468854	0.016670568501813	10176.910232078353
-12555.882494997937	64.79148800431277	0.6779609659555026	0.3493206771069771	0.2562476246686014	0.7389167478965544	0.016865923812925347	10123.482876035496
-12559.052650929309	48.54279450684451	0.7168504846289324	0.34669495041130305	0.25549614282461175	0.7306355101696546	0.016734758176891105	10159.045784736789
-12681.80904994076	0.701553866901629	2.1890728110583297	0.32687767924142763	0.7023956431030886	0.6396662997767193	0.014538279240327391	10797.52667345435
-13750.452250847173	0.32811846783334464	1.2150587701823443	0.2580901631248463	0.0013123836281578036	0.348839566951172	0.0044194083658096375	13964.20371614139
-13680.062376709933	0.3423234377295639	1.0219929843750315	0.37853437173059606	0.0013690503741582954	0.4083848757644469	0.005334257605433405	13623.183772275906
-12559.521471493488	46.381106164981624	0.724385026793482	0.3474010815329799	0.25764828331241185	0.7343160898281438	0.016806890863119046	10140.757829182892
-12630.515003856359	3.0	1.5830933630624027	0.3262481733266323	0.30091972977873177	0.6762306351536534	0.015794504568242662	10405.987878294427
-13670.821487610769	0.3873237167880747	1.1104257567747111	0.415471123359744	0.001549281421169913	0.42912132985669954	0.005948981779700166	13510.3137869843
-12630.494654779794	3.0	1.5834365223027869	0.32579277066147805	0.29922019449694914	0.6743113965022627	0.015754089419921704	10417.033415835907
-12681.807704879004	0.7019839317027876	2.189539319750793	0.3264043459612668	0.7014128185912628	0.6389236374821621	0.014530223980295562	10799.554648660709
-13672.415116090953	0.5038079104744653	1.040461720349811	0.41579266604860843	0.0020152106140208965	0.42418509707547225	0.005690676354625286	13538.400390173954
-18394.831521806227	0.9643031542747008	0.05382033272431726	0.15405463832375785	0.003856329559388918	0.12967774717600675	3.614376382820166e-07	17675.603788071563
-12630.507169066266	3.0	1.5836160229058693	0.3248843939708214	0.2978208035136187	0.6718350486632452	0.01571453050594006	10428.775725847747
-12681.809212018445	0.7016479463349614	2.1897312038306387	0.3268465948473843	0.7023798390259635	0.6397369494385843	0.014543570211717703	10796.278964088382
-12630.494086297767	3.0	1.583156907759323	0.32535407604883143	0.2994853696542402	0.6737172336896041	0.01575058218942314	10417.988703565317
-12630.507153721544	3.0	1.5835895760740784	0.32489535467475267	0.2978051585140228	0.6717996429969963	0.015712047850602866	10428.955006251135
-12630.507154230272	3.0	1.583560092843303	0.3248990493445847	0.2978067410845734	0.6717934797573102	0.015712840769937095	10428.993597265786
-12681.807639408144	0.7032370093952762	2.190572663374549	0.32626009861395966	0.7001151659169788	0.6388351957507676	0.014532902286689848	10796.830527642484
-12630.508144821722	3.0	1.5825768218061487	0.3250039761544325	0.2975403664178782	0.6714850447634199	0.01569421691973665	10431.707657653144
-12681.810008878498	0.702657981251346	2.190226892693606	0.3268258452219032	0.7012233898461222	0.6397021807076166	0.014547369011286846	10794.441726228082
-12630.49408514498	3.0	1.583102985164502	0.32535716176601986	0.2994846095918659	0.6737025842105815	0.015750385801503845	10418.081599616122
-12630.494658421663	3.0	1.5835089714243595	0.3258006650948689	0.2992388480159123	0.6743315631777361	0.015753919379447694	10416.84457260711
-12630.514152601987	3.0	1.5834086236128402	0.32437792812170135	0.29813766899587396	0.6711467264507598	0.015704060228669325	10429.741275883238
-12630.515003759923	3.0	1.5830389155253912	0.3262428437284221	0.3009259031637586	0.6762300904746628	0.01579414014718366	10406.017298034612
-12630.494103017762	3.0	1.5832516206543368	0.32535085328041397	0.29946691689077803	0.673696634606942	0.015753050069159936	10418.025297064512
-12630.507154997362	3.0	1.5836169644215592	0.3248954845450683	0.29780173093154677	0.6718049583854748	0.015711873112118607	10428.927421328228
-13954.444880928186	0.2882595264956291	2.024031649345302	0.08739616374635546	0.0011533156581713343	0.2948075610318406	0.0031571386449208306	14317.929122349307
-12681.807602324123	0.7031369973143016	2.190613766247825	0.32629409588491204	0.699998816921182	0.638786646860963	0.014533050973591179	10797.318808167896
-12586.157130892583	10.0	1.0552795976248148	0.33978542105794063	0.2715993319531526	0.713715073322323	0.016457463246170492	10230.54236684171
-12586.07670678615	10.0	1.0539499891494035	0.337436082762949	0.2682848677660579	0.7059036579252989	0.01632655738020884	10265.860212213904
-12586.090193589467	10.0	1.0547249456155992	0.3388181841855129	0.2698437983412812	0.7102240982043259	0.016393762358669274	10247.295791540908
-12586.12353945473	10.0	1.05353113668649	0.33640900418341635	0.26652785044345284	0.702441105665071	0.016266801036557702	10282.61305059506
-12586.123538769654	10.0	1.053496757795729	0.3364093554107721	0.2665231217759736	0.7024314163757426	0.016265747831533343	10282.703351122163
-12586.076598938285	10.0	1.0540354260388733	0.3373753639412274	0.26833103408553777	0.7059525918457389	0.016327448509304537	10265.43371046528
-12586.087070025766	10.0	1.0545391410097822	0.33832034882339096	0.27012313078686623	0.7094428699426064	0.016389051820907025	10248.482569654092
-12586.231487963587	10.0	1.0531994440244379	0.33594644440951793	0.264446665439904	0.6997310957274759	0.016210571727909327	10298.700259516381
-12586.08706775197	10.0	1.0545711893644172	0.33831750699425994	0.2701258690379719	0.7094366620522533	0.016389479012401256	10248.44480391342
-12586.126172326738	10.0	1.053679486790075	0.3369032158803195	0.26625420711526954	0.7032274872054085	0.016272188212012643	10281.443452229973
-12586.09023010775	10.0	1.0547231079119737	0.33882366091714666	0.26985039685408185	0.7103009611961162	0.01639689138631395	10247.071616680692
-12586.27898468694	10.0	1.0559433795924584	0.34066969992972956	0.2734327837503487	0.7172700546505357	0.016517755521113644	10213.29164813707
-12586.123555145696	10.0	1.0534737897848596	0.33639457004552087	0.2665237603850629	0.7023931400823559	0.016264919238410298	10282.832087410874
-12586.076595585373	10.0	1.0540333099117163	0.3373649253441613	0.2683310167177454	0.705942214009942	0.016328088638258333	10265.463924362106
-12586.076661676116	10.0	1.0540044562678073	0.33737737447649463	0.2682771819718367	0.7058659922120826	0.01632398860632216	10265.917270890694
-12586.229153976688	10.0	1.053060162934616	0.33543042465659695	0.2647104536414345	0.6989490888743423	0.016206729752716077	10299.881938671235
-12586.123565540853	10.0	1.0535526443363243	0.3364155614600201	0.26653395726518925	0.7024602031214007	0.016271892333721054	10282.509898680317
-12586.15708802594	10.0	1.055313476147862	0.3397510706335871	0.2716403326607324	0.7137489107675241	0.016456327697503628	10230.2467825418
-12560.300442939966	43.70108478938465	0.7347178379150897	0.34968671205232965	0.2613599503193317	0.7428724631719607	0.0169356616206191	10103.60019752796
-12554.48967027376	75.19338212172504	0.6586874414275407	0.34902366023071524	0.2537230620524055	0.7365196085737474	0.016821665121863293	10136.736333766352
-12553.595625951273	82.05940355100353	0.6494300979559396	0.3517935906276297	0.25707406500733615	0.7468104532405102	0.016985638409719166	10091.623480111542
-12565.29327572188	29.697450876309837	0.7969769207735345	0.3451029728355915	0.25943601659337784	0.7274451970554953	0.016683330793774234	10170.558168963858
-12556.456886561073	61.29923232903315	0.6851189662020021	0.3487487456767331	0.25658433573880624	0.7373261475103307	0.016841466166172294	10128.05540859097
-12559.957755713496	45.002217069554895	0.7303465592500016	0.35023640162543807	0.26099491757491766	0.7439667463085503	0.016948648292028783	10101.093011449146
-12566.608200346554	27.152962306918823	0.8123022071033522	0.3448011420684017	0.2595960577811432	0.7251681272358101	0.016670770130353875	10182.147265985808
-12681.808076690697	0.7035411002328724	2.191001904223088	0.32623186292104284	0.6992544888949294	0.6385871134911972	0.01454029584454378	10797.320064130978
-12551.876781492898	100.0	0.6276856565637028	0.3531880235061287	0.2586228518996446	0.7528544157487778	0.017090248264805888	10062.964369712194
-12559.66301621472	46.039836331938076	0.7243336202980107	0.34673244570863904	0.2554482858417892	0.7300684758688217	0.016717196652009887	10163.275813827517
-12558.358802727555	51.694250868021186	0.7105928301987018	0.350662636163319	0.2606862101330217	0.7461618851511342	0.016970050840970023	10090.652400224199
-12681.807692151073	0.7019753206027723	2.18948942507091	0.3263918062463887	0.7012996699245595	0.6388457052313926	0.0145282627008011	10800.026596915344
-13670.301240736335	0.2877334485012993	1.532298798064744	0.3720491508168105	0.0011509047961881565	0.4034722120073704	0.005448632471759058	13638.98222917736
-12572.288933810172	19.359742211028912	0.8835129737132761	0.34551094260939413	0.2668818830857546	0.7311079945952096	0.016726243450800902	10152.472926391023
-12586.839201082634	9.732710327184323	1.0576697332441687	0.33927490865357546	0.2690832028987108	0.705880349573472	0.01628971978570922	10271.60123426266
-12551.845723201988	100.0	0.6262885233888434	0.35153730057632626	0.2545340397197832	0.7444539359712748	0.016942485751683212	10104.06616911718
-12565.092752855326	30.144473381394256	0.7954353872340217	0.3459159210793131	0.26144404661302856	0.7318482329000412	0.016729029718576004	10148.349162419428
-12555.76420095639	65.55412319971497	0.6771397475289233	0.35070017174908885	0.25794948996935135	0.7439255884419369	0.016945030155512172	10102.03408794017
-12558.306843061018	51.62484759800467	0.7091953777736204	0.34909561716944787	0.25902914648477643	0.739667121382228	0.016886610122082146	10116.873079984474
-12551.83033530758	100.0	0.6269479625689247	0.35188549317834084	0.2568669285596645	0.7477492105178634	0.017008317068231943	10084.534115523507
-12630.49465976623	3.0	1.5835086258945066	0.3257972002293629	0.2992282574582207	0.6743159753990189	0.015752269100060282	10416.926030148
-12630.507170568502	3.0	1.5834706804270484	0.3248905822588018	0.2978126825983396	0.6718093903856572	0.015712907928290703	10429.009161341231
-12630.494085914943	3.0	1.58312739869959	0.3253568045353222	0.299492356578039	0.673708154831529	0.01575056731665949	10418.01605802245
-12630.507153690287	3.0	1.583573138563689	0.3248952894197993	0.2978065954597626	0.671792563101221	0.015712441597804844	10428.98464522702
-12630.49464958333	3.0	1.5834983948649022	0.3257894844344757	0.2992312729191954	0.6743075645445726	0.015755834920732712	10416.947881171434
-12630.50722014034	3.0	1.5837010547571082	0.32489772888476454	0.2977566963184044	0.6718004707213557	0.015706007344139152	10429.024174751117
-12630.50718853803	3.0	1.5833887988963569	0.324912027231849	0.29775765068663	0.6717590749550819	0.01571037675640114	10429.42164842396
-12630.507159034834	3.0	1.5835747801417914	0.3249083187409796	0.29780079779729285	0.6718195834863834	0.01571231182073051	10428.928821741316
-12630.494671806706	3.0	1.5833313981152726	0.3257698533368315	0.2992440672467	0.674282259787514	0.01575579521646985	10417.12492300295
-12681.810009949031	0.7025956975146017	2.1901714126096086	0.3268310872198904	0.7012997140660193	0.6397141000259765	0.014545983229194552	10794.542159990813
-12630.507159433098	3.0	1.5835522510341737	0.32488295631625846	0.29781134726518566	0.6717762231052441	0.015711151578099776	10429.031939148812
-12630.507154260042	3.0	1.5836074895058465	0.32489426852196224	0.2978055277142974	0.6718058004144717	0.015712461358630428	10428.920110750947
-12630.507156554348	3.0	1.583640585662698	0.32489063091432163	0.29782044442344036	0.6718131714856689	0.0157128274518834	10428.81596346377
-12630.507153827013	3.0	1.5835916851884129	0.3248943943346676	0.29780464147517194	0.6718009867805484	0.015712718810138856	10428.951139020857
-12630.494087224419	3.0	1.5831272967818633	0.3253499108414493	0.299497331039956	0.6737072114354008	0.015751363959841922	10418.000909730337
-12630.507155454727	3.0	1.583599662741317	0.32490295552255766	0.29780750960781305	0.6718093325252714	0.015711996300173947	10428.910621914707
-12630.507159945217	3.0	1.5835176771776456	0.324895944338445	0.29782361335620927	0.6718078036293683	0.01571201289477276	10428.931924064707
-12630.494088841831	3.0	1.5831434055262805	0.32535507042413875	0.2995019649728349	0.6737146695542685	0.015750110404419378	10417.948914095856
-13880.711422574408	0.3758322005641813	1.0316442549690836	0.15132922429602144	0.0015027931871294071	0.3181078908644213	0.0042043408379092585	14170.346297498329
-12630.49408817895	3.0	1.5830598813160834	0.3253536682245785	0.2994916814014306	0.6737018176863951	0.015749341058781098	10418.097867505861
-12586.153744421768	10.0	1.0551759060256172	0.3392566323997521	0.2719183229240776	0.7129503681313073	0.016449786555535226	10231.420122197102
-12586.12617037132	10.0	1.0536742242590458	0.33691179006471367	0.2662519585110745	0.7032166890312237	0.016271575768906	10281.48819753074
-12586.090191899833	10.0	1.0547270314858226	0.3388191379081653	0.2698418250838587	0.710228991723158	0.01639493532103573	10247.288115271354
-12586.087067730345	10.0	1.0545623265320399	0.3383204492950011	0.27012021649323814	0.709433066375169	0.016388420285846153	10248.488626446882
-12586.076655352888	10.0	1.0539171354509678	0.33734973609440994	0.2683418701519213	0.7059479998680904	0.01633189810503125	10265.561422679013
-12586.08707052104	10.0	1.0545869069683425	0.33831862864238355	0.2701286963763161	0.7094517888366967	0.016390930004684234	10248.372842347422
-14085.672354120765	0.6005591528654773	1.3803173985859607	0.01018819795117194	0.0024021788055691978	0.27663774868827756	5.783917520981392e-05	14452.672293003297
-12586.087073252746	10.0	1.0545038255033294	0.33832680549024124	0.2701194397434274	0.7094174014487042	0.01638845448781241	10248.610945194789
-12586.076595013225	10.0	1.054029031171459	0.33736865097091606	0.2683274814388069	0.70593756142643	0.01632760835018267	10265.49593026206
-12681.807706916432	0.7018703907680762	2.189461327858379	0.32640656283875025	0.7014584048521506	0.6388989368975839	0.014528854976894653	10799.97281130744
-12586.157103221505	10.0	1.055356792214626	0.3397617498167602	0.27162771803477087	0.713765266521431	0.016458906562936332	10230.196096723508
-12586.126169215207	10.0	1.0536622538408325	0.33691325039415293	0.266243405080044	0.7032131671585694	0.01627207900570876	10281.547361158777
-12586.157091064426	10.0	1.0553005640527133	0.3397505508141959	0.27164295792596505	0.7137416621411184	0.0164543524245332	10230.272400130258
-12681.807618166173	0.7030802489503504	2.1908101603106664	0.32627577579210726	0.6999549276689568	0.6387437841027162	0.014532423282732796	10797.426237569716
-12681.807768959326	0.7018497956306056	2.1893042358711883	0.3264682931730985	0.7015809911421276	0.6389847757728001	0.01452903254201957	10799.779381933364
-12586.153748537157	10.0	1.055168116303922	0.33924383882684833	0.2719286069032721	0.7129449467296552	0.016450708623531717	10231.404319440939
-13666.968496614545	0.597419241541166	1.3483709553726513	0.37718719285984537	0.002389514143745353	0.418477936394087	0.0050552953916387	13551.849657360552
-12586.12353806857	10.0	1.0535150594255982	0.336406773506941	0.2665290104897938	0.702441716009804	0.016266142304969783	10282.62826979124
-12586.076595213604	10.0	1.0540258938807026	0.33737113003921887	0.26832408365599314	0.7059345476714459	0.01632773816309599	10265.521571054544
-12586.079531127962	10.0	1.0541156665600226	0.33790130725402767	0.2680319038297838	0.7066794783124701	0.016328399380483888	10264.611386284061
-12559.462705061509	46.615898715893465	0.7231769973978356	0.34768595756509657	0.25740729581749944	0.7341690676871189	0.01679661895765412	10142.841945314869
-12579.573059167462	13.36986287072738	0.9703964521821811	0.3368282530371753	0.26072832672656143	0.7025622034828845	0.01629897135409048	10281.135410255773
-12561.955353230609	38.00338730429409	0.7546530915169415	0.3470595034350773	0.25796395739672656	0.7316356489152122	0.016742034390683072	10155.322305892898
-12558.315426536974	51.540135711420795	0.7090327055552508	0.34811234748144937	0.25714548444377244	0.7359332362256462	0.016818620216378945	10134.94565538283
-12558.91760274316	48.89672468550297	0.7175444584478201	0.3493017515525932	0.2590332169613651	0.7406531520179988	0.016891675252192515	10115.30702629154
-13699.120770212348	0.3796712950916339	1.1034847950058302	0.32724353743394075	0.0015178429731312476	0.3812071206988711	0.004629882611168909	13771.773126013857
-12555.706768622298	65.92900995280344	0.6764166550666468	0.35074147586639254	0.257907071648301	0.7439087093336805	0.01694961127358945	10102.042601066561
-12560.595503841696	42.44091221792187	0.7365118289801225	0.3482824206080565	0.2571182391914894	0.7344425906538004	0.016755144586403616	10148.648929872526
-12559.84933214488	45.110337778462664	0.7278177095588793	0.3478615309733948	0.2572539745886007	0.7335862146374936	0.016761813826575156	10146.698711165605
-12561.87473811397	38.26562718697497	0.7542876149254283	0.34789787476565587	0.2599352661602332	0.7361466629758724	0.016827037901235874	10134.090855604387
-12681.80762079174	0.7031774292871611	2.19086228330686	0.3262690738434785	0.6998634366983245	0.6387411082544933	0.014534605818220503	10797.225491758283
-12551.830329220413	100.0	0.626950766899713	0.3518749831891932	0.2568679334876555	0.7477547852383944	0.017009876882343282	10084.510687103453
-12563.402100446081	34.038108794702595	0.7733823374890553	0.34575793893842716	0.25885722535328015	0.7295918491825831	0.016717826778062123	10160.676925930147
-12681.810090225947	0.7027462475365438	2.1904238630633155	0.3267872134259544	0.7014192772530128	0.6398370200270966	0.014548319589119363	10793.312970769848
-12573.963146715869	17.47854788933004	0.905381951852822	0.34247385575469763	0.2641448290103328	0.7209686275355158	0.016570192195608433	10197.795435827426
-12681.807626209275	0.7031317580607636	2.190453196351536	0.3263209687438379	0.7000163507230491	0.6388089430364551	0.014536496525053517	10797.4222014282
-12553.575894033564	82.24824684414445	0.6495925140366179	0.3517461063772398	0.2571713924435437	0.7474340384350571	0.01699064750317501	10088.659603080623
-12561.564133496775	39.2153074526232	0.7507743078685521	0.34776252404526725	0.2600673692317764	0.7363888861414646	0.016830146309956943	10131.110720071649
-12569.571004164241	22.725746344339008	0.8461342818978794	0.34158794674762355	0.2569391487741511	0.7150147820115611	0.016479794545031307	10230.549536966422
-12551.882748223876	100.0	0.6276393251023942	0.35362307700231044	0.2584038184060018	0.7538551584784686	0.017094558387265653	10061.5472491869
-12630.515005070662	3.0	1.5830173171223068	0.32624555456006904	0.3009188634570627	0.676212516512713	0.01579236969501861	10406.11099439541
-12630.51501869704	3.0	1.5831293181931014	0.32624735526386744	0.30094405157644166	0.6762878106026659	0.01579480299373544	10405.709426680387
-12630.5071551685	3.0	1.583564901364622	0.3248958239671996	0.29779330350830263	0.6717796455948595	0.015712143982838708	10429.075716260833
-12630.507154616516	3.0	1.5835412731604441	0.32490188708969175	0.2978042644669752	0.6717943253400077	0.01571253460112313	10429.017338964248
-12630.507158548879	3.0	1.5835547124117828	0.32489483649760875	0.2978168375842338	0.6718118666821579	0.01571094591074014	10428.910939207233
-12630.494099993903	3.0	1.5831556502392972	0.32538217145113	0.2994791816448997	0.6737351205333342	0.01575049312364018	10417.962548101668
-12630.507157267908	3.0	1.5836529081618478	0.3248979158519291	0.29780290406603005	0.6718026556922074	0.01571387889355856	10428.896983445717
-12630.507389566674	3.0	1.583361169732882	0.32492901981379824	0.2976519382386373	0.6716977332174433	0.015711083070122502	10429.996486835447
-14056.333829738469	0.6795478600860426	1.0879992244011303	0.03148993401085018	0.0027181724280373135	0.27769679029465577	0.002636930197439094	14458.43909379289
-12630.49464991116	3.0	1.5835007631848557	0.325785973189066	0.2992325911010771	0.6743166401916398	0.01575532272421157	10416.915700851856
-12630.494663934958	3.0	1.5836421703337933	0.3257838701367322	0.29921682824568213	0.6743208353561984	0.01575607259601512	10416.831073014328
-12630.50716239361	3.0	1.5836229086717342	0.32488871172872963	0.2978240505390778	0.6717964779835263	0.015714712077549067	10428.865783738409
-13661.889608240472	0.29661444434398526	1.7270256589752306	0.3957355702410524	0.001186253179065384	0.4149192915994537	0.004889204558810472	13574.421648790285
-12681.809048982248	0.701570744095066	2.1890296630738244	0.3268685912851374	0.7024305522135322	0.6396745851705619	0.01453899026711757	10797.471683489686
-12630.515002898568	3.0	1.5830787615890671	0.32624356290615736	0.30092781775350547	0.6762361266602578	0.01579377316221108	10405.95715473469
-12681.8077057128	0.7020208306778263	2.1892838058141653	0.326405786608392	0.7013858583153825	0.6388852196009115	0.014527891177428786	10799.929627693578
-12630.507157842276	3.0	1.583520908262292	0.32489757074614023	0.2978075212520931	0.6717816463061943	0.01571077919129501	10429.059555016884
-12630.50715399605	3.0	1.583606258987073	0.32489326772563015	0.2978049923252561	0.6717933167821738	0.015712299700485363	10428.957987820935
-12630.507163726079	3.0	1.5835551828225656	0.32490928972855754	0.29781977851923946	0.6718315149744263	0.015712141022626653	10428.845651452131
-12630.494089866032	3.0	1.5830533893944925	0.3253534188341309	0.2994825912064287	0.673677170891003	0.015749827978885907	10418.204917150806
-12586.079484437563	10.0	1.054152661113441	0.3378740286636678	0.2680492449640409	0.7067179617288653	0.016332654097198945	10264.391960546433
-12586.07659847447	10.0	1.0539945554910175	0.33737537191342576	0.26831509794305536	0.7059304647072392	0.016327804403719583	10265.610112131446
-12681.807679363888	0.7031067066978292	2.190912348106934	0.3263204205810891	0.6997529096367542	0.6387125713010695	0.014535609424995231	10797.553934652344
-12586.076595241213	10.0	1.054027638605464	0.3373686500932146	0.26832852736305934	0.7059417276242567	0.016328015052868988	10265.482700382023
-12586.278983621693	10.0	1.055930831729714	0.34067025211889485	0.2734405709074839	0.7172768684744679	0.01651776123668922	10213.259503315581
-12586.087069957395	10.0	1.0545826966564098	0.3383121819673868	0.2701265285133324	0.7094374669576579	0.01639042028258934	10248.424845383986
-12586.123538134558	10.0	1.0535058971355475	0.33640691543043316	0.2665299491672089	0.7024429498515408	0.016266128113624854	10282.633548710734
-12586.123539768287	10.0	1.0535231993559278	0.3364080341210443	0.26652262670535415	0.7024319721152706	0.016265895624556347	10282.668449899717
-12586.231602318212	10.0	1.053084923657092	0.33593839688435784	0.26440771004095504	0.6995948326074845	0.016210014446411677	10299.366610166473
-13669.675310487868	0.5475063224388415	1.2815039445627878	0.46100925262140335	0.0021690290259118923	0.4573239140188091	0.005686253759408396	13360.799785510477
-12586.279027752373	10.0	1.0558753195252926	0.3406674745057967	0.27346024393637536	0.7172563062484455	0.016511971150279185	10213.30810121994
-12586.394645933922	10.0	1.0526070790840811	0.33444573636977454	0.2629330997871683	0.6954710087820668	0.016142745139937617	10317.064608920733
-12586.090209540262	10.0	1.0546920501193935	0.3388339380785883	0.269852669463614	0.7102530429392725	0.01639583177871905	10247.228598301708
-12586.076600719865	10.0	1.0540385650007555	0.3373648937976934	0.26833372786431164	0.70592214462621	0.016328183656818814	10265.498695698598
-12586.275439144025	10.0	1.055786651950949	0.3401757488567416	0.27371932002751886	0.7164759836248411	0.016511191675351904	10214.445843161337
-12586.076594966531	10.0	1.0540235472636004	0.3373688993604181	0.2683269733119555	0.7059347357373525	0.01632758472373357	10265.512719505547
-12681.807672077386	0.7031434279021592	2.190387952660573	0.3262925830553662	0.6998730548818265	0.6386603328611933	0.01453091220399529	10798.14960284157
-12586.087067419012	10.0	1.054574550012554	0.33831824235848457	0.2701257112707321	0.7094391618168783	0.016388779272971984	10248.434365380279
-12586.07659632576	10.0	1.0539944203396796	0.3373719945660489	0.2683274633232034	0.7059377298978441	0.01632748957685968	10265.541947965048
-12586.087068946517	10.0	1.0545813078399462	0.3383188479889398	0.2701213301998639	0.7094373675312634	0.01639029676526593	10248.447498641766
-12559.00519161131	48.515863396447806	0.7174178902715879	0.3476065896769326	0.25746024585268423	0.7344864533939298	0.01679795431338433	10140.106901119736
-12555.800166867084	65.7753087351251	0.6755349000072259	0.34832689797479505	0.2543922464347243	0.7350681923227067	0.016884475985817278	10141.538080698234
-12552.644359035025	91.08057142348544	0.6371411168274126	0.35185048193922314	0.25693788045276433	0.7469673161781843	0.01698919303654709	10089.264630270614
-12552.57246775326	92.45008634063225	0.6363198028781356	0.3527854476311091	0.25868555952590944	0.7512002663243161	0.017039164442507058	10069.196924571357
-12569.801098909322	22.170710173812733	0.853234795162616	0.3427351835860676	0.2612230261811216	0.7217349324581475	0.016600961999234748	10193.384601284826
-12555.320327955855	68.98743378493933	0.6714905839948062	0.35156812809108917	0.2599682633739363	0.7486568230279407	0.017034411412061565	10078.463122092086
-12556.192812197365	62.89248064076779	0.6818202395791145	0.34983118026912297	0.25594329869799143	0.7395228150583226	0.016871893118641873	10124.257124243473
-12554.110171278593	78.16179202077335	0.6561856277598501	0.3520984467812528	0.2594852350690654	0.7500202464485207	0.017071910841188313	10073.01759122154
-12681.807599782594	0.7031036838800663	2.190705245170079	0.3262927385062532	0.6999958805955806	0.6387905376292159	0.014533568788756978	10797.281999183022
-12565.23547977514	29.993366517764315	0.7965293726644214	0.346972789463623	0.26321806138159876	0.7353637335356662	0.016804545202834177	10132.149154269115
-12681.80760553625	0.7030682076497187	2.1907476874268825	0.32628275035123233	0.6999352307167342	0.6387455428735906	0.014533624928013425	10797.54153183362
-12552.494576750607	92.78060449305114	0.6346232891602729	0.35048483106008066	0.25522662593488604	0.742412437152527	0.01692412499169538	10108.214510083471
-12554.51264049973	74.50724377353444	0.660596740762861	0.35036075654410903	0.25555046195972325	0.7414609423103095	0.016894396723351003	10115.191685374808
-12572.25114698115	19.306338598666745	0.8853111362795278	0.34476990704345	0.26531183276144266	0.730064647357826	0.01670591031753374	10159.654682466342
-12560.84371664805	41.5833594962339	0.741370537980595	0.34886363528724984	0.25934687358388325	0.7382775622960155	0.01685499734113032	10127.274114581722
-12551.827204770314	100.0	0.6269958110402163	0.35235948445371523	0.2565885059006744	0.7486588767401323	0.017016227228046	10083.36227459658
-12559.585964166175	46.41467026231399	0.7256314090358164	0.3497342143041154	0.26125986046909466	0.7433316382367103	0.016945975940733125	10100.564798717176
-12561.32457115699	39.94442891915794	0.7472058897296422	0.3468937643435902	0.25807567384731606	0.7326077822802209	0.016767144642406882	10149.354951413703
-12551.88245924789	100.0	0.6277300526773449	0.3536681990938175	0.25834276379813204	0.7537684005743456	0.017096758652430284	10061.803791153532
-12553.926424352825	79.82232124816036	0.6513839063956228	0.3490268195722162	0.25367601762950587	0.7366761438957379	0.016824570582896284	10134.962174704955
-12630.494100598955	3.0	1.5831538309330149	0.325336950842133	0.29951255291444806	0.6736928570299834	0.01575025411639598	10417.962029094911
-12630.507192493702	3.0	1.583422043104585	0.32490683535919335	0.2978349637327849	0.671826909005471	0.015708908426632924	10428.925665016332
-12630.515044561125	3.0	1.5830222624927333	0.3262837896719887	0.3009365573554886	0.6762719581842657	0.015794633713479594	10405.878194052477
-12681.807616717635	0.7030737603475677	2.190843890743285	0.3262701993816874	0.6999858568394212	0.6387669177075026	0.014537278886769117	10797.287973465474
-12681.80759974704	0.7031440965596332	2.1907174434566232	0.32628267403906425	0.699970410890988	0.6387852584490935	0.014535863435534873	10797.21223504367
-12630.49408504059	3.0	1.5831207735900752	0.32535659762778296	0.2994839912688633	0.6737064681218774	0.01575022574407117	10418.056707271797
-12630.51501377505	3.0	1.5829825890173512	0.32624954774491804	0.30089680351657466	0.6761927632536454	0.015791079555610432	10406.276495399356
-12630.507171128269	3.0	1.5834838200734398	0.3248895806963318	0.29783907440664165	0.6718012187389406	0.015712451443020498	10428.925794405464
-12630.494653088643	3.0	1.5834984616102261	0.3257859325198157	0.29921412064833264	0.6742963404263599	0.015756021680351503	10417.040277644906
-12681.807599565862	0.7031020685038705	2.190713764702918	0.3262887602813804	0.6999675734107189	0.638771103941291	0.01453453510412377	10797.374105875351
-12630.507154977648	3.0	1.5835900429138137	0.32490192906900867	0.29779472796598144	0.6717985682981977	0.015712347938184223	10428.995055234496
-12630.495638749977	3.0	1.5820906102777936	0.3258070903077988	0.29910717463346154	0.6739724372107749	0.015746147255138423	10419.611999772782
-12630.494659310303	3.0	1.583518660163832	0.3257801516744813	0.29922420184245896	0.6742734717815541	0.01575437854504088	10417.049321585213
-12630.494652687175	3.0	1.5835354765335423	0.32579216016048534	0.2992201566555099	0.6743028793180632	0.01575560551999473	10416.966782353747
-12630.50716073707	3.0	1.5835402431150871	0.3248802756240306	0.29781023705853754	0.6717860575176564	0.01571207176244935	10429.019275117415
-12630.515009078721	3.0	1.583145435646993	0.3262325142751956	0.30092058492403195	0.6762401336230096	0.015793255960128774	10405.910813871827
-12681.807696514605	0.7019746419844075	2.1893694218827817	0.3264044148393164	0.7013106225335195	0.6388394660479015	0.014528447607925245	10800.181998866226
-12630.507154351446	3.0	1.5836194132564492	0.3248927998946382	0.29780927621435965	0.6718062268167241	0.015712326901862375	10428.894613583245
-12630.515003563196	3.0	1.583113905546503	0.3262391354408869	0.3009288883713555	0.6762378709143155	0.015793941795276156	10405.916274567346
-12630.507154674266	3.0	1.5836074424252247	0.3248930978421035	0.2978047019009116	0.6718050890553003	0.015712134498465962	10428.925046395523
-12586.090208934302	10.0	1.0547733797471885	0.33882521703649054	0.2698534758482579	0.7102666446438333	0.016398536402238522	10247.081037363248
-12586.394645853969	10.0	1.0526076820912835	0.3344409472398614	0.26293250349536396	0.6954721598483643	0.01614235718401187	10317.062526231466
-12586.15708908009	10.0	1.0553107663486592	0.3397493084051609	0.2716439527098311	0.7137596608413005	0.0164564687210461	10230.208188429384
-12586.157088198303	10.0	1.0553206494588587	0.33975035720449476	0.27163961410952725	0.7137511805495728	0.016456296566669186	10230.234195292825
-12586.076595544615	10.0	1.0540109730950562	0.33737359013853724	0.2683218015649929	0.7059310911191566	0.01632762794554208	10265.559726069752
-13725.236090978624	0.42261068221577586	1.8209438941167955	0.2800662396502484	0.0016904490094491634	0.34671855405756297	0.00410521095571217	13962.118461309488
-12586.076595048915	10.0	1.0540222712067602	0.33736793691175393	0.26832837449301383	0.7059380845091012	0.016327753221731883	10265.500068856694
-12681.80905018669	0.7015518749984134	2.1890393972724604	0.32687942949653426	0.7024356774598233	0.6396798817919452	0.014539047766228004	10797.48337094806
-12586.079489889875	10.0	1.054233818275166	0.3378666886337311	0.2680427405104265	0.7067448455032289	0.016333678911182453	10264.238726954518
-12586.278985391084	10.0	1.055909030814517	0.3406710989351599	0.2734358079783096	0.7172673713245535	0.016518415592210834	10213.332534367573
-12586.394645511216	10.0	1.0525968674708375	0.3344428703359008	0.2629317475575408	0.6954648441533959	0.016142766339139587	10317.099618761433
-12586.076685686581	10.0	1.0542308000928413	0.33734620944098026	0.26835606861804034	0.7060204458966575	0.016322240227358474	10264.894218414409
-12586.079484661272	10.0	1.05418403226597	0.33787957176748756	0.2680342065821356	0.7067150354746434	0.016333781050053307	10264.417464488812
-12586.275437432896	10.0	1.055780290666791	0.34018203288281246	0.2737147902506905	0.7164666098013602	0.01651049085046451	10214.496154167806
-12586.12354069215	10.0	1.053520194217384	0.33639992456347834	0.2665321550748287	0.7024267118956901	0.016266213612523065	10282.648311582509
-12586.15375426561	10.0	1.0552418828801613	0.3392551444220923	0.2719133225694976	0.712958917778692	0.01645034421994651	10231.329312155392
-12586.076596070685	10.0	1.0540477246682987	0.33736802714091196	0.26832797295526045	0.7059411943605544	0.016328545504841533	10265.459378883465
-12586.123546263176	10.0	1.0534817641817866	0.33641435517178914	0.266515497864874	0.702425220587168	0.016263187364659048	10282.77013872093
-12586.153845820141	9.999992296938872	1.0553041208113436	0.3392284922447626	0.27196393354006015	0.7129474053104159	0.016447810271623918	10231.073847034904
-12586.123552033998	10.0	1.0534957273628984	0.33640383980596983	0.2665347463405818	0.7024491745674196	0.016262025461271527	10282.611608065652
-12681.807619859424	0.7029717091343505	2.190855316799559	0.32629036594698213	0.7000566659077713	0.6387949587736862	0.014533431390985932	10797.35451884661
-12560.689893800065	42.06082890081933	0.7388174166479958	0.3474875778540822	0.2577863749949343	0.733977965268494	0.016752726377336793	10145.620835526392
-12568.10093543514	24.64240488719777	0.8326737430517224	0.345355015247527	0.2621046288984765	0.7292643536461633	0.016694994833422672	10163.473730084286
-12554.647199146457	73.44170092531985	0.662144268762478	0.3498845941908426	0.2557870949410141	0.7403112568516653	0.016886621685206184	10117.970255461745
-12560.817172478819	42.26105156299068	0.7368064216984563	0.34469929042405917	0.25424239492707934	0.7240526949602727	0.01662477214803058	10188.024633219984
-12563.405197638722	34.041489687883605	0.7738936602827144	0.3472467184559887	0.2604733378109442	0.7342966049640058	0.01679599650282759	10141.124915493336
-12559.109237569844	48.05022666269059	0.7192206934809192	0.34815160951244417	0.2571447881541934	0.7352351731991429	0.01682399871616554	10139.118653639394
-12555.363125849464	68.23314824175374	0.6721647674260981	0.35064541639848285	0.2579672441840392	0.7443241141120025	0.016958435933603584	10099.372770998278
-12571.614868950868	19.979452142656836	0.8740577330431043	0.34255555220132977	0.2611035484149809	0.7174876044004475	0.016727727524232298	10212.858387309878
-12554.749556851139	74.04509420136866	0.6633449831121541	0.3533837978046698	0.2613457019993616	0.7547731009536048	0.017120431406299493	10054.11997819324
-12559.578147815693	46.17610841828703	0.7258833152273244	0.3488364143806256	0.25926602729232706	0.7391136556136821	0.016828759413983048	10120.504296606594
-12554.277116240986	76.34848694514749	0.6575521019286912	0.34984527239050345	0.25578272378112915	0.7407232793652958	0.01689554329413477	10115.445262646264
-12558.957461211161	48.68653464843856	0.7173023185232892	0.34808035109355734	0.25717957273985603	0.7355075530801244	0.016827423342432216	10137.801426983036
-12558.536508135505	50.5314878936998	0.7117272493070348	0.34804488945501644	0.2571595594377338	0.735519833649729	0.016794611528338197	10136.891760335957
-12566.426528163996	27.500235593672432	0.8112346451224554	0.34549219430438294	0.26182016451420337	0.7298196725089073	0.016726258280966598	10158.226067556008
-14097.885931853723	0.3085102307267066	1.416966262687177	0.014331763590644407	0.001234056927276037	0.2641209876732076	0.0022495293423358863	14561.006728352702
-12561.895517005978	38.180799280852455	0.7541081005587925	0.34700105178353075	0.257964599895015	0.7316790433922695	0.016757976156440136	10154.62313026899
-12558.442460783492	50.998585155202264	0.7109596317474596	0.3489533397992296	0.2591900786784131	0.7396299592664055	0.016877509392471773	10116.688261942298
-12551.945381945243	98.64425115370543	0.6285703996581565	0.3523003811507893	0.2566426791165566	0.7486268440308004	0.017021066436560973	10083.416292649017
-12570.212400729331	21.621889863681844	0.8582240582217806	0.34429038712462795	0.26267174703043705	0.7255423769339908	0.016664789493293506	10179.506749798236
