-1293.6862714445383	0.6203766570945562	5.189948329191184	0.7271243980939944	0.5625191164376803	0.009751661881356148	10367.73865340857
-1359.3544643788937	0.5952021093151956	5.42514516247633	0.5071508036118892	0.4190238327280895	0.0066398487931861976	11581.723548315444
-1413.2536400008514	0.5583647140604973	6.435084684949598	0.44449917815674933	0.4303824847165732	0.005637599627332975	12007.814132431322
-1321.9246626508939	0.6137803720296097	5.702159182843443	0.5492056497426379	0.4406689032671763	0.007682419763446292	11201.741106793399
-1297.0868274071709	0.6088178491947439	5.526125410345046	0.5807055158968002	0.4822057037913981	0.008018044699486148	11065.304748751978
-1393.0997246854465	0.5684690780541894	6.254254621388748	0.4593616074969857	0.4222186463185334	0.006240307973843446	11880.630563808703
-1292.8352356007176	0.6438277739588059	5.182640904940865	0.7458329424039076	0.5269564499924411	0.010139999786371494	10206.96040849634
-1323.5559781801455	0.6091528084293226	5.656561461231862	0.5424178771111412	0.442496819245913	0.007529233551808297	11267.435169824066
-1319.5467776547425	0.594833908604559	5.801905292717517	0.5349813710580534	0.4654714275926019	0.007340690047803856	11338.397722873957
-1282.7995734026442	0.6248259907219423	5.3490879892434355	0.6782388741413974	0.5263939602406693	0.00932822154174693	10538.05399243485
-1284.5561407241573	0.6298709663286646	5.519490282162291	0.6530353385321664	0.5007699522998613	0.009182225710973532	10607.778242213508
-1284.2921389581463	0.614947801987184	5.183697544638736	0.657594067674631	0.530754623407145	0.00881759415964185	10709.398550261309
-1429.2121723907342	0.6179431192258104	7.222811101326744	0.49439781860448456	0.37067284979295234	0.007296755726388541	11338.28186239727
-1284.4398208891278	0.6077858818937281	5.398387666644804	0.6288767472555946	0.5247794300152446	0.008545483620353208	10832.500250758998
-1293.678257032565	0.606340207087783	4.95398491889675	0.6353072289378041	0.5304835781570172	0.008255174555095795	10905.605759098093
-1283.823944720819	0.6335656140595983	5.433316611693565	0.670643518227593	0.5055149277567346	0.009346654593078587	10526.45685189693
-1691.7166959439492	0.5143314146128608	9.102915702661292	0.3456789917269393	0.3210338059915675	0.004010513324784993	12814.937152522945
-1285.455599171889	0.611475364086129	5.145455234732707	0.6501667235743996	0.5322034792877935	0.008575775809771287	10767.17790617035
-1795.5531351219997	0.6248981014011731	8.930759227628064	0.3899835462393694	0.15738845907456547	0.006425611270685915	12022.206668927503
-1283.7054263895627	0.6271768128946545	5.5352842285607196	0.6642485439175331	0.5133934196140079	0.009332129637852689	10558.103226742385
-1284.1640108552851	0.615430266281226	5.488599061089518	0.6327947285854588	0.51362808010006	0.008638352078925354	10766.758755164978
-1288.7408282231993	0.604334120865733	5.6094393897050185	0.6298336255039221	0.5335086110555285	0.009064909741089715	10797.065619344074
-1295.4370656057517	0.6003877994825559	5.633128235371054	0.5811018857281944	0.5008063679452007	0.008006344382953398	11072.459339626364
-1317.1467979761424	0.5858800113140997	5.988625481286619	0.5467179322340283	0.49937775449915434	0.007739963776032078	11266.255737329246
-1283.5517640036173	0.6258411491469311	5.430339741644911	0.6826800865905662	0.5288296868094043	0.009429131910596132	10496.237750309267
-1346.3344887650783	0.5836175942859827	5.779979469938776	0.49900394264086484	0.4449228126057482	0.006758420266252706	11616.70638993141
-1352.2945446207057	0.6100233419986608	6.493957267415827	0.5302246321323258	0.4281534367018907	0.007917031558393902	11209.802644623353
-1284.0929413006265	0.6116748501812119	5.394740268009485	0.6294530683515702	0.5179417969175582	0.008628553112722537	10816.615869884563
-1284.8560936061085	0.610518609728989	5.399032921957849	0.6231486122495117	0.5151583433023941	0.008554100514216553	10852.637516342356
-1293.3055269401912	0.6497664929029404	5.356391137536477	0.7544376859210744	0.5222731261676298	0.010398503296961263	10110.52418911597
-1296.9278430533109	0.6006156230838954	5.190962309479753	0.585690140958046	0.5020035376624765	0.0077818909312112	11134.993922999742
-1296.5512287948377	0.6410126649192812	5.667415509328404	0.6332774406854985	0.4658608916671199	0.009264205262757076	10642.529953179148
-1303.5422441242886	0.6069891043531528	5.624424292717731	0.5667984987814972	0.4728643611692527	0.007862836322748106	11133.681655143511
-1283.4801310687246	0.6323939252160575	5.402463949478329	0.675186971072848	0.509519292088866	0.009315490059143741	10514.802762238092
-1283.0834438753577	0.6184823058334431	5.433495048570482	0.6431606500622438	0.5146777961696378	0.008876422574181482	10714.245275909283
-1287.860520218314	0.6090684198065469	5.234029513847605	0.61585522810788	0.5115160064788881	0.00823908574665643	10931.496992624432
-2067.016418937603	0.5626527795198101	9.801048714856844	0.29938014090617243	0.01667694132819973	0.004021096095215659	13117.86066138691
-1298.7784588640973	0.6042998818042185	5.647410910720706	0.5743927839587369	0.4857641912171292	0.007858829008882354	11094.420060729353
-1471.5440433524573	0.5566048927345226	5.838608117779254	0.41637638389678644	0.3645991000772438	0.0045456188911519825	12316.703415902073
-1284.6942685407341	0.6152863697920173	5.558639529245867	0.6372339887754181	0.5163266125169547	0.008834042398026149	10729.89866092053
-1326.209011251097	0.6175751477102965	5.673007451219177	0.5496494575408611	0.4330356986073	0.007792012530302201	11191.315828777018
-1289.3453647797378	0.6182674862266471	5.063285165462633	0.6456898823453568	0.5157580863418505	0.008672345171193297	10784.680200461753
-1288.4309457906834	0.6040865795563964	5.439949132984014	0.6025457450194416	0.511198286256897	0.008257318304628157	10977.211815124308
-1389.0190990057736	0.6262345715411946	7.282133888310069	0.5707652474963605	0.44154634274269805	0.008806519635211242	10802.195115376519
-1632.3503186136008	0.6536032479230185	9.39679653107949	0.4863357091134494	0.2952631888159289	0.007382507228131754	11105.951712902548
-1289.1240609406589	0.6140644752015101	5.683412439729859	0.6154604504049785	0.5037218791317949	0.00871063775648711	10824.73721327804
-1305.0417780639486	0.5999327928820359	5.143895199891618	0.5724046875029387	0.4909442041006293	0.007540011372732458	11222.93227145707
-1538.1245163732838	0.6026557058364489	7.143147558326444	0.4291301984337359	0.28391907577760456	0.006601784118330924	11891.950221977684
-1342.9149998126595	0.5843876737666287	6.153446852419167	0.5093636096115922	0.4574718706965747	0.007176775966668722	11485.003098670119
-1656.0808455806307	0.550663367554022	8.090452451983397	0.3612752472221595	0.25437035482698744	0.005120028398422806	12591.974233349583
-1285.6552865775311	0.624595295290016	5.595717500277642	0.6738755296217829	0.5253523837560161	0.009430050369907149	10507.995856797887
-1896.8324872269386	0.5810476253646463	9.961298362118827	0.33705551992608745	0.11000327989019912	0.0054145405621803195	12628.347375004538
-1286.9780600186195	0.6054461380752049	5.127624736412136	0.6524073434213958	0.5457019032900966	0.00863993902066171	10782.016664136065
-1292.7622726339566	0.6092398003949067	5.562207876415068	0.5911730405195057	0.4922751474639148	0.008324679423760912	10997.949627677472
-1285.142871332731	0.6188268887830893	5.4095833076596245	0.628192496251337	0.5030621883090602	0.00867344224961465	10795.072372838427
-1588.4365589345418	0.5763696744649721	8.560992508722322	0.4058103565836324	0.29967106581397734	0.006983352533209026	12055.911126086814
-1448.084421258021	0.6355623430986661	7.359747050393573	0.5059533910686068	0.3533165272825094	0.008303287853488729	11187.177873576213
-1638.9565721388367	0.6084125387016819	8.3009390559323	0.41133183380336374	0.23811357131678176	0.006796558628733049	11922.760329577806
-1435.6343324801624	0.5749580533343726	6.45395926002728	0.4416051756169798	0.3720141840646505	0.005746232691127372	11965.179619131319
-1563.1650374403991	0.6239151936226646	8.542028950042125	0.4592501789427634	0.30475617530898885	0.008228640992491125	11461.280468956085
-1524.0442632495756	0.5433975378069572	8.342154683656588	0.43041033614524843	0.43748718177481455	0.0065677961576084305	11980.579538224221
-1319.8524362214882	0.6025252805913858	5.728089414613464	0.5397360303450341	0.45395973897307157	0.0074982532275344365	11294.388587933548
-1815.398143971312	0.6178819979145874	8.536335695895295	0.3806642287172591	0.1417636584592729	0.005486598438846145	12155.242523269992
-1710.4851189330464	0.5662451421844933	9.91214347903538	0.3760319159111189	0.2430318405952212	0.005317043645030856	12280.179729372108
-1286.2103513710697	0.6095114513092263	5.53436936574435	0.6496433231271936	0.5372501449284811	0.008769353583149127	10692.310157936305
-1406.3347056489456	0.5941339372975772	5.771203197355594	0.46584312871712313	0.38169250999061816	0.006398729205712013	11815.685378425682
-1346.102239184999	0.6121990594936727	5.915295737280459	0.5244705642676886	0.41568973664545505	0.007477503562688235	11326.516094297835
-1320.636378624553	0.5905298536874475	5.567771280576005	0.5299442100954137	0.46800886134311886	0.0072209073811344586	11426.914201203157
-1630.1189998084374	0.559438692299597	9.970562850951051	0.41403193386080034	0.3694228921875321	0.006704262666049412	11954.995743337528
-1515.2348380183412	0.693742189380651	6.9334860394184386	0.5383900309061815	0.29868827330654585	0.009069967253885093	10848.837026689105
-1297.9691532235358	0.6073151113078357	5.420791511783146	0.5781631217701295	0.484325440456129	0.007865910183879526	11106.286846139732
-1993.1684057918646	0.5903420676172958	7.714880106201517	0.32590769768613936	0.053415721205057685	0.004087044562135379	12851.759609088725
-1302.1450090616872	0.6035701424355023	5.314726694437389	0.5713420128998121	0.48310577147156414	0.007706540908727962	11179.75152427256
-1285.332536085512	0.6111159512644575	5.176723093581914	0.665982257537363	0.5435890341815669	0.008888790082416075	10683.844025274972
-1285.98148460648	0.6010521032199282	5.3644471098713415	0.6308740061298501	0.5389680181056233	0.008484601093000997	10853.344337605618
-1289.5670546737624	0.6184147221426503	5.550712388278781	0.6092954207311708	0.49076334183817144	0.008683814155304897	10868.82360271481
-1284.9760249600736	0.6068804690752765	5.27715719393676	0.6539332556469551	0.544430021386487	0.008835471814646967	10735.145304585732
-1468.3169982547424	0.6318085839533866	7.208922306359988	0.4827496133137639	0.3302630566289998	0.008064874018026656	11380.797504640848
-1295.3628195532688	0.631556133132192	5.833951505778212	0.625693157807619	0.47790131299546007	0.009018448966539326	10682.670129867647
-1586.7771624744835	0.546758607808722	7.963218653698203	0.380581824930354	0.3112375347527249	0.005528499924324305	12431.463870700065
-1328.241802352949	0.6672452615640774	5.937593965208999	0.6341821686999873	0.42419780850687255	0.009738009415257215	10506.61748777235
-1466.2992899225787	0.651919230935647	6.545965976813669	0.5007181991922476	0.31660009604712047	0.008371154345097612	11269.548296289175
-1467.620235459799	0.6203256411641432	7.189670414365473	0.4739735751217039	0.33129198590031417	0.007152228159071327	11481.685884463503
-1338.918667315783	0.5701850864568556	5.710439514498231	0.5011919063813083	0.47889530088624255	0.00648941038974307	11662.88020387433
-1282.9901723719922	0.6295884649515562	5.3891550561993515	0.6811971668782373	0.5197041169719654	0.009421595004984793	10498.918725288493
-1291.0401481847844	0.620346618324014	5.58011833248236	0.6086009411361142	0.48475104355933263	0.008584301879202606	10859.77785231814
-1455.2428821954259	0.5289444430847433	6.675186720661823	0.4210739257648817	0.45313453517731483	0.005663980765773187	12273.642203301386
-1572.8211695866576	0.6099899103680698	8.038985568013432	0.4343581899295902	0.27720989182972405	0.006932232638299786	11742.528850222408
-1299.526935757888	0.5964641067900117	5.036560345427888	0.6817438234936926	0.5838294628895949	0.008801829896257246	10697.09096837418
-1553.849731476188	0.5547038156481595	9.026257624611292	0.4504653949312697	0.4440460200341426	0.006790380924225354	11725.574730386996
-1287.3801221575363	0.6013292490963856	5.512406470450088	0.6170245608969925	0.5267556926958924	0.00873053766265667	10893.832036559657
-1704.0008103288646	0.5637851561028118	7.913122023113494	0.3563539387247436	0.2085237169088376	0.003958054478537129	12608.684239096412
-1297.6690081393758	0.6080122777567842	5.670278394849723	0.5804521940451997	0.4841400478374081	0.007737932006787874	11042.288518418702
-1485.8278771245068	0.6069169454760425	6.759215491039302	0.45158795430833637	0.31277170640043234	0.005600618357318914	11740.830273468951
-1357.9335054913026	0.5952090185727621	6.5641420198656055	0.5152333414533844	0.44061333242770284	0.007381583195851454	11349.118163200625
-1301.2603644003473	0.6247016445192848	6.05556878314529	0.6269788619625147	0.4928715193245713	0.009243840212335815	10660.0168789704
-1549.808487885005	0.6019246240113927	8.570681471046425	0.44306339030417663	0.32597292644459724	0.007350393598610815	11657.951297192103
-1302.878852056206	0.6041521919633911	5.8342091846780955	0.5718675827686133	0.4844126640607637	0.008023174574152423	11076.050489335108
-1283.778526027358	0.6204711006635689	5.249283177687582	0.6799208020083615	0.5353874264805987	0.009249717548155477	10567.586367989874
-1943.7584580994358	0.5825117366199553	7.322765211686157	0.33090675967863664	0.07801433150200973	0.00444538273272834	12852.703145625865
-1734.4119764072625	0.49626785928260003	9.718256149587692	0.3375058722412016	0.3439878592482252	0.003759743234486713	12934.282518634667
-2016.6161988387476	0.5708234173728425	6.6552593451450495	0.31285050624413585	0.05706890657530486	0.003990670115105917	13144.738276484071
-1295.9368546217488	0.5928887526718952	5.349577507769555	0.5770742466209569	0.5112282392613978	0.007853049166087546	11178.076222588805
-1293.3472883457664	0.6344163997760076	5.611955501430688	0.626034465138414	0.47285110909781913	0.008941297125196172	10713.067843415247
-1283.4641945548046	0.6205438319850691	5.243031694582653	0.6750380198116274	0.5318534770714202	0.00925274222921007	10591.838005837595
-1286.051533539471	0.6367093719173262	5.327056199679051	0.7142089858934523	0.5264862083499442	0.009881495658230275	10336.30642917654
-1309.65460029732	0.5995848846119104	5.93003140388116	0.559569955995308	0.48254931962528264	0.0075306346213625764	11148.7434700477
-1308.4554948053126	0.5914748143950475	5.547189058442276	0.5478236193165879	0.48559387576473	0.007396641202563453	11316.527604963567
-1827.7646937635066	0.5701056407404748	9.756244030314821	0.3443913099424158	0.15044985934894156	0.004972961561993793	12594.343532253963
-1518.1236624837713	0.5830439929636431	8.165206798375577	0.4384911560859703	0.3452842553552402	0.00662430280091955	11786.159424578462
-1300.895910727509	0.6229257854364093	5.9366188241527	0.6016424133738381	0.4753988029675882	0.008802694200217967	10824.233258702281
-1474.3518293180703	0.5486630012964893	7.44077621912876	0.4280002141497868	0.41901560099784757	0.006623078734471947	12060.145634580318
-1487.944519384878	0.6252210685260351	8.340520757266267	0.5227295336634652	0.3871093680801671	0.008275898738615539	11007.957018307883
-1284.8709131626024	0.6145828812484131	5.292070548511897	0.6305862283155933	0.5122537148167637	0.008590296743267207	10822.307350665664
-1297.0124948569016	0.6242017896282064	5.01652877308358	0.7361353352440496	0.5583491214638867	0.009730372409905153	10357.67125317204
-1557.387572293391	0.6069816230847485	4.5682185939660975	0.46619943424720567	0.3432751323316128	0.005638507531698859	12003.555423516762
-1301.0150251770624	0.609133551084485	5.831539285857459	0.5799684847485088	0.48109636416035434	0.008198889841964992	11011.884386923446
-1308.9036633949545	0.5959247661439275	5.221900019287413	0.5585152921868846	0.4852507109707524	0.0073482770443012635	11301.115395012603
-1607.9190883047474	0.6118347962625754	7.126850675534712	0.4136455819524022	0.23998238918174183	0.00519379868374644	11995.051335807464
-1498.7913502097763	0.6241611989709415	7.926488199742901	0.47690350908044155	0.334701765398572	0.00754324942220768	11376.800035553719
-1355.6191267771637	0.638227210081097	6.340808774598552	0.5565986251890317	0.4024752339470498	0.00840007417673628	10973.355108766875
-1291.407896483568	0.6209308291426274	5.01230909682315	0.7034618627142722	0.5473226510314976	0.00921861530992954	10513.760815930822
-1308.7873215699715	0.6098280575649128	5.734038221497973	0.5615469506084916	0.46304071053936746	0.00764639732417078	11135.281487139258
-1288.010448435205	0.6049117642480871	5.513778635230518	0.6064566235839935	0.5128476419161019	0.008310768425232864	10938.081699422894
-2094.1917579539754	0.5837805805460131	5.892274373757414	0.3199488238653998	0.046534109167831184	0.00305825242185218	13107.554365410944
-1339.6190049700513	0.6168521165734251	6.029995831448924	0.5368465343319471	0.42101052779917836	0.0077232073457460994	11213.250664297906
-1321.2649588493148	0.6161039085197492	5.910487414295654	0.554472294507286	0.4418935005754405	0.007913651133159024	11125.756032552647
-1307.849977203265	0.6144298026218	5.997339803372584	0.5779078399455527	0.4706968328188153	0.008281703233546966	10977.733717430088
-1285.9902060119136	0.619614647713984	5.498495775709012	0.6251258747933016	0.499131308592392	0.008694634258322042	10790.090973908744
-1468.6308522481309	0.6151692502301207	8.043130425021065	0.504485923828633	0.38345278147287726	0.007819891108447179	11192.55835218096
-1284.2415663947804	0.6131123301137625	5.31334353589533	0.6692600616533806	0.5424210689511249	0.00911919564737512	10629.953411235861
-1505.7415125760058	0.6593806232143267	6.6675101749551775	0.4958955756659646	0.2935848317046038	0.007874185226561506	11265.127654234559
-1284.58207148372	0.6199551757150353	5.195756965087769	0.6815423589618338	0.5370475510991493	0.009201861825248236	10574.005184817566
-1592.5645445460104	0.5464179313188758	6.3714723746310025	0.3694173841714996	0.29241785517188545	0.004368770692713908	12691.842134142946
-1317.269275771081	0.6459694576764621	6.218030077660143	0.6288762982777014	0.45480997704160614	0.009980546081418828	10553.360182271887
-1287.674258777451	0.6092986926885879	5.427106368710361	0.6077247262351054	0.5051961521038434	0.008307361790993598	10933.292345802032
-1331.939219526265	0.6158097891121034	6.013551073668123	0.5439484805064679	0.43022115962315954	0.007882048805996236	11174.489338757927
-1283.8479798700937	0.6120813277477248	5.433023573336871	0.633089379793161	0.5197057774053672	0.008766686633690676	10788.279374566762
-1907.9494602355855	0.5514144167510958	6.050188559822352	0.31985175593508675	0.12377233805747002	0.002936324002641773	13198.654608867286
-1650.4444815852812	0.586022309101041	6.302856414344267	0.3821223866493421	0.22855597756428134	0.00405494960483972	12446.122136021851
-1296.2136614356737	0.6052400718848774	5.707462523177573	0.583638132672147	0.4934903196199434	0.008180132427293853	11027.0585920261
-1292.1298822701726	0.5990981720728796	5.243140561483973	0.5942804469366221	0.5132592300662265	0.00787111527775358	11081.562985888442
-1293.08992116141	0.6378004379049752	5.697610626300443	0.6385180553212582	0.47769843022479525	0.01019005492053814	10620.591821825388
-1287.1732875649004	0.6089393809824467	5.283223579400522	0.6159858271171071	0.5130276357581992	0.007712379238655397	10920.811370338197
-1354.338155651002	0.6239111980672338	6.497724896861193	0.5427140730320564	0.4164598728840844	0.008219024997918255	11083.858542020398
-1287.682670926792	0.6271413197577631	5.451640230801118	0.7081032791658247	0.5409127609806225	0.00963823696902996	10369.18827948732
-1282.9945059925863	0.616964481866589	5.335838442655312	0.6654783921322375	0.5334828266232053	0.009125410841359014	10629.905600068738
-1290.1276340573868	0.6248024561444632	5.096347239974499	0.7151814831710607	0.5467435453360225	0.009586062374511957	10426.85873457576
-1291.4204003679351	0.6155574269190429	4.964588756228223	0.6650607188665217	0.532313464812663	0.008802388110656766	10722.97001760462
-1444.5137792950663	0.5451471855420276	7.154881976417611	0.4427004073023339	0.4462069911055038	0.005833668229977858	11983.084959451999
-1901.463345328086	0.5564557097727099	6.3879381357923	0.32056572316100346	0.1170362540177153	0.002610610595940703	13136.642158079514
-1339.6594800197367	0.6166451864569581	5.97077864989383	0.5350754362378994	0.4205341484857893	0.007690590622633388	11234.927709131949
-1283.6281113462114	0.6297913687558219	5.285405224203051	0.6869424795829787	0.5226367759559375	0.009621523399822944	10494.064567270805
-1286.3210908438691	0.6095456657853586	5.490361467803283	0.6151244949513354	0.5104982922032586	0.008491139594904844	10879.679301086131
-1354.9388292732324	0.6119762648943065	6.29379117183492	0.5225209404258625	0.41341420764435016	0.007825904419836677	11281.649986734741
-1303.4590058400454	0.6086875092556552	5.1155588503256055	0.7291643845944542	0.5856323884740314	0.009564735408029398	10419.302186133124
-1941.397269794134	0.5323665764556955	6.414696142410796	0.3045497671176039	0.107628240022584	0.002687253264870803	13389.47125532053
-1958.1866182959534	0.5220291950817051	6.904419636964285	0.29237833655340933	0.10309110190377706	0.0022153347923716763	13519.22699475688
-1309.6638538265795	0.6378844675785859	6.19684391718511	0.6396307778225634	0.4784322861730361	0.009499341914511095	10526.18846101865
-1283.9295330660193	0.6321875228484694	5.333220834445886	0.6946676240618846	0.5225845528594066	0.009620569443910713	10439.05589935592
-1338.0451076654062	0.5850116408011373	5.609776624652126	0.5078566297060524	0.45291891529567707	0.006681788281031369	11581.744875730115
-1388.9367128101521	0.5835470469866132	6.833340635123807	0.4878843446156734	0.42526027424853424	0.007086516427652331	11542.713606854848
-1305.5527135461573	0.5870857067567957	5.2763888474003515	0.5563250832471403	0.5051338171303026	0.0073308236179525	11335.542934243413
-1293.8980612233022	0.5891721293966471	5.17793247385651	0.598518081817216	0.5396983953926573	0.0075751660623885	11109.698721748813
-1604.4391816494365	0.638399602035536	7.683176085277318	0.44437030472358047	0.24728267398315765	0.0063659011091555025	11606.650129457788
-1290.046551422768	0.6181586282951592	5.508906212295079	0.6083593695700016	0.4882310547339747	0.008468843969931666	10882.468197809805
-1285.980755989014	0.6284004384567352	5.498003724214262	0.6400588772845228	0.4937360885791989	0.00899018594760262	10682.724401258758
-1513.825480442381	0.5768298872220075	8.681547623771753	0.4753520032607157	0.42880368035507993	0.007086242491518082	11479.682849527335
-1283.8592377111481	0.6108908699169905	5.270481112845285	0.648113807900927	0.5338892514118193	0.009012503495498158	10751.564123197797
-1309.569130523303	0.587753106841591	5.370193167513075	0.5467020553642458	0.4920759780891216	0.0071735832507309515	11371.169254110075
-1328.3595253241303	0.5780735450902231	5.667604564128095	0.5154971867966565	0.47530273196605155	0.006683242553497287	11545.906708099046
-1554.8499594847553	0.5712116879850584	7.543327008610575	0.3998914253643614	0.30026405215044183	0.005873615284044781	12207.70123525797
-1310.0839834968792	0.6180946983887448	5.715333299074377	0.569350778160053	0.4531801847504996	0.008015384722053038	11063.945745072791
-1326.2242298622505	0.6000843807138386	5.52576954693585	0.5317838450193387	0.4494651343899511	0.007006188569350657	11389.227166617045
-1320.967171614262	0.5921220216248102	5.3071315657914875	0.536360435649034	0.46986728565776237	0.007094376062147814	11430.98004522173
-1322.524777347745	0.6135776735030598	5.985977107723391	0.5514986926636193	0.4442764537557522	0.007819821445205722	11140.043227257072
-1284.8815722165068	0.6335991971027454	5.2494020507456645	0.6973328865477394	0.5220178952682937	0.009539194428324307	10441.046062617766
-1458.631072574481	0.5893505423989401	7.884538345285148	0.4785946721451236	0.4037512045069179	0.007855675142883939	11479.598638253014
-1294.0227605597845	0.5938224084825894	5.446392538959259	0.5817505845651462	0.5139996849139196	0.007762177531524483	11128.44990491797
-1295.4137274519342	0.641935271567173	5.765625582633364	0.6417817980031337	0.4721545341574196	0.009193827238379686	10577.243866492296
-1432.5590320402575	0.5485208781135696	6.403873909726207	0.43007577269842645	0.41880650918540424	0.005340092749378552	12159.521925015053
-1418.3788467233944	0.5484478448356821	6.56034147447743	0.4431838933141919	0.43918814502419623	0.0063534142245755985	12036.161324105835
-1337.4266297229283	0.6086874974067765	6.155222848360848	0.5328844986520622	0.43352358543287767	0.007697964878820111	11246.41073574013
-1333.3456766401823	0.5963970638681587	5.967216426260289	0.522748524443433	0.44575794169517613	0.007205271388051467	11383.09968497448
-1294.2784090241285	0.6181236565411485	5.35049010513534	0.602066368602039	0.4817077400445919	0.00819708434868888	10948.847739855279
-1283.8809568177537	0.6197672900368878	5.198813354633242	0.6678538044007554	0.5285897662527788	0.009047848679359118	10639.109608479326
-1297.8330024276518	0.6177017727681996	5.0039829841196095	0.7281761058662496	0.5658264644362121	0.009557112351492661	10418.129955342472
-1290.91967438639	0.606887587156041	5.354912308720579	0.5962845872674791	0.5014718640266522	0.008192365967768333	11019.504778759469
-1312.578683211786	0.5995309206308269	5.4397254085365025	0.5491218789381869	0.468056936914076	0.007403776617960079	11300.110817378005
-1287.9085540007331	0.6220879054390233	5.372412733645106	0.7054523659371622	0.5486144994014115	0.00961494399151643	10416.19241633581
-1504.2052135778317	0.6070532700798117	6.983842257770439	0.44440349631359605	0.3028175697545345	0.0067046250832946295	11771.649818205586
-1726.586541076248	0.6061216513784595	9.513013761743796	0.3952393482907657	0.20873446035574486	0.0064795462538464	11994.916334628804
-1851.4595097787212	0.5914814311093232	9.122558197651163	0.35258255937933475	0.12515704007023057	0.005182951142128356	12475.75715346918
-1322.8931952121418	0.5902805929925025	5.5924137393631765	0.5270264255798546	0.4649075609244309	0.007028277275248509	11441.710389616466
-1927.3167264309911	0.6156286571289877	9.11509150246652	0.3546492885948498	0.08921056976842083	0.005278211058005115	12383.511977215421
-1289.484461754439	0.6006338275219272	5.0814113397496605	0.6507204483979253	0.5532649555863757	0.00837613315180731	10818.63036095824
-1286.375940527787	0.6172248347618425	5.649139521907977	0.6384141964768424	0.5153754586592965	0.008991050867040442	10699.705387449038
-1284.6956577395176	0.6260928182882725	5.439584940043696	0.6427067174854864	0.4994823845912969	0.00897002617196792	10688.960925196583
-1292.6187996181193	0.6289871378325073	5.584192631940441	0.6178194954264694	0.4758983575877952	0.00880223088615027	10780.074043030345
-1285.0090382082099	0.6239057000815846	5.55300658324398	0.6394286559657749	0.5020419350017691	0.009012135476592131	10690.182454091064
-1304.8990826734366	0.604696873652374	5.5947016010086195	0.5623975354054418	0.4730085179239512	0.007788723701214833	11173.193605886712
-1337.5405301038231	0.6275115089724632	6.649569556992432	0.6195884505679865	0.4809987997117328	0.009337838489393725	10597.549232224412
-1297.4403520270862	0.6102184749812704	5.537221970441059	0.5813209762954289	0.4799752010402369	0.008073276663497482	11054.765618281472
-1579.8602311628176	0.5488145099322921	7.342159121625774	0.37762055875960016	0.30081656943314644	0.005485894049708211	12505.109136502133
-1301.0017664835088	0.6054729509304114	5.363504503430427	0.5729742137190645	0.4817297158087105	0.007779459843531853	11153.816313380627
-1286.733446578296	0.6240482730410577	5.561014586661762	0.6313081715727	0.49424401023258385	0.009136914791741387	10729.682219862465
-1409.3272469665874	0.6258889959737899	6.558752367187692	0.5032568036220579	0.3606571382229833	0.007193209843867056	11329.073254545468
-2049.9573278596345	0.5855174950554946	6.282975787512647	0.3232443225676059	0.05173929065312681	0.003383563303120885	13022.582164169904
-1331.9468106005493	0.618750419027119	5.736054974283452	0.5446653764566548	0.42598122165171165	0.0077066239040905855	11207.021107898896
-1697.654510989349	0.5850330235086832	8.051352237935916	0.37212287003996947	0.2041852118472275	0.004176906082225615	12375.126058191014
-1311.1020916221316	0.6522345093383467	5.875346582187709	0.6319274953317299	0.44470054583321506	0.009333533997079316	10575.134116332263
-1314.2228075555736	0.604560929810685	5.697403006039605	0.5486856148542194	0.459312954715978	0.007633260831542067	11237.482039588525
-1313.563849581222	0.6275232832355303	5.538420811182366	0.5788536450844913	0.44401233814893754	0.008186605697033071	11009.957106609529
-1290.5991380073185	0.6129885151156012	4.980890071593095	0.6616733329411635	0.5365497106274266	0.008611406981345654	10744.857145839796
-1284.3004947414538	0.6220126944851094	5.493286408990676	0.6382502603777697	0.5045359442181917	0.008874101463431906	10714.76038333674
-1307.6256436657766	0.615093872210064	5.617843049100244	0.569257064633202	0.458524337039406	0.007935568492762805	11092.447267633408
-1445.2788763151705	0.6044069238087882	7.355615569197118	0.4787319734015761	0.36464274351616194	0.007064121395201953	11478.813594712186
-1528.5842707995712	0.5988415594870459	8.745158001358945	0.4695380353657291	0.3686234496589853	0.00785594113054195	11444.373091230073
-1296.1714816443418	0.5995965182345259	5.50328348357497	0.5763732511737705	0.4962401077246421	0.007759688546283337	11126.897714876428
-1283.4180490943177	0.6190137585796548	5.230974612874648	0.6598293423405192	0.5244095189668264	0.008942434289958293	10673.282570960018
-1295.5977143788837	0.6244437107699753	5.678308991565602	0.6039808779001625	0.4735576382044079	0.008363665163358595	10852.534015119962
-1327.8935150343582	0.6318702550864377	5.877320691904139	0.5675732035693085	0.424646219548432	0.008360331097361347	11000.375168488548
-1301.270202947323	0.5985227316732948	5.324154670237806	0.5681345731072639	0.4911140206365088	0.007663185890294564	11214.510856533894
-2176.5535837479483	0.5593849930629385	6.2391803240012	0.29315665669236785	0.001261004673034049	0.001829138673423816	13442.226615071659
-1302.6884288321298	0.5804512218414902	5.625107441115051	0.5760728853737354	0.5381602456526475	0.008038366785763253	11175.327277920316
-1333.4373321016153	0.6157992638106398	5.733673743141784	0.5396073915204308	0.4262679772231481	0.007502789919394344	11248.792687220786
-1503.5218315751804	0.6127356763737346	7.580246683241198	0.45591934529870837	0.31683315750277474	0.006914379676554636	11603.33596593674
-1419.72403159031	0.5619333354646512	6.946436600914091	0.4563303836446943	0.4433743561033783	0.005644732094117758	11842.056378201838
-1301.3644996254568	0.596990746386235	5.503420052218059	0.5634256764632187	0.48989476210488214	0.00766865372657913	11211.711687501513
-1290.091979667197	0.6094340437665432	5.395178193510364	0.600084844131548	0.49829582014950713	0.008206405971546631	10980.935772433577
-1287.5607239770504	0.6034043625653664	5.413179145132633	0.6067953511032399	0.5158574883020897	0.008263743478619736	10961.984305473681
-1681.4916373287313	0.637507788395905	8.54000705748313	0.4386564906723135	0.2262829133335178	0.010744587166873302	11583.591084379052
-1688.9701703266105	0.5668262129706277	7.554003709974095	0.3605505376528656	0.21236713075786892	0.004389227239395399	12585.874201487033
-1328.1394044577664	0.6213216650399376	5.948618748888853	0.5528957505981008	0.430493138411921	0.007966779933209451	11111.76554322257
-1320.7999836713607	0.5913913194516695	5.580603596892413	0.5306509240393488	0.4655006481655338	0.007150167347556583	11416.674791112107
-1527.1464758941406	0.5694895016685191	8.669144995795582	0.44652763102536247	0.3957338220898075	0.006720871621706895	11729.084776147334
-1426.2679752478734	0.5802495232803068	6.112860405129149	0.45031117069421894	0.36949875782537006	0.0064551745477102	11924.445169591081
-1537.8545755525026	0.617953076501013	6.933948698898706	0.44249939583508985	0.27757980988138475	0.0067739409446880144	11757.627893903242
-1732.0302925397164	0.5400350665503683	9.757395297810552	0.3499853738381982	0.24326177766795667	0.004981740100173105	12637.807133026654
-2028.5905653189623	0.5857812149175432	6.974746616078355	0.32105143704437333	0.045932777723632155	0.004128436931467939	12977.916960720793
-1549.6245442931586	0.5524205998186682	8.911430460008503	0.44198326527762455	0.4356590189676773	0.006597425345035623	11810.129389382853
-1320.6830330043863	0.6271693608336705	6.0436625287147	0.5721924580114999	0.4404431639623638	0.00864637313280783	10961.12147119798
-1825.6544664246344	0.549080303354732	9.968364076971229	0.3338864127035274	0.16451248084927708	0.004018809202314433	12764.282003101742
-1283.2965447558936	0.6280346983868722	5.485743134756734	0.673754133885497	0.5180227445650872	0.009416100014943586	10519.233544274155
-1397.4685541207532	0.5997268702399327	6.7853906208275125	0.48702021737437784	0.39591674246833725	0.007404544518457471	11500.779716600138
-1352.4439034801333	0.6233229935849843	6.505914153549772	0.5462033169221948	0.4192903949413925	0.007970561720067463	11062.0796752568
-1814.490390402715	0.6263488520640785	7.426807990518916	0.38086154108931936	0.13819552432862756	0.005734866753724581	12215.329170976225
-1294.8673346539445	0.6026098048552185	5.512660523215642	0.5807480730055773	0.4959456743971936	0.00787388890057021	11089.775111812525
-1294.7618371932858	0.6162112439717219	5.1243497142468515	0.7219681583061069	0.5665374667827561	0.009436606561224118	10420.71042528694
-1295.295034035429	0.6062297925695607	5.638722900782566	0.5840502584672975	0.49143175583870097	0.007921369366456332	11033.944617552195
