-910.4868351460901	0.4233944919361357	5.904207054043437	0.1632836126518189	0.5827747835484515	1.360804970208466	0.25262334124952934	0.01030602962072272	10060.762381588898
-909.5707423372472	0.35156230325142107	6.136168511460738	0.16963332285755311	0.5535466266442112	1.752497818604161	0.1945497292857068	0.010427500497329167	10204.062130375205
-904.6635954570122	0.38221170389045045	6.131770320314165	0.09898083699757912	0.6896674152427734	1.590699972586233	0.1935047717847721	0.012812428397129752	9814.139016029703
-1223.2855816639317	0.30426267411508656	9.894949601281713	0.23602387145882947	0.35351906775281156	2.152910755914903	0.17331388959477043	0.005576276394297284	10519.096374317432
-898.9378823822452	0.3807539699018898	5.990065935629477	0.10448096897183766	0.6536729745587142	1.5757896713881572	0.22647248420272328	0.011135452189105544	10035.301890618679
-903.9621947695344	0.4026562296202785	5.948903049896254	0.017961508827197686	0.7342868894947855	1.4463915057747674	0.2524225329334149	0.00904192584596944	10064.021472617342
-902.6640767290162	0.3948910087624764	5.945122621464731	0.12254465092912699	0.633201684946013	1.4956600384624394	0.24093393072894964	0.00943206281426738	10046.13480775365
-906.6531137128566	0.39286481830041486	6.006972685388679	0.2111456775239252	0.5606840310666479	1.523236686660218	0.24519788932142852	0.00973840093803479	9948.868267168386
-900.3386373605066	0.3842067460918023	6.019370180333327	0.10761304099272778	0.6460172221883189	1.5496486204445679	0.23041393950838832	0.009952832930443738	10049.98446257012
-1195.0678518869645	0.3611414601594537	9.83925843658864	0.14502748784308922	0.45667210660746776	1.6599969980814746	0.20682712101016879	0.010407239681056705	10401.385945574382
-1196.6302825689913	0.3257213615052043	9.907740428583901	0.11467307517945079	0.5165070783231149	1.9304086961146614	0.16623359994624154	0.01272357989001075	10203.065305669832
-900.3620554064182	0.3830629374698088	6.026681663826633	0.09635332400433508	0.6498167176046578	1.5636014749422262	0.21868153491119166	0.010083220529603917	10075.672859218113
-899.0044684484611	0.38544103408007285	6.034139525737034	0.11736711175528519	0.6587427855170154	1.5530455138876524	0.23254828762404756	0.011138291496479085	9931.766772696663
-901.4040805026513	0.3823145645606597	6.067712826173454	0.17081177376617154	0.5845281648172932	1.5757379452740643	0.23524134125375462	0.010947363619145015	10029.154924262051
-899.516296226357	0.37489793510896813	6.113058645948608	0.07388765871689572	0.6780025117950396	1.6106949828293913	0.2164997991134335	0.010717643425905459	10038.691136069829
-902.2618563701838	0.4154241983381303	5.938452303887625	0.001	0.7752492012993072	1.389316363466506	0.25911987456426105	0.011139300607828329	9931.473017392356
-943.5736418166262	0.4217661121064869	6.0845100110866674	0.001	0.9852809833675462	1.4149224612847473	0.2507337298461681	0.012858339944469955	8990.800585742849
-900.3587429207996	0.3953537480231404	6.03100017340188	0.038231856270916645	0.7597235966026972	1.5098293500045472	0.23687747077971516	0.013337417146220358	9813.565347437787
-899.2065961836522	0.38705913185989327	5.921027909393844	0.04193209934565965	0.7143349216246151	1.5343745799286206	0.23472572595033903	0.01027138079521457	10061.129449252327
-919.5573563271387	0.3702655340221762	5.949102464820347	0.0775439665277298	0.6165222299210247	1.6204806686476176	0.20678955915712802	0.006463368194592394	10390.069537100926
-922.9331837575901	0.3651610413949488	6.166719283904391	0.11870643967142482	0.5639612842027564	1.649223971577264	0.20393937564793205	0.006497920514662263	10409.072931550148
-898.3556661676653	0.38725354655212296	6.03121124698741	0.014475702864979342	0.7359191919879763	1.5396547944644456	0.2218470881892757	0.011043701423291799	10049.697546067611
-900.3261167219346	0.3829726934450315	6.102856013710057	0.10369631597877806	0.6868471157048753	1.584171868488219	0.21992105957372893	0.012851841752906086	9833.659789470066
-1199.1656519024107	0.3585328765298414	9.896094945400028	0.002745339245066486	0.5736574758952914	1.6892680275462593	0.1497048769761808	0.007980184317293394	10532.494372203866
-898.5469438483528	0.38161045801595367	6.040625989661108	0.0013231841507614505	0.7795038888140471	1.5805632825883684	0.2338761455610048	0.01146014723879695	9914.649811724308
-902.3978292575578	0.37461972480225625	6.070712143131985	0.1920740697259587	0.5749153162393461	1.6264239977041768	0.22862072317176432	0.01121059474329202	9975.434553662319
-899.2572183902837	0.38596076876176516	5.987677267029824	0.09059278480849342	0.6607326877642024	1.5407906889885905	0.2332161871300306	0.010431927413527562	10068.825027859732
-1202.252503104794	0.32032508465995885	9.896444846699472	0.2436624369827625	0.37384208612527703	2.027831547696889	0.17224372561755208	0.009620750855622195	10290.155737639878
-911.3890268428214	0.4041475605294057	6.001336449383841	0.14283108623536228	0.6036811731734726	1.4379467212765153	0.25962777906934276	0.008169335279375948	10080.923205145311
-900.7662189242249	0.4089410254074811	5.976514736041605	0.0024247384839677665	0.8039992279007939	1.442859215606115	0.24605992260116233	0.011821562869052296	9772.384315491345
-901.5619876446541	0.3999394008571634	6.021420528420292	0.15787407982233861	0.6441558962251963	1.4904245443400792	0.24401129879771805	0.012014206752295491	9790.807860905483
-1193.715220381643	0.32218492563880846	9.894266022606903	0.15989514419602996	0.4498806095310326	1.9696061197890329	0.15706083861378214	0.010057484309135393	10344.934738839365
-898.9315968124397	0.39419529347047605	6.010021680153751	0.10902185747110558	0.6593637413388301	1.5075934539763058	0.2306355584635996	0.011603732529931458	9957.97652990001
-902.0099928474854	0.39579894614432015	6.067313546226209	0.14742244708426988	0.623232407318493	1.50357176384922	0.23299007808880495	0.010104853662580782	9929.232010595084
-898.7983528831289	0.3821241676854236	6.070568920435398	0.0916677229364895	0.6764012594329863	1.5790280840751285	0.21788844361037069	0.011541123372420591	9953.386006540655
-902.2771810344916	0.38132264991421105	6.075883060169698	0.020059092929448134	0.7125140520297154	1.5677723976126405	0.23211125525431986	0.009177342574318738	10150.679154997484
-901.700859805401	0.38659939778852237	6.04288143556171	0.18053996871141667	0.6133567092999829	1.5652528048264827	0.228087759630962	0.012275288252654379	9830.164100646023
-902.0297620293331	0.3823493062346694	5.996107126216891	0.18116613171007406	0.591286135635133	1.576327004536736	0.23440389891573254	0.012479588245478625	9961.118252644928
-898.5875745412588	0.3820513191592756	6.024039040691232	0.06792115341634031	0.6818022857882209	1.5621078241488529	0.22773648160511578	0.01089128317842347	10070.814260971003
-903.9163513932291	0.3820420321829119	6.0042955546986345	0.20818617749865387	0.5492923195867324	1.5785290009319775	0.23807759926339095	0.011047771073125824	10034.404366029468
-900.7348881372011	0.3854193055562353	5.952407270434063	0.14580726225959484	0.6162994821202802	1.5529099346856756	0.24246419598245766	0.0119272001730751	10027.791181936835
-904.0354160224414	0.418525128785209	5.981021937633328	0.12166812267441317	0.6890747946036756	1.3946953897917325	0.24796045279950008	0.01235658316661544	9736.315149858054
-898.4277645180023	0.3805654545209683	6.030394060770037	0.0013373859056807383	0.7794197704753518	1.5884233721133285	0.22264815895961806	0.011718933427921255	9909.103482643399
-902.9885298434007	0.370942025395145	6.092341047211061	0.19433029955719114	0.5694845368352806	1.6436885352513706	0.22525315641459487	0.011109393801885982	9990.844163263127
-1208.7069779508608	0.3701427926639812	9.79578202956225	0.13653194209868683	0.4562771193885038	1.6000676731536092	0.19022723874081143	0.0057246118983486595	10443.0236454793
-906.6855803295587	0.4011871551114727	6.072588271979633	0.07505776594346145	0.6770561287248402	1.4534372327148641	0.2514376489371861	0.008604322316156373	10036.056240548805
-901.4962618341843	0.38757303888290295	6.103729489128474	0.1802899842623082	0.6009471278215577	1.5476733688418935	0.23858949840955473	0.011550384533314586	9886.633999942478
-902.8135479725436	0.3721451425858526	6.07729253268877	0.14478874916418052	0.5875792920176687	1.6322200484238154	0.2199835188854194	0.010128377861581899	10151.225836130854
-1214.0254439936343	0.29347011315474236	9.912898651386348	0.30372309230355515	0.3566424880718949	2.3050519582841797	0.18242717296977867	0.01187533879923332	10033.941766355498
-901.0845685794638	0.38586754180021904	6.0576444774050895	0.001	0.8167378115439001	1.5599208777369118	0.22849133166098434	0.01278249776428448	9725.13043740954
-929.651155541407	0.4227441989209452	5.8689524011884275	0.001	0.9421335966256821	1.3989962816421926	0.2513002468623094	0.013751984521697387	9209.123685435987
-1196.134582147682	0.34797338751610946	9.89798921670258	0.1552620592375242	0.4370097434351467	1.764443902200605	0.18270173969884587	0.010256023630849057	10456.214879648689
-949.4057644584841	0.4438569530835802	6.083992385992863	0.001	0.9939079246573144	1.3141158707712082	0.2781711975010746	0.014856168738799502	8955.434313065138
-904.8950089485454	0.3622550858651208	6.156600437009013	0.18303718007250946	0.5723469354658973	1.7053811203682752	0.2101709257485353	0.012141267885744201	10018.01731138432
-902.6021899756097	0.37891892030459234	6.193404474583532	0.1853307158830377	0.5765454199574204	1.5975456863016675	0.22992377318911963	0.011346414330252715	9966.414339301962
-900.0724470712642	0.3796532469489153	6.099498743120813	0.1419670364819331	0.6180303507320991	1.5922621531558387	0.22125334227097132	0.011720927339539746	9992.046421256573
-907.276248028526	0.40094964700553853	6.006680426405692	0.20338851911193762	0.6216596903195445	1.4945029955054214	0.24866728049411074	0.010896453204220434	9686.783602955215
-902.5122096139532	0.3892978605557924	5.983390211516597	0.19599619783835087	0.5947138202924394	1.5470605182834596	0.24046479253147407	0.011910056837444331	9866.175657520092
-1303.8724515675055	0.383913071163501	9.881620310525047	0.142170680820018	0.8245177525401646	1.6422744002619052	0.20398150959572153	0.015196965302580048	8402.034273283167
-898.5719426892044	0.39159008530603595	5.980123719013687	0.00168185839119597	0.7689229078755154	1.5151898649159312	0.229677641139528	0.01057127627595074	9961.830922653488
-903.3793204857802	0.4213759127295973	6.023593800679449	0.028331645674829847	0.7807994076849366	1.3909462704491544	0.2473816549181776	0.012145119226835826	9725.999403283591
-1192.118744916546	0.320454582705499	9.876618748685328	0.1252558922655729	0.4958525322230333	1.9785507267343052	0.1763496657080012	0.0109738251565844	10288.415447645699
-1255.9110608852393	0.3681084490165857	10.0	0.1970425580303605	0.35297091204043896	1.5952443426671459	0.27610556602702185	0.006853070455350095	10817.977309759435
-902.2194444623851	0.3972157498607091	5.925468217847019	0.16860763883011307	0.60084309758247	1.4946485324753551	0.24040412874800096	0.012179145029496102	9973.522574771096
-901.5941137250386	0.373766399097722	6.044946346468511	0.06982486536883704	0.6600857419199029	1.6029126716203994	0.231384527560977	0.009788299061871446	10187.313443368585
-1231.1273008559922	0.29670667555028885	9.904033163701094	0.2827246666030017	0.3922663593387992	2.266656901961046	0.15640749960120348	0.0070000338834357795	9919.19641350648
-905.5556691667432	0.3667422477524608	6.203601665272457	0.09432907287635034	0.6845763977327083	1.6755385991777267	0.20652769317209413	0.013963774470219823	9883.118560220597
-898.5318402441409	0.3855998999885947	6.020053632188098	0.08892487854624063	0.667200057669865	1.5498406943904848	0.22724753741410392	0.011060435854739136	10030.040531262655
-904.4699785966545	0.4167146764207084	6.092616166961107	0.011117337028645783	0.8170571410194378	1.4112156272798684	0.2503323902067561	0.012875936659633215	9634.524761793264
-909.022402580102	0.385889764108763	6.144579374914949	0.11728194783382763	0.7426774388497839	1.5714251447585912	0.23877308156170868	0.012520122079460938	9520.837266762133
-921.0035890776833	0.37975279717509386	5.995872866029764	0.324024778768496	0.46746292954935587	1.6366387173458379	0.24047011483162925	0.013134935920178031	9854.376379722607
-902.3265640028033	0.39816107266225387	5.931750550520252	0.15750958756470423	0.6105184614411127	1.4791658860593044	0.2548512703696694	0.011757074807673518	9993.683221612515
-910.2429249335814	0.3803358698722688	6.170402993165575	0.24464592313917577	0.5699818273688108	1.61066909761941	0.23117828354725456	0.014284057017053141	9708.572016575485
-899.476799183466	0.4001422495483487	6.046306667483408	0.03704706408596736	0.718985251485943	1.4701907479890697	0.23077458124610264	0.012112522535403058	10003.25561345943
-899.3194882269365	0.39408298413581283	6.16758825475664	0.07057585920775578	0.7005183087587863	1.508969625015185	0.2282203571269868	0.012159559278605177	9905.46615906469
-1207.7378889027543	0.3586743529259187	9.888547209799029	0.13800549390857367	0.41651305340366546	1.6543308070395137	0.2018360721395685	0.00782567025371971	10750.989939906991
-1138.3659182147162	0.3264180001272623	9.295397671945377	0.17333355233849895	0.44481954556145337	1.9447920173918587	0.16841785382884641	0.011385707468793268	10346.846297781973
-903.1628166452936	0.3761701729754362	6.09665799939228	0.17267583076035994	0.5838966422030812	1.6168276256534273	0.2219417639695581	0.009974646395549465	10013.646815835007
-907.5414680960064	0.39407962325375406	6.150730511027684	0.23346997031419606	0.5315077864024833	1.5240456416134984	0.24420669236742548	0.01213188026962484	9940.661198307216
-898.360390092429	0.38805734722720897	6.00689141483387	0.041500258788981406	0.7416469318085411	1.545298524563621	0.2311431204258071	0.011161734415083547	9898.215036239382
-1154.4724145551745	0.33260602979192805	9.447320329068539	0.16914576811890164	0.4525101336336596	1.8873834901012214	0.17312150735518572	0.008568858359087142	10304.747103390531
-901.7122089624479	0.39482236693745104	6.083531306504989	0.1509457204686368	0.6457173909846109	1.5131369645921742	0.22796498105169083	0.013032182075312024	9797.064204713713
-899.10042630371	0.3883316537039501	6.014084303566676	0.11328446204109135	0.644323588366488	1.5319283049907706	0.2374764048297175	0.011184375244465892	10028.33891902591
-908.1640075245355	0.37404940493477346	5.99408898946766	0.25080602255898626	0.5154524938413413	1.6433231907401553	0.23578674342764655	0.01122258641676562	9996.704600615425
-1206.2553999457928	0.3305810656707589	9.857739599170102	0.2823314403532708	0.3970003823069748	1.9649345123217254	0.20545457366797723	0.01329003183203195	9892.83610446142
-899.2740821885419	0.37542865727551605	6.016586003377227	0.08894174659968541	0.661496523956401	1.6009955897288262	0.22899001995128812	0.011352644717349002	10081.091278314185
-899.7838409441297	0.37142119144563024	5.993659872537597	0.09677438704537365	0.6632108709415795	1.6315537738476273	0.22261024119601983	0.011013211416629221	10038.327538516956
-905.9488327268026	0.3826195090419626	6.001305395585443	0.20277414683678824	0.5551771712454074	1.5833731349899587	0.22910977471793892	0.009577746747503663	10022.008421901799
-906.0115862396979	0.4098734987509582	6.004337761118165	0.14893602401196374	0.6176977534667208	1.427980677312215	0.25082566087960606	0.013524189547782499	9956.497927941053
-900.4480796085147	0.3863155276415712	6.08007384262886	0.001	0.8062854666520816	1.5528492171212644	0.24203934048873987	0.012023162520580482	9779.967856513378
-914.3518195156951	0.3669082279579768	5.926679766633458	0.08278934340629282	0.6299618573022786	1.6414374779878012	0.22801560338275276	0.0069990749327901594	10317.278013002495
-902.2496755933171	0.39706106738994024	5.999160036668961	0.17320532358848534	0.596853399202034	1.4895753523545425	0.25081948284419936	0.011378066414666495	9963.116001838274
-898.4963675844666	0.39440267437331633	6.060169296424481	0.001	0.7916956182523858	1.5120178403201106	0.23296768844128748	0.0119562945325782	9830.224880066691
-897.9816322205253	0.38141202283734243	6.0530848494911345	0.015736209432135922	0.7499253567392375	1.5668999696527066	0.22625443781609716	0.011361808971928612	9984.254720742083
-900.6048605057963	0.3939853657305297	5.96244004070911	0.005989644562431993	0.7460407640889877	1.4879313460271455	0.25499485543699946	0.010462275847746404	10080.372886079716
-902.190384537266	0.38790259976835395	6.059787728616957	0.1816781067444231	0.5743069150271877	1.544600933118241	0.23609360039289684	0.01185447219846527	10018.308991863974
-944.886851570124	0.43150477534352283	6.085996417119171	0.001	0.9935289303004952	1.377978755249452	0.25262139350381496	0.015321619194685868	8945.943268499961
-936.9775194920006	0.4166622699740349	6.101889347597378	0.001	0.972085261403359	1.4392301243339354	0.2399995896616538	0.014917528865867401	9031.34358626285
-914.8243704585923	0.4050275595043774	5.785126717907332	0.06933454942142862	0.6615983625693724	1.4209073278870628	0.26512200239948297	0.007434792172250404	10223.39858372946
-934.5372803392389	0.4061156991096039	6.045280611033673	0.001	0.9623694988434843	1.4787131993752978	0.23720949554830273	0.013825075467272088	9099.459142065463
-1241.6608811284514	0.34794429518721587	9.881975129106115	0.001	0.8210381186289623	1.8392592232031708	0.1934285011822186	0.014964245115646079	9079.576995420257
-899.7686008337662	0.3799831096599322	6.110985945213313	0.09856182084511295	0.6421695457548527	1.5759906032675892	0.22356108390318	0.011130277404436222	10094.171529324587
-898.631762210699	0.38993573031000733	6.043430035085558	0.001012254617421134	0.7862336503698557	1.5339695265716413	0.23047799937961436	0.012612426266379472	9866.262024875501
-901.2550038555412	0.39013363152046476	6.0460333213694115	0.001	0.8215986486435689	1.544622480591901	0.22773812571777205	0.012277304702596864	9695.466112102
-903.9239410409142	0.37039703474856983	6.0692492209430045	0.20802391384726246	0.5692427458978524	1.6566705207896117	0.23196846649286013	0.011682758895429872	9933.163990213116
-907.1895200649491	0.3830830791662005	6.314648725880865	0.2041081480198902	0.5452749759814024	1.5791531816783493	0.23707697838619668	0.011832975351534936	9997.055420153843
-1187.3286374610448	0.34801580880600996	9.817840145997753	0.09162835312551733	0.5179717295880875	1.753136392764439	0.17537964270479306	0.008859268416633424	10340.032005718009
-903.6274643331496	0.3819622221865253	6.051458827478473	0.13017013317600126	0.6605661541487089	1.5836769078482305	0.21577530305596837	0.009920205353699226	9845.024881558438
-898.992579207915	0.39646138130773817	5.939010646720868	0.07308893009003008	0.6993878864489419	1.4870853812791123	0.24285816543412703	0.01107222035799014	9966.238732608721
-938.0198640398856	0.3881283068042316	6.473860618629387	0.001	0.9304850533580364	1.5884727198148336	0.23899417167952644	0.016472834103139437	9136.599710598792
-899.8905257618875	0.3754126250887919	6.040384980450287	0.1335313743987371	0.6260180803768215	1.613473001707055	0.22394993513172373	0.011169436637003653	10019.875211311077
-901.2350731179131	0.3819467804101188	6.032417153736289	0.13246526759187024	0.6211458222691504	1.5681663747952732	0.22371816435340514	0.00991756106061984	10042.477188878662
-905.8375147027219	0.371211794783934	5.817352833698634	0.14287634150044953	0.6138136208877347	1.63421902898305	0.2054220631450698	0.01144408217313297	10084.654793556816
-905.5154168212848	0.3814078629253074	6.049846390231007	0.23257809227140042	0.5350504649956632	1.596200519611698	0.23856017242695524	0.01168617050595925	9968.266452919224
-1186.9303770638817	0.34141197617332825	9.82071975419439	0.0468715168452903	0.5617604713589003	1.7980595652712592	0.18966001939824842	0.010695611313304574	10369.148891080504
-1207.7684750513329	0.32508699865762847	9.824779406846151	0.05984628004669203	0.6051047091931877	1.9419811738566803	0.2062416232313236	0.015485464310662847	10024.079022204694
-905.8590280665292	0.36978201686921947	6.251239451683927	0.20237997849354686	0.5660766204915966	1.6553443445848137	0.22347493575347582	0.01044268392108718	9928.272768095308
-898.6261516757585	0.3980215026933888	5.973737681290242	0.0010116854199396833	0.7875242532945607	1.4882789603747582	0.23671263409161375	0.011409232349749469	9870.08191838235
-901.1673464251662	0.392468502552347	5.962316301044855	0.15485166243574214	0.6322908733548852	1.5215334990425382	0.2343252639194533	0.012670172273023193	9882.696067159055
-899.6513306497293	0.3908761550615685	6.009486932431979	0.1333820135665435	0.6399589520194492	1.537686806398146	0.22584034984650278	0.011804162086903928	9930.648857102064
-906.2516664800862	0.37658631500447476	5.9940875072288975	0.18759498723087342	0.5480962826601409	1.6038340750187616	0.23969237141311192	0.009462058967233343	10161.201685970771
-901.8579078279896	0.3873239391798208	6.071781399388571	0.09675547074211677	0.6605868099733979	1.5441922536617925	0.21523632900025252	0.009675696638707916	9996.718122753846
-1196.4389843966433	0.36005803087940835	9.872524831535605	0.15696043978950863	0.45537716929702415	1.6800946905305585	0.191994222206519	0.009494504764173118	10308.483728993633
-904.1704882711301	0.3935247939935391	6.124909581029595	0.20646572528267543	0.5591842958711094	1.5201800981874911	0.2385910660699487	0.01178939223836661	9943.89364381776
-901.0501266026406	0.38666239509314165	6.064561178355399	0.16970095942248697	0.5918855324846793	1.5544522542137487	0.22630829053561274	0.011577670728195795	9982.979933922023
-900.6229869711035	0.3897802655907849	5.931625294238805	0.1446191214489505	0.635919263648532	1.536471148474939	0.24540115617641717	0.011396486963133001	9936.085321326975
-906.5694380345536	0.3962782047726903	5.972426093472294	0.13979210534494102	0.6240122314716394	1.4904705768554993	0.25524793417953523	0.008836527932467867	10007.967585508311
-901.2247982242615	0.37976410824291157	6.085465789335101	0.16789598646405113	0.5882648530898634	1.5912396199571608	0.23236013126561897	0.011016281578045966	10022.593441966847
-904.185938428753	0.3828317519792324	6.024577354380734	0.2071468883320363	0.5704048672924033	1.5867014562387292	0.21756898401168304	0.012175577287283752	9908.82426643636
-901.3125314656463	0.38326267896600097	5.939773105587914	0.16581750440333082	0.5934201995561945	1.5723599896198448	0.2297941738131762	0.011353208886768988	10034.911190241733
-1209.8065157486647	0.3014804286400566	9.581227489231374	0.25368102557276306	0.4100249532863746	2.2122540858464252	0.1390451821121916	0.018326586299294637	10008.640857417586
-1199.8134092237508	0.3198538748281237	9.87657627686062	0.20565909460252627	0.3849194865270786	2.0032567999646127	0.14975919057242498	0.008760300878997835	10476.762786705593
-900.8073360071052	0.38989322545569244	5.989904205578852	0.13107443489311213	0.609680101620364	1.5189256616825548	0.23461647446792006	0.011207156521827839	10114.753370786826
-900.1397029973737	0.3766564460570924	6.104425458152087	0.08408444490122166	0.6916352065832355	1.5991884789603192	0.24101567573555718	0.01162328017901722	9940.92187833533
-901.9676204484867	0.3741233121135475	6.06846761878007	0.11742761236042329	0.627268484177121	1.6150323597999308	0.2146495124596866	0.009758867071209818	10084.858559943941
-1194.704832808352	0.329841558778064	9.86628770234875	0.0250282767822255	0.5885289250590653	1.8862165240280495	0.1769404046816195	0.008107714645254087	10335.908926369582
-901.3986481389175	0.36590503880208824	6.116544593392576	0.0875208845231216	0.6935789514025527	1.6768895746340435	0.212162615275403	0.011968753154533794	9901.416140357738
-898.147447302844	0.390240977032686	5.967894747773537	0.029594174921535637	0.7524213153931912	1.5258051049282817	0.2327234738532983	0.011705188215184749	9913.760550967856
-1193.8454515336853	0.3423545475908505	9.900542723895631	0.14567567344339746	0.45986669862963303	1.8028715910497708	0.17012431150711996	0.010602680330425543	10360.13158734753
-899.5911550297687	0.3888242014772626	6.031946562416288	0.09465683256530294	0.6919055631749546	1.5349827984399727	0.2366866805379962	0.012809015557893542	9880.4580240214
-922.8661529609448	0.4105506590876137	6.09854587473705	0.001	0.9216783957874766	1.4669564732326865	0.22720908076897617	0.014789503919732841	9220.08870616502
-898.5363441145927	0.37975483342941135	6.029281909269909	0.0014468059810458915	0.763173372861442	1.5777507709330663	0.23614956817429886	0.011011832566044521	10005.977696227175
-909.978941650076	0.42811990947637796	6.085678405612886	0.17484300457453558	0.6500987612564697	1.3614370807632943	0.2561768282718057	0.01261718695681825	9632.259632222323
-902.3741042835791	0.36990448268142273	6.019861786668138	0.03858092844128091	0.6969848991905642	1.6328283229500544	0.22806881287488853	0.009372080628945156	10166.29386788987
-899.6368925828635	0.3872281991815545	6.05486765659783	0.001058290216563709	0.7413283455125447	1.5270565934461882	0.22727535787627115	0.01003769352162314	10093.553934482308
-1162.097962268039	0.32382055166475493	9.54375689075775	0.1463884943381595	0.47333385096931535	1.9607223464484205	0.16227084566401234	0.008895595630637748	10311.108136020988
-900.5640898400947	0.3758369023146252	6.056335167312808	0.13162037079719713	0.6144006103179626	1.6049107584473534	0.21868115014296036	0.010757389701810359	10080.934923007451
-900.1743519890368	0.38658283340157623	6.049605102966732	0.14754777541101713	0.6231607789089713	1.5504557781725223	0.2394055256189399	0.012045699493303906	9955.235864435266
-918.3979763164598	0.4036861118517986	6.099975423817423	0.001	0.9095239546293359	1.496438647667201	0.23620936388893168	0.013349012670512075	9287.967333785373
-902.0728478504886	0.37671016656560274	6.109673710563759	0.18765137720458405	0.5832702691295005	1.6185589974087269	0.2272864057167498	0.01195519552511514	9940.640458038808
-899.380091937659	0.40012138830975	5.991904390721155	0.028586643883909028	0.7715847214651962	1.4879870011692435	0.2327184107181894	0.012060504168375947	9800.244515244283
-1208.7421465877608	0.33586469617018627	9.904492692417797	0.07427579277953751	0.49115201774470113	1.834595784069235	0.10358221699097309	0.008000419754059119	10616.336537801648
-898.7478673727595	0.38773462397273617	6.012331871207622	0.046559516932297894	0.7180176920248719	1.532080614958094	0.24144417535029322	0.012095062985934097	10001.333611699856
-1197.883403047199	0.35788480262281325	9.84678156487336	0.0959362208481084	0.5911564888648663	1.7357260507321486	0.168926925593687	0.012987472348137592	9796.980339378313
-915.4389816304962	0.4029616079365979	6.088490240126419	0.001	0.8974841665036115	1.4953587612136847	0.23717478511726128	0.012866903925741885	9342.701592441357
-1158.9311609307017	0.3232360684062958	9.499534379545892	0.1847749402254465	0.42677059085585234	1.9567603650348773	0.1806564897072844	0.010034695972233713	10389.715528574307
-1193.5656529891658	0.3690312639571865	9.825268409894736	0.07193102104366311	0.495741601283752	1.5957401579161063	0.17427152041649643	0.008773874510701659	10617.503567888754
-908.5263823297297	0.37559469095445175	6.144895267220067	0.25694813007136724	0.5162810855803284	1.6426912030718142	0.22474237855203683	0.011961097392387507	9910.597367200755
-901.2925097052068	0.382052562876306	6.090887748611115	0.17469430537565894	0.5971446833288969	1.5826363867890367	0.2372552216028991	0.011966163437095187	9942.269270634024
-906.8811244939577	0.384679915188314	5.902717333045724	0.16295280729486367	0.5817299020297747	1.5489382908603537	0.24787925051226983	0.008809200644406791	10134.893391962347
-898.0354282910027	0.38807043190389207	6.027770567928245	0.01412718033915717	0.7420644467077421	1.5349682962120301	0.22666900027577225	0.010961452839427016	10024.250760197743
-900.956826892085	0.38388939443601056	6.055825542799488	0.170991997495258	0.598479435869662	1.5657242203897765	0.23641796241613838	0.011060004151062557	9960.992471986008
-903.6049884573983	0.40633508807736973	5.912701295218175	0.17051236777653236	0.6233005184250013	1.4504232456706783	0.24321356400531824	0.012468906763375169	9846.890399764663
-906.1281270450395	0.39296952011313435	5.8710096274286	0.007325891771515417	0.7717067080686913	1.5006822631217176	0.2526785913007707	0.008719613709618441	9968.910335261833
-899.9520469879478	0.3934034351623462	6.0449436944531945	0.007182997687002385	0.7548529897277073	1.502360800392289	0.23086095080269495	0.009858594818392007	9986.770457968825
-906.6838097089335	0.4134591781237619	6.334752121021035	0.0021024468736853324	0.8024691714185954	1.4144473462512952	0.24304831964084214	0.012871080037806638	9688.118015233098
-1215.7801384155282	0.30349763835025567	9.690144246490119	0.33100480665788096	0.3676806090516765	2.2277497467592595	0.2334487198780074	0.016190471426076335	9836.506612794665
-899.9709462759232	0.37755507474538047	5.997618116040821	0.14213461217525067	0.6227476154371421	1.5962445660650053	0.22953350813099138	0.011268918321222536	10006.373163161375
-898.5200671413007	0.38910282307754707	6.1309087508302635	0.0015039755016074752	0.7634320141110376	1.5339311634728447	0.22657545182827107	0.012181389938473015	9952.482800964683
-901.6716675340317	0.41128446906804333	5.968410725117888	0.03497334499662668	0.7487401676420855	1.410455829452859	0.2474789172813585	0.010549786129831507	9885.001301823528
-900.4099625634299	0.3743538551112865	6.052517230250661	0.14447844315566669	0.6196327954595805	1.6107340654091191	0.22096812872314342	0.011389207095782759	9996.311294955334
-900.0923275092775	0.38169400031196293	6.062914555835185	0.09086996900738088	0.7029564224793723	1.5833889795450447	0.22766556750484002	0.01289056295114083	9839.905547096188
-901.371767290853	0.40581927013745106	5.967048464583853	0.10477778057426104	0.6806875771170264	1.4383230931213042	0.25630078105656895	0.011343550510982023	9892.407257914294
-902.1083951079836	0.3837337584209016	6.034035996977726	0.1547522776975559	0.5872427388272211	1.5566008516210337	0.23867410533013078	0.01024674875994456	10109.520666774037
-900.9744583435203	0.37816209032721215	6.002131531226957	0.1628582398617081	0.5979752195577933	1.5904865838854096	0.2336754513873767	0.011703751308642934	10027.453523419861
-900.6182647258931	0.38554147483788215	6.0307667079786995	0.16800661098544795	0.6061750406773052	1.5623496051124148	0.23588295292078063	0.011859746530227581	9939.100172639552
-900.9279405715148	0.38508660975278075	6.065902738302456	0.17261772001373135	0.6000685030395996	1.5649236371997701	0.2301175194181362	0.0121021061898356	9933.432222427682
-898.8977943491598	0.3855978461996713	6.001771050768536	0.03985595774161668	0.7103986268408446	1.5414865881407298	0.23174469925296703	0.010285419021755839	10071.372203793175
-904.224250489675	0.40428495228374234	5.954275948658106	0.001	0.7665732843654814	1.4389347922671474	0.2745439804441332	0.01083761758062281	10003.706990279506
-907.2398628104698	0.39156701390479065	6.216300645766739	0.19834601191384046	0.5947695886843759	1.536906478378323	0.23819984380818957	0.009994356476575659	9791.311943157456
-901.3650538721186	0.3827160864227738	6.0073835011032335	0.172061300267928	0.5870866046165967	1.5705569806210173	0.2379868201538883	0.011680784407476183	10027.561090858544
-921.268384074316	0.43011096784282327	5.993932089744947	0.001001678138263829	0.9093948612897493	1.358106486868596	0.261939386294486	0.01414890242926031	9302.612824289849
-902.7252469379332	0.38195963100273433	6.008572340809028	0.18595411658857186	0.5658215596189679	1.574817852154849	0.23382306598010114	0.010607748962134842	10061.156226816416
-1231.5448180046392	0.3190685368953979	9.911815697521446	0.31308808394306076	0.3121031719916414	2.121397777581499	0.15137047009484747	0.009062476133250966	10197.775372445674
-908.3490970445598	0.4039779497733689	6.031733570691908	0.001	0.8368444597824214	1.4842053608874834	0.21978558298193057	0.014843891267017708	9597.145173051184
-901.4893578665329	0.38081178481273625	6.061376363497117	0.16814685641921284	0.6122891856336636	1.590854301792374	0.21823472747771144	0.012331967164426097	9894.175876487683
-899.7752985689185	0.3771940937853733	6.019004397816773	0.13772366374353726	0.6285862822100717	1.600505221760698	0.22823922255868556	0.011259327974382708	9992.988169397438
-1197.3810689309428	0.34973359560848516	9.896878794821998	0.18885638373228844	0.42620901430637226	1.7716074836146145	0.18210530068605266	0.011074968138456294	10285.220574699108
-900.5417505239807	0.38840805803188355	6.048177587665758	0.14465657497144715	0.6072283040542303	1.5415314203127815	0.22917889709746286	0.010722139981321275	10036.794422325687
-900.7415637546361	0.37133725677600504	6.043708882510771	0.034665298740782814	0.6945627167539078	1.6183795281989657	0.21669237417649384	0.010324675023098931	10183.334173067698
-898.6853910862117	0.3836377539404169	6.079348891402054	0.087412804402196	0.696175212617642	1.5672065894839435	0.230777965030319	0.01179178348393114	9885.629663387326
-898.8946986594394	0.39816107419775293	6.012619986093096	0.02279923382273687	0.74290874091981	1.480758749852941	0.24120437852200524	0.012202654830223154	9976.069512118536
-902.8518489954145	0.3731820113771269	6.0475571780949515	0.19492989118442797	0.568190285023643	1.6298460640642187	0.2335057859418199	0.011290498023785369	10008.294583959578
-904.6350378201541	0.3719889856716837	6.036103507147142	0.09896180612020658	0.6363279699317027	1.6203125339957178	0.22175243491614827	0.008702338775094787	10153.721117120152
-900.2413726931261	0.4098587275191813	5.942637462630464	0.026331466364162535	0.7516126028391635	1.4223616781161315	0.24586488897032513	0.011192977666870768	9918.009731796154
-1227.7905005709506	0.42617794076497095	9.906531394027201	0.10595608596438962	0.5014598262844315	1.2843590145519101	0.2073326835318707	0.010597756423581671	10274.126098900246
-903.2848794105895	0.38550705029285515	6.011768532011192	0.20827357712357542	0.5628093007664396	1.5654606814258312	0.23798034240216476	0.011196574370698395	9957.46768368278
-918.129368229032	0.38981450052290695	6.19917607298789	0.2941449740861454	0.513186816312434	1.57067189790443	0.25155015846463885	0.01462611767492008	9728.138017044463
-915.1147282284815	0.3938815067528104	6.381784163807398	0.21690243004695825	0.5603127560336518	1.5296134202433382	0.23073498490768873	0.014882813172241546	9816.592175218746
-1214.0476493568094	0.33332915280903985	9.874071168973188	0.2550982055817933	0.4035531867050205	1.9156687490155335	0.23800571867632975	0.013538445460249779	10054.638381758616
-909.410843870855	0.3978443596734743	6.019452975467071	0.21105853529371055	0.5537597502864815	1.4935303084633313	0.24441438893990103	0.013927188258665154	9971.918758068978
-899.7794966245274	0.4050257070313493	6.015021178348563	0.00203731382699251	0.7812302036532401	1.446516899588096	0.24394364587684159	0.012543521049024956	9881.269310276755
-908.2373290026019	0.37962785009563615	6.095685684006591	0.1676363316020929	0.5491523331556033	1.5789168392061692	0.23144407026272545	0.008835891236133675	10226.9987213032
-1203.7962597062374	0.30038044293211985	9.866945182122018	0.27370470291284016	0.3682717509477959	2.221383890363336	0.1765308770237316	0.011863820469933886	10151.524337844587
-902.5410105953232	0.3904404672812468	6.1064297253584225	0.17507828801214992	0.6248309300746141	1.5397012382754636	0.2461666839117893	0.01256315685150216	9796.98286881815
-899.922740437687	0.3797844237068348	6.009991513948645	0.14024446825913123	0.6301174693768312	1.5807563250116754	0.22941082212510883	0.012011141403178587	9973.451820190758
-897.9631703657325	0.3912553207246235	5.980445177189353	0.03644174421395352	0.7321146569387301	1.521700761271512	0.23282740158716508	0.011691971502835345	9973.282033191155
-902.6101729321317	0.38565680616227055	5.990319036504545	0.10137722892611432	0.6669024938330745	1.5445481783693933	0.2287361272955487	0.009239885782174039	9980.097510848807
-1192.6688208275773	0.3509017369007024	9.842030591828607	0.16917235096612107	0.453186055190149	1.7632470749666873	0.18925529014199238	0.009245087587148463	10245.125520409047
-1204.4391910527302	0.4116533491965603	9.683468272147847	0.21785116039259758	0.44580642857128144	1.4379994503965723	0.21154433377297224	0.011417810026275609	9914.848193848784
-913.4835308468114	0.40153658885851545	6.0288116010987105	0.001	0.8877478130500127	1.4948574781113015	0.24015782331469623	0.014126275578095574	9405.231185762037
-903.4050995013199	0.3839264508509674	6.050802992847264	0.2111783094639457	0.5684770197028821	1.5815115617060866	0.23291407047508983	0.011155161663893498	9902.285407353069
-910.2107387738704	0.37555178379233123	6.063425685023331	0.2534680949085317	0.5213439754598143	1.6343674712347083	0.2425244985748492	0.009917961186835189	9940.36333391731
-917.6447582160747	0.40672159328196256	5.923610206006315	0.11036904001148565	0.7869901794108234	1.4714919438043	0.23628410856249674	0.014613735094767025	9384.164067459169
-901.5459536502489	0.4052460628576614	6.091589013815672	0.11930341052592891	0.6643045831966152	1.4467206840952964	0.24748952189251125	0.012521589038987629	9861.600625093197
-901.7484506416405	0.3903759970473129	6.0068719353696505	0.17254321849292972	0.6085417296081438	1.5266854257670097	0.2490588198984605	0.01205716106087421	9917.647170816606
-901.1326381039027	0.37625382548081465	5.975389557354986	0.12846832503779881	0.6233885523989887	1.596202029088798	0.2400738716742802	0.010400660206242892	10090.830506550476
-919.8982577632268	0.395164880795828	6.15469582966814	0.19301788786167576	0.5084389669220697	1.4850397644003954	0.2670499133679696	0.008568122719799889	10298.858338437183
-900.6588905267702	0.3762558143532061	6.143179113508396	0.10213782005964828	0.6706605011712857	1.6163939352225158	0.2075080890676078	0.012190219888238187	9912.519272237756
-902.3233296226422	0.3686098106562393	6.051479824571517	0.16955269726706962	0.5828038806258242	1.6541735061908045	0.22460304382381605	0.010872438476090861	10064.089629241576
-921.1232814278944	0.42344266851093265	6.044711116968052	0.0010169109521518788	0.9165742533883422	1.3943857948291745	0.2472088931550095	0.014210271470281635	9255.943459641006
-1203.7118470671603	0.3692310976210585	9.920472349192568	0.027586708933851	0.6354564160408922	1.6383024358248592	0.19501297505557333	0.011300037653604475	9956.084648436537
-905.9760235302385	0.38012750130734213	6.077421656510733	0.24176710790863692	0.5471773352482997	1.6101624801017922	0.23044892518139426	0.011735806028695527	9851.539955050472
-905.8197756364968	0.4048795770320566	6.032113332187678	0.001	0.7893080776386315	1.4418263959250421	0.2722199835526419	0.010188812704781721	9871.074164887594
-899.7192137326875	0.3881863482610317	6.116060065645054	0.09013724932714362	0.7056912020243618	1.5531680647586672	0.22527217284970183	0.011411322738052575	9802.232517183005
-905.530769313377	0.3767094164612881	6.041133730476795	0.23196229832447254	0.557385935101739	1.6255356275860584	0.2244840347244096	0.012145558506403238	9861.797788511687
-1209.5373853231395	0.38560487246408165	9.961157832936964	0.027953309934584163	0.5882547790848128	1.531760449872903	0.15940705536084399	0.01027199147421563	10209.967358161684
-932.5785908743603	0.4354635333343357	6.05823912513366	0.001	0.952199580972721	1.3453631171190992	0.24973656849470058	0.013647502667544277	9099.388472337067
-907.2566979407014	0.3964478063000902	6.133872672017126	0.2429906300354083	0.5535268004320851	1.5230682256433201	0.2386260317974179	0.011743558097084609	9780.365101748424
-897.7841261741405	0.3882511607355451	6.01602262968028	0.027793184047900817	0.7378837942617342	1.536878728116582	0.23143494960772976	0.01138274981196814	9982.963944226804
-899.408279383885	0.3916532150105643	6.027290453835319	0.06325773905466638	0.7048278040708924	1.519616789804039	0.2307663435531959	0.010172639189945943	9961.218938808295
-1203.4794790066844	0.37806722339833804	9.831771844760757	0.1781643531829692	0.4194284111410443	1.5665852732235677	0.21491110865023438	0.009235409137236777	10408.308768729266
-898.0300754823761	0.3830041825907272	5.986500665127252	0.0015855195152028698	0.763700345711652	1.5622028551675313	0.23360998317937165	0.011319183932099857	10004.573697502707
-916.5413859127486	0.42490038717725903	6.000214695307072	0.0010543246641907934	0.89345616108162	1.3834381504422233	0.2515529861803205	0.014284299064062521	9361.912248400751
-1219.6418109003848	0.3794244930247303	9.905646827450976	0.17894653667727514	0.3744320883114149	1.5278343901225546	0.21617815945454744	0.009319315936350298	10736.870263803394
-908.0056857963074	0.3539842508517386	6.218757607949856	0.1548625737333831	0.5833687965024622	1.7503129810620017	0.20190557132358916	0.012581324727254612	10102.805189203602
-911.832623711492	0.4062359701505859	6.051293473072167	0.0011677133824610868	0.8832395207970328	1.4753271334206486	0.23766569040691563	0.013387358724353735	9405.896059114628
-1192.3419069218673	0.3523325243720021	9.888014839884844	0.07200511802359993	0.5367219379075011	1.7347298592269884	0.17211651859165128	0.011224198853442816	10326.9491281947
-910.0915254960616	0.3894549663725514	6.011173535011161	0.001	0.8633330380127522	1.540591115910123	0.2483616436028202	0.011869868131915005	9544.427557975025
-899.6067439896117	0.38777828260682445	6.021933256425957	0.12025997827428804	0.645333941787096	1.5357298080597812	0.2334332619678841	0.010522891945141518	9984.094968986452
-909.5250842092001	0.36327404608389663	6.119455879134064	0.21075207106670776	0.5079201017762132	1.6893660895361544	0.2158729268772444	0.010907427219325447	10221.663836415659
-910.8269263293054	0.3997005631819131	6.070023505732556	0.001	0.8779540081490058	1.5012810596047195	0.23501653094664487	0.013598478424020411	9434.271920282981
-906.5920507323756	0.4023967748491546	6.023537470025593	0.0010656695666023245	0.8534682342242786	1.483414239684429	0.24111977197043988	0.013756635883595098	9551.404983660354
-899.0168798258466	0.3866185688003157	6.065726021137991	0.056881782395545956	0.704348028029181	1.547608985575688	0.21312741085134274	0.011485173625672418	9979.220301913105
-904.0408224189473	0.4140079395392909	6.002266183263158	0.0016692841400604203	0.8298551317964545	1.423207676833835	0.24475357091336356	0.01322658960591028	9641.859836837297
-898.1300807936868	0.39259055886354444	6.054341544075361	0.003904016049737933	0.7787618841399402	1.5140152391744228	0.23521134488769718	0.011994935298753166	9886.932023995389
-1182.096344795759	0.3284125640537772	9.767028565979237	0.0010060349754427258	0.627627054918584	1.9072798176149233	0.17567511613871614	0.009376659288736669	10239.73418765569
-904.2994417633927	0.3922979312097398	6.106186853023728	0.21417718897656343	0.5764078294450802	1.5233164612001966	0.23894216173084074	0.012249091437525754	9831.60875070204
-904.3937765106824	0.37059781528170904	6.056194212122571	0.21671951338252848	0.5582378609599483	1.6481751721546796	0.2269465109794218	0.011692966320537377	9945.085812349162
-901.3471142957779	0.37614251732621534	6.108419860870351	0.1403353393269483	0.6218151819454202	1.6084223244160167	0.2199194524419754	0.012718593890061554	9985.503143421658
-900.316713578544	0.4045093926710457	5.966013457037505	0.05965436523308274	0.7200866516210295	1.4457360900264198	0.25423853223716986	0.012003499441109764	9920.933660671384
-901.7447124492583	0.4018090506334896	6.075004455763758	0.0010141238553734418	0.8241973762652045	1.4827348357700243	0.23916695311851446	0.01208635230160166	9667.208861182278
-899.109960655594	0.378513229426915	6.019081086090408	0.08159157429002295	0.6743154514184867	1.5824261001527387	0.23563213033393404	0.011637533574348005	10053.635731208973
-898.6777390682702	0.37828023287116563	6.057087608411243	0.0754303517591991	0.6903411511629788	1.590607636892372	0.23256817381691822	0.011373981412557025	9990.966778074044
-901.8332257815889	0.379394267605504	6.058946265262863	0.18188296863025574	0.5851121970103614	1.5895722756454098	0.23763090336789822	0.011966752366405514	9981.104750318245
-903.4858552659407	0.36848949184237606	6.154511665364324	0.15080463366640964	0.6106223460956118	1.655893352110417	0.21718948643040295	0.013077050680456033	9987.992866222989
-902.6722045506253	0.4137447177052124	5.9658722224340615	0.08898360318878129	0.721149380329381	1.4144724001630191	0.25435271493761163	0.012077104920652284	9758.424580597564
-898.5470339955903	0.39249055755644047	6.076720924007501	0.0018887349666747604	0.7688280147446622	1.5075596959389264	0.2309777376196912	0.010760844527447388	9938.079619927625
-1158.1561620577477	0.32727274461390266	9.345440470602659	0.17584345945610497	0.4371775749485865	1.9375693960489695	0.15840346187798263	0.006328376662693243	10367.797967222925
-936.7943206035733	0.4201392586252918	6.044332115132881	0.001007432242593597	0.9699869077862212	1.4196705331908135	0.2501738789182382	0.01351458324290626	9059.29363051204
-906.4084669262047	0.35616488062500784	6.13749406607348	0.13947826651781528	0.6345820632919354	1.7382611968781174	0.1998957799084398	0.012975135881896001	9936.076400114023
-906.198450169366	0.388542086457516	6.230541245915015	0.22897877897061628	0.5527359715361481	1.5668883216232652	0.23440403836453233	0.012205572779665804	9837.62934359213
-1207.0539352153992	0.2806432717361511	9.895708791456935	0.1305112941296794	0.46208459013610875	2.3265933193857182	0.14302111769895115	0.008899178936980705	10528.274758890106
-901.7886956613332	0.40904345118491137	5.9793289986209395	0.13695242205177094	0.6460098926783792	1.4366014256852604	0.24477647389454885	0.01125965867817775	9879.413206535282
-907.3139814794358	0.412895577252512	6.063808790527145	0.10672773354919574	0.7462050803603228	1.4407017406285951	0.2345165922944461	0.013193781930329895	9520.685256311715
-1202.9173628695935	0.32887538459138027	9.94731421768759	0.09463704499759341	0.5514777723413483	1.907759736861727	0.1835552875302629	0.013042567806301926	10109.713084672363
-904.4530657941159	0.3977096030503764	6.130898070606888	0.001	0.842438031939382	1.5040519498877811	0.23020845185053207	0.013000237094339912	9571.599945333943
-906.9476508645507	0.381724490171704	5.939013884746472	0.2017880649553692	0.6021595169416176	1.5960165185190585	0.21911720396612	0.013586951495760094	9808.545310108799
-900.9584384844796	0.38599548673233985	6.056153755896699	0.17534540594034922	0.6060675579253315	1.557675362184344	0.23340581716567033	0.012009885126724846	9895.578642248198
-1129.5400888044421	0.3367406737038761	9.193386644428692	0.18566434470921192	0.46985502603351137	1.88157512829825	0.17395924110028893	0.009099741891422554	10094.486009551225
-949.9511122469784	0.43085388214192427	6.132249411535666	0.0012251071977757834	0.8506456690302416	1.3449263797230364	0.25644150374828745	0.020519316232549573	9505.243359404147
-905.8680367219354	0.38989116959033654	6.20374469242094	0.22386782111313458	0.5852557837036386	1.556674075876926	0.23739259049954534	0.012290682796956654	9716.671044263605
-1197.4214921135508	0.3057740017495665	9.904072243493271	0.023239187091230507	0.5825592943421175	2.0892021853865	0.15621005142730862	0.009309614824401305	10403.779488128417
-904.3034197936854	0.3729586105358681	6.223404415170808	0.2009657460685077	0.5663294615574925	1.6334353796468093	0.23398287297124434	0.011592084355556247	9944.865383164737
-1201.3442564503255	0.3160571573499789	9.899982900899687	0.006454724300075144	0.6426514837544129	2.0121145559023823	0.18286180886953596	0.013173620675209743	10112.27698876447
-898.2907987082237	0.38557690543826695	6.1031701428868015	0.012540447169064802	0.7422042842539298	1.5468175605555348	0.22764244261943498	0.011710085706825114	10019.023627910348
-900.5441398119609	0.4126509187685599	5.994292652437226	0.001	0.7875342239680926	1.4184062992789874	0.23989199742877482	0.011482023337136266	9841.582253195824
-901.1042910645781	0.4015426247413274	6.126982087490998	0.10771101523963215	0.6464230528478033	1.4635192163477297	0.24284673927236727	0.011243845907547822	9999.962883336038
-898.7115617719516	0.3929447109749532	5.977697654303541	0.08463775213283183	0.6833526127003783	1.5073499716769105	0.23412870521988158	0.010889344395523878	9976.109658675641
-898.7533501898871	0.3816783261420561	6.000374145145209	0.09176144179642115	0.6653950316991442	1.5660750490527613	0.23406496041369446	0.011164944652983438	10044.336583709948
-1196.4573369759776	0.35540609780758636	9.880713416298462	0.1848217481512103	0.42918597437107375	1.7453409360125596	0.1771761419954815	0.011148545313425571	10277.763468808456
-901.4502000658301	0.40070364771572176	5.9453854011310305	0.1422913310764316	0.6185348002711104	1.4664522679909744	0.24722723323445658	0.011057650177165443	10015.076515556482
-911.872946161282	0.3882700700741066	6.427493631993764	0.16395811850141992	0.6322707616629953	1.567453959363644	0.20659214720922464	0.014500739713384518	9704.02297252638
-909.1416500422436	0.3936407714142792	6.0547692785878695	0.26403433961917877	0.5329485020612634	1.5461943649719203	0.24214832448861362	0.011943650969087451	9800.75186838179
-899.4320553335372	0.3730297322070848	6.054656382266897	0.0015134682808479404	0.7681730206967654	1.6338239207678815	0.2124460532984091	0.011780868504751213	9960.774299535797
-898.0635844750599	0.383356824061484	6.085035302980533	0.038630127682141725	0.7267500117660769	1.5659530474302323	0.22979735933683607	0.011455799993529773	9973.881256275094
-901.5956872523108	0.37591244201295787	6.05790942843277	0.16589698910853592	0.5885439462566151	1.6108870012106686	0.21989399173905166	0.010799651272683463	10035.37636524864
-899.507643554924	0.38664059904595893	6.028216616523154	0.12389147497764232	0.6534084898718483	1.5550109514836101	0.2253935211223404	0.01238356207807729	9916.177344077729
-899.3876360296713	0.3902452166332609	6.048487744012292	0.09052855246136905	0.6956563258536321	1.533895465183662	0.21841239232206341	0.01195903350956639	9857.902995553255
-901.8429846006154	0.3802245047859961	6.059309865684467	0.1842421395202892	0.5768163059146622	1.5846934303458617	0.23599146155267015	0.011367271797561028	10007.366459942614
-901.9654659636062	0.3720231991945368	6.121004722714168	0.11614853789270656	0.631528675575848	1.6294627696701707	0.2143122539529865	0.009877852815718067	10059.741376788174
-902.9770439917278	0.3788156802611018	6.022969495801773	0.19469618053114707	0.5670387755611274	1.5996458483995635	0.22732802208018696	0.010649871399222665	10005.407385080853
-915.6525079567732	0.3613170070016705	6.161469999029004	0.3000319376436189	0.4809055719179484	1.7343430134084485	0.23723149016005937	0.011657263452410528	9898.9498551406
-916.8568954969254	0.3751772955948753	6.111732932481519	0.3063869904606208	0.467791381575927	1.6568572219136544	0.23197830016664517	0.011994857551258734	9913.132602916552
-898.9688990990223	0.38936717851109437	5.9445274223250335	0.1054345382456897	0.6623763629913232	1.5294098884264722	0.23587737421615618	0.011112959085886187	9991.486824560867
-902.501824264969	0.39053857284369287	6.017221207603931	0.13945524069227236	0.6140411931695898	1.517895534328154	0.24406113197520884	0.00966381745392854	10049.489975920833
-929.2063799033399	0.3860103181586958	6.085053877446763	0.36434147360081354	0.45762084407429193	1.617210076434296	0.2511968451943906	0.011571039415378905	9680.648562781396
-912.7979963564038	0.37760667106551954	6.134221529394797	0.2912387468160303	0.5013328507285946	1.6377403415529408	0.24301078475256302	0.011434032794965	9826.87383336531
-905.3192804178589	0.3870290083979034	5.945718900816808	0.06965210720557127	0.6952491608197207	1.530482832914891	0.25070766035635556	0.008670680978976131	10027.146598253907
-916.3759277748106	0.3758738313151745	6.058224666636816	0.24643304722012643	0.564839969396193	1.6129287741961666	0.2814083000889693	0.011700981571471848	9809.277802338645
-899.5963630980089	0.40286191406424093	5.972516429266593	0.06369571715955888	0.7036736862276403	1.4538801930895713	0.24288367039656444	0.0107984106390942	9971.826623694951
-898.6654634444093	0.3903891574435416	5.9601714254646945	0.003354690233959576	0.7811215011655905	1.5247970447744372	0.24342324040701407	0.011686431719724645	9913.039558533248
-1217.5594192384006	0.35301703588831584	9.929374636385152	0.2811694735129022	0.41171369937080055	1.809720182720708	0.20393355735704172	0.0132641389999843	9769.876413391527
-903.0700325430478	0.3855106227357251	6.371301600898447	0.001	0.784771115345837	1.5610379172818598	0.22339855631110384	0.011426563587222407	9795.907199324336
-1199.0204068772703	0.31179557763013516	9.881776053185007	0.2401750926501317	0.40003162949841936	2.090053078398824	0.18118081371273065	0.011027542896852758	10159.032430936055
-901.5475023675	0.4053181534223912	6.080067621502437	0.020776480389450073	0.7764871494702003	1.4501871663314563	0.23900831025627908	0.013466075984376024	9792.937729402132
-901.2912587891152	0.3981553684118189	6.0544192836	0.0010120645544135522	0.8102901402635456	1.4921237593730776	0.25257001341767993	0.012251867962002564	9756.418151280524
-899.2470711331548	0.3977109547569244	6.010378447327283	0.0023792476332706726	0.7732073482292506	1.4783292202288885	0.2511324698171897	0.011366804359624658	9939.856655981332
-899.9037912217711	0.38978064772550725	6.06352448769786	0.12811608920645767	0.6366997649959021	1.526714605533874	0.23465875867655558	0.012371824815891825	9974.361745108425
-900.2187982217349	0.3820215582859296	6.081630689965577	0.06868348673832543	0.6947961732277657	1.577521526129459	0.20481701709812447	0.011780090178204406	9963.659376659607
-1228.7009137852779	0.36738600692736073	9.927828021731909	0.001	0.7363300953765476	1.6773316283191981	0.20916532561648934	0.01581077001049164	9520.761053013313
-1197.1314733070842	0.3548423217730874	9.903947327024783	0.015182445519335154	0.6173950017591158	1.717006005129293	0.18933609754232944	0.009639950844780433	10174.592966109356
-905.7424433790575	0.4013691249193553	5.952927503473351	0.08179460354471531	0.6458733016221396	1.450808391367475	0.23747363970214555	0.008784021807530965	10177.222120917108
-903.4930027396966	0.38967206968681584	5.966975590088968	0.1659989677039798	0.5780321799803141	1.5190451908054976	0.24860180337509272	0.010221375758785716	10114.650144299443
-939.6524927543506	0.41770358053297807	6.107610207737388	0.001	0.978731015951669	1.4345648578427295	0.2424602093554414	0.013571011671656943	9006.443316254024
-1187.9923998356232	0.3332355945550509	9.852364309086548	0.05405108982409568	0.5515098049554183	1.8695360725806793	0.15832530388590466	0.009535581062501632	10369.527760318442
-1190.8610361290373	0.3268690283654978	9.879227885438185	0.0037757310461587644	0.5938363564433824	1.9030267931514977	0.16711283734473814	0.009920996892111003	10445.465538322042
-907.7050040818774	0.39625141073571823	6.073332261604036	0.0010204589540114732	0.8618937497690968	1.5199684492986392	0.23220712428256238	0.013481904858483289	9503.454304391458
-901.1968654888647	0.37296949779516736	6.065522318550591	0.16314337654634858	0.5985210797430184	1.629111928663572	0.22959276301403006	0.011162894496239794	10010.504687837849
-908.3836417932505	0.3792435954609482	6.143715389209882	0.1098284853461011	0.6862064230078627	1.6089268420128982	0.20504157409903273	0.015018903327143649	9790.194425632599
-898.44967867938	0.38629909324114037	6.076192481525869	0.06667942704639168	0.6966112603401008	1.546141873451605	0.22728497576408493	0.010784381089195993	9979.982385414914
-901.6261678602341	0.3984474785437544	6.0652321849702036	0.07875490673110114	0.6825825738969353	1.4797485726726316	0.23608465337806034	0.009621202071121333	9979.074609305486
-1182.8034521033483	0.3238842668458502	9.795893474099895	0.043668283979053216	0.5674198998477533	1.9369782026888787	0.16434688953668053	0.010618194366403037	10356.59986654664
-904.4526051002283	0.368143758645789	6.057697048405837	0.20646238099921768	0.5804768514219028	1.6642512062017238	0.23330811325740486	0.011833525391653332	9896.76328594338
-901.3509595144468	0.36438309027158244	6.064412940524887	0.044498609281641024	0.728281478418469	1.678015168311517	0.2141291016830581	0.01239779668324186	9962.522177948562
-899.5237628638843	0.3797609083798918	6.116144680669118	0.0030211105771918846	0.7406274531734961	1.579822257819153	0.21964675646760323	0.010291498513030795	10075.2515886415
-902.4003311068064	0.3643123476214787	6.0547976507458445	0.14454195118758278	0.6025355509031742	1.6730135017617813	0.21519907956311943	0.010674315390537217	10093.52573938749
-1206.6893087805904	0.3424961079154743	9.993553830096646	0.1511017661479631	0.4382117544640435	1.7983840626873975	0.18908052835981864	0.008814470295093886	10483.841343259992
-899.7375929970381	0.39433217948770627	6.016486149529126	0.09532218516401444	0.6606905659465064	1.5000229863330656	0.24704746128560284	0.011007302909732385	10033.7312796534
-900.4054236291533	0.3973462821562689	6.02252563137585	0.053040987657169414	0.7317017867606139	1.4953004224942608	0.23736061928684668	0.013351523040017316	9876.0275611716
-901.5574224763627	0.3777879558262194	6.181769392899106	0.04542102027163101	0.7548294195444052	1.607145297098982	0.2171211593598762	0.013065286160899284	9778.164393236235
-922.1984226553748	0.4308180739679906	5.936043559896554	0.001	0.9134437817155913	1.357558706645508	0.2585253629348785	0.01298503635964106	9296.584327895755
-902.6822817221176	0.3703499028593544	6.015299484224512	0.07681872865902017	0.6615524999138661	1.6310956033048687	0.2116600344336601	0.00940514512341125	10137.731668842876
-902.781225400187	0.3796646042855197	5.8848200876507235	0.07885873319704069	0.6576316306800079	1.5754485946474637	0.22389892973217385	0.009265422864364438	10173.771635136065
-1203.740906319636	0.3906477245241781	9.88163068035433	0.0626558947132131	0.5265830371869463	1.4661887836625884	0.18787113506791875	0.009592515872044403	10436.125128632433
-902.0154446682858	0.38491413641194216	6.045582692053032	0.1656665424287497	0.6069565358321514	1.5685746438823724	0.21275281357693002	0.011299738001610618	9924.064027882045
-907.48644680543	0.3797182535726141	6.090289759515468	0.24267451306843768	0.5132809783731672	1.603520783478142	0.23724353584626826	0.011305072160292766	10018.073282143618
-898.5948946349567	0.3909487921308881	6.075185801067851	0.09105245423345151	0.672406445410685	1.5214908453420812	0.2350729911787044	0.011316525699057492	9977.248251789228
-1204.877373486498	0.36529550473166883	9.915114658885487	0.20343313065032068	0.4198778261494495	1.6792420234519598	0.1863984987231295	0.00999855158421657	10204.746921572754
-1197.842731604636	0.3101291942488565	9.879949961029821	0.2248339133781408	0.40424496777227176	2.110286044790214	0.16227102882636796	0.01155678530399342	10220.399824520606
-947.50480866569	0.41728881308794424	6.184804716874888	0.001	0.9999903276814791	1.4420625361680903	0.23309575612436378	0.015641291551276127	8900.872682493724
-899.2994906801694	0.3790566457996831	6.108225400297212	0.08531570565568915	0.6943772128091228	1.5871127785509391	0.23497495129421966	0.01160842080444038	9910.843634869647
-899.7765856082885	0.3852831596832989	6.003250111957248	0.06638864869406054	0.6877841053815074	1.541258379241302	0.2347658148739272	0.009918877848510048	10054.90109177013
-904.0258130663337	0.3728353161707179	6.070354693702898	0.21273227003169906	0.5618446542773206	1.635781247283586	0.23264866044294327	0.011123583270837125	9944.113015623954
-903.0709463458614	0.37267651321380013	6.143218115290724	0.19045386481495738	0.5700231708584876	1.6298442090526604	0.23097974209442554	0.011922250182655688	9998.112607533452
-1212.422335247649	0.3213768314666464	9.897765126843836	0.16491232132581904	0.4078544102123552	1.9616670389586703	0.17875521668499345	0.005869904312010342	10636.88289809506
-901.4707040416971	0.37977954851120344	6.004653736499702	0.16597583862234566	0.6287859329434912	1.5921215778522821	0.2321166340412694	0.011534288578204831	9855.344998766517
-924.2586748907229	0.4364879791085253	6.084457347983024	0.0014881129463687444	0.8684702994856732	1.3369412842831858	0.25318234928557	0.0168587321597938	9422.347520198664
-906.260174158073	0.39877564894485107	5.899331441868938	0.0034383234072706734	0.736746089746855	1.460586660100722	0.2457723591559349	0.008297393848665775	10139.932066089164
-1192.0580996496424	0.34337341911809544	9.84349154996805	0.20095937270652312	0.42527384450765526	1.8319349557798748	0.16918910877378526	0.01055671652853926	10206.81514810133
-900.9895829168507	0.38624441947528604	6.109890314675283	0.14825959163400634	0.6362433330661784	1.554521540651099	0.2354091344244011	0.012879835112024151	9870.73857424714
-906.1753162722046	0.38715681330030827	5.989509967345741	0.2203127005248499	0.5685009985857755	1.5621295566629683	0.23688378802636936	0.010214340262656283	9871.670195795312
-901.5982177974844	0.40346573836907956	5.989271331585203	0.14030992719897073	0.641108162790326	1.4538127698525725	0.24586919062178958	0.012478973526501153	9898.456188659236
-920.0277915795571	0.3649020805623491	6.293868633850723	0.28590484240484454	0.4546541667257626	1.7047256664551973	0.22873600944638234	0.00982563985190415	10060.01300359588
-1272.567728320917	0.3756890556529043	9.923507260823811	0.001	0.8670771439788718	1.6804484801511035	0.1877013239579286	0.017593802136654655	8813.729163473094
-900.7684993096277	0.36670395600134154	6.121175317612663	0.09985105688408714	0.6564592438453021	1.6636493156298253	0.21137366470637145	0.011315396290033261	10022.69555293744
-901.423562647538	0.3859334685486075	6.0427646604227085	0.1716876748929098	0.5925720687884114	1.5576976942882144	0.221384162228893	0.011401004075102208	9972.518068997697
-900.0858361937603	0.3960186857844114	6.047613858896258	0.1394595473102946	0.6508001813416082	1.501343814433371	0.2360233893706754	0.011737332561625066	9843.145823155146
-1149.7380094609425	0.34302946776111304	9.457079621488948	0.018426676367019116	0.6172813851378394	1.8112903724370304	0.173318208805657	0.011390777062410408	10196.400875569416
-902.4350803458137	0.40707398194850947	6.069182057411636	0.001	0.8160933089325251	1.4459833215139544	0.24563853417461717	0.013329335296108896	9705.88595062231
-900.4862501188678	0.3814489636664166	6.123511998814903	0.10628898613505808	0.6383202594082262	1.571382797601703	0.22344569431731723	0.010209459574025163	10067.201014287866
-1197.205268032141	0.3514647909703665	9.899769994007666	0.0955815915533093	0.5427249267840752	1.7395053071085849	0.19711940192034125	0.01185825810264935	10147.64134463416
-899.4383923819664	0.37180802010290426	6.135926308606439	0.0011868560990893802	0.7580681651415994	1.6265711786080295	0.21430067685367163	0.0117851812621245	10001.02676130908
-900.2661831932091	0.3776888832292902	6.090170785122217	0.13769647226229134	0.6454327786756152	1.6067634352002527	0.2208332929933392	0.012197955832229554	9883.5530474482
-900.7823395537157	0.3814609479245925	5.845094520071991	0.001	0.7580532237769481	1.5685428139927664	0.22768221005457004	0.009989983297303096	10069.886009754844
-898.7983919886481	0.38422564310699425	6.0703938514923355	0.09525719505391667	0.6640898479313713	1.5586132754069446	0.22033791541602338	0.011546989093655969	9997.754753232475
-901.8629271062578	0.37845112663458363	6.065301208979764	0.002075756587142212	0.8103967936902027	1.6029923407301832	0.2301334279990894	0.013080603000462378	9760.760572312802
-908.1704892680107	0.3832793052555166	6.130608301479151	0.22600857355129478	0.5616575870949865	1.584683450489957	0.2451061977456666	0.013925566143392019	9854.90632638562
-900.9972022116303	0.3989367104548049	5.912194739794702	0.05375177529571905	0.7090227421017786	1.4570312923751316	0.2516920286632636	0.010279551645980744	10029.96002235614
-1200.7833932958429	0.3723022263444149	9.839378271111736	0.1495063186689925	0.4378210140053441	1.5989827141424215	0.17264032751302305	0.007835636269540161	10456.29398827195
-912.8353501611472	0.3564992489457745	6.138850259797059	0.1260874582545925	0.5739628907445953	1.7110205252423145	0.24005382320771143	0.009123765345943457	10360.969786016785
-905.4489278361536	0.3983359575887663	5.850374941544004	0.001	0.8392763300609438	1.4989662385256841	0.24070475581598724	0.011792971375696175	9666.429545808973
-898.2225461286464	0.39149468400002585	5.993090469363289	0.07217978212956497	0.6978256352338832	1.5176670571194502	0.23613771329784047	0.01170286243544948	9966.031858476425
-901.4759860756227	0.37070517147034077	6.087229670534928	0.14906636483406946	0.6268887215448324	1.644715859405351	0.2249600408417345	0.010825880547274477	9935.06946343918
-904.4655674407011	0.37734950824089375	6.212972318037036	0.13634038646732466	0.6159554721364612	1.612225274731735	0.19508095618624754	0.011019509193876242	9983.947975322175
-901.7634070129914	0.3693528399630848	6.010411599788771	0.14842527667845187	0.598985000192504	1.6445448195658476	0.22081500049446315	0.010661790482852936	10097.494908898247
-902.2018118539943	0.38932473102862536	6.156766035163885	0.15570971541399875	0.5897127923275974	1.5364994252174862	0.22671573986435567	0.010756133121051108	10039.362735755663
-1223.780691069459	0.38427014808866594	9.99457499318691	0.18149477559960675	0.4254389541158901	1.5491507439829713	0.18552238786914999	0.0077922924435272845	10288.929231714616
-939.0023218120507	0.4320856916904845	6.0927718044414965	0.0010117927576468806	0.9736162652496455	1.3701938302316092	0.25095983142852335	0.015566026418369454	9014.596538397525
-910.6208739681371	0.41288236536597894	6.044386398545324	0.005224357048022466	0.8179548626539622	1.4170081478179013	0.24493357944574584	0.015643786379193902	9674.707118808263
-901.0019185555502	0.39722670771847185	6.033447939550311	0.0023625848966807262	0.8161293995110226	1.5047509959555605	0.22642313108104575	0.012628309653565954	9704.865527349853
-1192.6141852700946	0.3256245083573912	9.903803324419568	0.020713715083950868	0.5843870797667455	1.9217861927397935	0.1549333059242126	0.010526719948397564	10378.596846610671
-901.2978506360615	0.3726263627556209	6.102675437885059	0.16055021459696045	0.6052550969624183	1.62255789482344	0.23292479565682686	0.011441008370029952	9987.362589362969
-898.4791020351955	0.3836388349706605	6.0670007296320545	0.078509320105118	0.6974957810831219	1.568542874867539	0.22130778338196133	0.011521575222587321	9916.808050908621
-901.0222116026956	0.39915490980238866	6.105901283882132	0.1369563967283613	0.6607523323946584	1.4923127211498441	0.23193659778011444	0.012575774800144136	9782.694552537452
-911.6907973364365	0.3858453160467221	5.8786329082887345	0.24858585346782264	0.530309366234719	1.569027137380288	0.2457156773589541	0.009595989135897594	9954.84913944512
-901.1378842526585	0.3876590395821359	5.977337488130826	0.069153234365136	0.6727965756076718	1.5235783321826442	0.24711727313075105	0.009866773779878461	10130.673608141384
-920.0818070204109	0.3820586493591767	6.096979879171593	0.31513751434680604	0.4580640026947982	1.617810675642114	0.26083903723456847	0.01159741837531991	9931.300227006845
-905.6988989995621	0.38736347666902493	6.0873704592313915	0.2360087504199026	0.542907641200903	1.563896178802655	0.23824936591152945	0.012148820693038817	9893.30877863084
-901.1365324829482	0.37892868573577815	6.073422812206521	0.15935753706860867	0.5948365073977192	1.597176124195369	0.2204587386796889	0.010850049761091574	10027.002767151618
-907.9592923083741	0.39081984822443266	6.089583609637865	0.2465100602960603	0.5338135904926096	1.5493325460083829	0.2548514890649108	0.011644837519398713	9891.535186072322
-905.7019871230654	0.3735509817403218	5.9412441193986245	0.001096925946342544	0.7582829924735883	1.6208851402714328	0.22196816641668385	0.008461451640879504	10050.540508758586
-928.5095982251069	0.34381247327442405	6.027081914731123	0.250886187518076	0.4902879826370525	1.8358807090237212	0.2161864293195414	0.007143670983849279	10153.700667917155
-903.8016940213015	0.3937551211136216	6.267962833719219	0.13807516466038788	0.6437723897058202	1.5177217690190297	0.2446878194832592	0.012960094623463309	9840.353756666358
-902.5593494863949	0.37656828757055094	5.950545852335742	0.1713698058321855	0.5740919318275819	1.5992306792697273	0.23367373040185235	0.011257741327303087	10119.731532209476
-1280.6517754456902	0.3572554443953414	9.915322769456141	0.001	0.9052243575511206	1.7874906380521574	0.20131885102390978	0.015028052016381225	8681.35659289967
-918.3985323043686	0.37844295709308723	5.830290383688468	0.26550447448738695	0.4669171936187346	1.6235144852426582	0.23336443324261277	0.011689501100054825	10195.670757676004
-902.3955130959469	0.37332276549392607	6.2412790152747775	0.1235156481325175	0.6452483863035597	1.6351300516150429	0.205534040549841	0.012347129490572513	9911.182858698658
-1228.166510876174	0.4142054517597966	9.918754242106653	0.018433352678328477	0.5303450296432178	1.2936073398033745	0.18639382067931837	0.007245572684754844	10716.362004200708
-907.4495913762185	0.38582680952113896	5.961649516514628	0.2299579751732151	0.5449218554192268	1.5709917220407181	0.24280941370724768	0.00999906361682754	9951.163436891264
-898.2554102345263	0.38899960321018107	5.984960175953244	0.043502147172758875	0.7409661548890495	1.5332181721558507	0.23180360435758315	0.011909865989486648	9898.803716965822
-901.8416670713091	0.4099331106059678	6.051764782296777	0.037475510520487434	0.7131610442262958	1.4205996481270953	0.2507754565131299	0.010979122776647525	10029.097288328367
-941.1804767848232	0.3990331483141104	6.445836127664224	0.0010258870714977043	0.9653882149684198	1.5331091224805884	0.22492040723709383	0.01452132527603637	8980.212265929224
-902.9628630342227	0.3942998688201472	5.952451512502062	0.16690694771520379	0.6181988057402708	1.5060951608046524	0.2582603458755766	0.012270534797476333	9913.411252190566
-900.2901208907331	0.3830144720849284	6.009225010528343	0.15176577713188663	0.6156058307162007	1.5709155269923647	0.23687380054983925	0.010944537067109029	9985.44060590648
-914.6132716513439	0.3955876280223434	6.0170372140678205	0.24427675170909874	0.4982429281567651	1.5134345660440727	0.2534385259692475	0.009218136781042495	10089.55771816863
-903.7086717149182	0.37752927528467733	6.1650081128302965	0.20946048283484534	0.5643336891792586	1.617941084388241	0.22357481614771746	0.011817655980821951	9906.201569746612
-918.3800022772168	0.44014511119029537	5.9808159317872045	0.15377316467915533	0.721365167808066	1.3156366782366782	0.2648283544003081	0.013568226916738183	9430.957731309647
-962.8801589610802	0.43969866968225413	6.142230446991303	0.06704922786083745	0.9754766691187277	1.3532408715653867	0.24583460373486674	0.016066807060018947	8745.061231858908
-900.339797253301	0.3801253582106347	6.023492852371675	0.15430788521715694	0.6076498228210768	1.5848911908233205	0.2350791906991824	0.011264394236025403	10012.757322506013
-1197.054939657888	0.3459365193125029	9.897045216104978	0.13384448806359509	0.45240567386260394	1.7596467929237696	0.1594681795319757	0.008569813455811408	10491.21070103854
-898.3903902197667	0.38171594574707113	6.052939278411694	0.005161186010237901	0.7516031296512404	1.5713987366788997	0.2187937914565217	0.010851229879568472	10019.307533791716
-900.306594848767	0.3971079623239265	5.96647164040667	0.001268872318946443	0.7722622706979919	1.4788283962399442	0.25702056948870095	0.01207317512999859	9967.727284647142
-911.1781362123745	0.38323933336834803	5.977108679217585	0.23741967972109823	0.5138042255537908	1.5805061594512928	0.23896886757890407	0.009165192732891365	10066.0807012455
-902.14391561957	0.3659407711378476	6.109849808440253	0.11176352003165838	0.6240210115513138	1.658681152820745	0.22843213185622258	0.010756510602379046	10148.617343428456
-903.061447830557	0.384582768687055	6.138922504842076	0.15102561377530077	0.5849870325747873	1.555691296592934	0.22377147369910239	0.01006317139484415	10100.206943736779
-898.3256064431519	0.3912621826035963	5.925465027818802	0.014524740583372114	0.7589899726757332	1.5152481167831677	0.23781261837692488	0.011247599340709737	9969.69167447654
-909.3499185632484	0.38091601493247107	5.910615021028852	0.19668880684895865	0.5855588828063153	1.5712318120837605	0.27529526131806453	0.011869992103540075	9976.355038711006
-907.0633831219536	0.4071644406545487	5.975323098623631	0.1548826694717746	0.677161170347333	1.4502304914286415	0.2663785926464024	0.011873878607108628	9676.068991895703
-900.1733067214532	0.3713496833938836	6.00742783076294	0.009199435829538206	0.7419516217092249	1.6295649856563699	0.22771511037640707	0.01018271172777286	10085.263869250497
-898.7534954584979	0.38816590712495913	6.030867224846728	0.07458282860613182	0.6937105434920235	1.5367378812418193	0.2357644499195389	0.012359056306337655	9970.070122087656
-899.2449713158337	0.3801670343569299	6.029636529045635	0.0030834849963915115	0.7362410242342307	1.5837939132947907	0.22165274597277898	0.011438078533103958	10117.047009252134
-903.2951561304149	0.38093827902067556	6.066315043272343	0.19983585288509217	0.5533421659109566	1.5886291693737968	0.23380998830054403	0.011459508157107787	10038.235734675678
-899.7816528514942	0.403783869345584	5.98130244083495	0.09513078377953098	0.6879841716271832	1.4536059567567803	0.23965629318844267	0.011833957317027036	9887.454654789708
-900.6256602303163	0.37618942231608876	6.087714940007028	0.0010003250098948972	0.7968961279555433	1.6100757370753696	0.21321530946252398	0.012372677373023154	9814.126407323092
-911.7427051159343	0.3702446763438176	6.089394042830559	0.1805974141863054	0.5784032163320961	1.6460335125008043	0.22069806700476488	0.008023442718115425	10014.279910936515
-900.2449150055712	0.39385894028703156	6.127621479610975	0.05381247257043751	0.7399327037197713	1.5177857876746081	0.23562586345638584	0.013145750431330518	9810.839117831429
-1198.439507626182	0.3396894936413473	9.916486032063641	0.0015841600002694182	0.6343851632197117	1.834968900251858	0.14565271300819346	0.0126110868282398	10130.43989530681
-1214.4446292837329	0.37708627157142094	9.899061364448405	0.2404142604750649	0.3939059067343585	1.6325543111789644	0.18170501740823267	0.011377983856382806	10102.606244892999
-901.1887445366922	0.3943956187226753	6.07137722133601	0.16830430834714696	0.5983607745877209	1.5158901257042052	0.23615602517929543	0.011609993861327376	9950.113849303145
-908.9094880583966	0.36980530796031774	6.132990786919489	0.2103336034963565	0.5382549865883374	1.6591787547800145	0.20818998047143017	0.009512945967441696	10041.720671728906
-899.4707636267274	0.3706228129924302	6.10760201470359	0.001	0.7678070853576099	1.6398049237046488	0.21814464320510701	0.011120356682395447	9963.825640562141
-909.5359941852064	0.3720794454933112	6.192866304623043	0.23241506657240127	0.5341747064295689	1.6437714951571696	0.23542168972796235	0.009626949192900048	9954.595090763421
-921.1690379533306	0.3866491007191047	5.803062468746778	0.12487812519455607	0.6168207244346053	1.528943199782189	0.2611358647321768	0.00643108564499163	10187.877352066795
-902.0473980245202	0.383993960957849	5.8529311627679155	0.07944001927800454	0.7101381872944463	1.567379331745134	0.23105630049512801	0.013094204269328277	9913.999978970478
-1147.6638977068353	0.32603438921060823	9.424780629167472	0.06497693716251375	0.561256519427036	1.9439617302334458	0.15722595468077818	0.011078454096858611	10272.73916115801
-899.0818408686305	0.3862214556648597	6.073244176155898	0.12199178014969413	0.6553959362299163	1.5563872948823039	0.2305030430789261	0.01203758715467032	9910.050595656154
-899.548176024213	0.3977059634409112	5.986375164643587	0.001194014932852076	0.8035544394949926	1.4946810845651581	0.2365513774345676	0.011592407111589282	9790.089341685023
-898.7613098053869	0.3775977952732863	5.966071973862797	0.004084952942110802	0.7536036447685712	1.5911317848711748	0.2239756036965487	0.011811616562252648	10049.224513747326
-912.9581542577318	0.40558595576587375	6.008484093964846	0.001	0.8871266196155241	1.4744855881914491	0.23621027524078075	0.013710890574750535	9402.957244541083
-900.4016982675992	0.4025437384834671	6.013796872430823	0.1300192183265066	0.6570637739665415	1.474835365444223	0.23975979603861178	0.012186462884936137	9856.350606039987
-903.0367229137978	0.37146182769443803	6.125516904822917	0.18184635601908145	0.5674338705508557	1.6425760246552146	0.2215570677169399	0.011763275115721663	10051.55062885504
-902.7228482633891	0.38901880574684355	6.262594305684041	0.1507074523690306	0.6029964398635939	1.5374286237588213	0.2302112296807725	0.011853396969214716	9977.025121312945
-901.5272478087081	0.3872417698916173	6.007054012033386	0.001	0.8181953727057406	1.5559526782313475	0.23193899116400357	0.013050357034281139	9730.780952868383
-899.1121484747238	0.3860046793190493	5.953609091621788	0.08756622104427907	0.6835146458280447	1.553812635079936	0.22039707606606282	0.011203568086187719	9964.507790169895
-899.4561079730537	0.39025810242412423	6.039734100643066	0.128851193580633	0.6417211387975692	1.528777085148239	0.23025335304544217	0.010948048653484034	9945.834540465714
-1198.6960762364847	0.3375473243389644	9.85515654378548	0.01674219635833715	0.6793782954672639	1.875341590642989	0.1842552351255157	0.012645517427142358	9783.262574363058
-900.3243918075133	0.38488406265980846	6.027078516210392	0.14881859942702402	0.6380283934315663	1.5658615903509914	0.2308589773592728	0.012467940237444356	9877.141475367302
-898.7858272524062	0.3908844601115957	6.054952045455167	0.07324057459585688	0.7022851149886334	1.5307939120655973	0.22113829920498057	0.012205288596854267	9908.814756751195
-1262.280177475624	0.4706096579616636	9.734002372570957	0.12188840337643711	0.42309654779542144	1.028261391154051	0.24467541213308605	0.00983262818693482	10732.397726636023
-911.0471596469454	0.35129622983683034	6.236688817927785	0.0012712940022116058	0.7137343552478618	1.7612433169109305	0.17486818925975417	0.010771336383782602	10209.74140097637
-1209.3098517262706	0.356059083189657	9.902581552989169	0.0010872114734168804	0.6171464225443306	1.6805266413807627	0.21795409335995944	0.007740506602054595	10304.788129116321
-1721.7204480320493	0.5313957012804267	7.838401992765757	0.3279279917817786	0.012977521537440953	3.0165262490874474	0.17307574917916735	0.005024329568778976	12645.020929102371
-921.2463652476468	0.35303517699535436	6.121533848696199	0.28341775498740857	0.45064946363188557	1.7842449048264042	0.22603687634998262	0.009289974765524968	10152.242359087684
-910.6540301703815	0.35985516733822087	6.0961818495742	0.2385942441762159	0.5191505439346848	1.7067421361740662	0.24888430066802245	0.010927772989246297	10057.724670786254
-923.1460034846898	0.3650409447325078	6.040792460399218	0.2825048526849043	0.47187962133627387	1.7061068664136991	0.24020701408823197	0.008069735495918919	10058.166637104909
-931.7979670025512	0.4077828195324232	6.138498545903899	0.001	0.9554859241997924	1.4767997456640094	0.2392006354084289	0.014364168210555528	9097.624774521524
-902.445233167907	0.39459225567162864	6.080588655794636	0.08145121864767574	0.7229025560494979	1.5161819003528787	0.2230249770775657	0.013895456176387797	9759.546187121454
-1196.4253939613593	0.33844268792519205	9.897001496994914	0.1473422121445043	0.43745772767176466	1.8266632032405485	0.15925416190220998	0.008671996955570428	10507.961616087612
-900.548999717684	0.3827799722408068	6.083909998921036	0.16134374568611312	0.6038110910010746	1.5750971363239414	0.2336847791690623	0.011844893457746664	9974.258222137974
-905.3807559763668	0.4255782951328589	5.999653285269421	0.0010075738942067333	0.8206606811533038	1.3636002755089414	0.24434141655419142	0.012066996226914001	9668.88861661945
-914.2808407370023	0.403171630639172	6.001046746925927	0.07901987921202747	0.7670623805608787	1.4797091378989207	0.24297888840783513	0.016292820055494903	9593.179738360546
-902.160870089274	0.3831690693860373	6.132067876308501	0.1876938151629044	0.5788846068484635	1.5772791778480078	0.23353557778351766	0.012009486773349853	9952.023750020524
-900.8127671909556	0.3880585730820401	6.055373209985238	0.03882398013172881	0.7247127192107499	1.535870957115326	0.21701936841730787	0.009784951837722709	9972.617396851652
-904.0486181436165	0.3859580617160482	5.963126037496243	0.17790357503648982	0.5898640189813621	1.5495924383508952	0.2572817144879595	0.012340199126043403	10007.440139124594
-1194.2702998778143	0.3130261780317247	9.896020591637582	0.016731327923852627	0.5887500027495114	2.031567494773037	0.14188352113097694	0.010313276952497301	10382.509197407211
-898.127849229832	0.3905651711168732	6.099729433788004	0.051161147759568294	0.7216861217112999	1.5270559420862435	0.22934338631290319	0.011582057870920988	9920.632504478264
-905.1525257334505	0.37511968254390665	6.122416770901797	0.1743789968876131	0.5589633450360412	1.6066519018531555	0.21908257402755607	0.012375846575853881	10130.783254283799
-904.8301900630483	0.39502118052806945	6.10247994977503	0.001	0.8457386316490393	1.5170856796230248	0.23030039666134638	0.013057502070690638	9569.154592212037
-900.0680802665414	0.3801670171364809	5.999277731061358	0.13786455312708096	0.6238167022272043	1.5822803521091575	0.22287533276309832	0.010855761270319798	10011.409253814267
-900.8202307188163	0.3969561407624907	5.978271572634035	0.08689605423536394	0.6735318404458175	1.4773726092039896	0.2574096805417254	0.011093025714320241	10029.081549496723
-924.0032770187028	0.4067868810595885	6.10302444604643	0.0011246759870034175	0.9287498079189481	1.4837801867795943	0.23054574401664352	0.014386653374526081	9200.549463821642
-899.1230246561195	0.3867981396623992	6.134101984792938	0.08187812250524108	0.6796448302644282	1.5479576899703273	0.22584321922937933	0.010718815108565538	9970.807559801891
-901.5395670461735	0.38917234369362197	6.0620417431109885	0.001200661676963402	0.7559306757008101	1.5253976405700311	0.23209869883641732	0.009234413506021185	10015.08822997557
-906.2742928593058	0.4110433668836241	6.074821813147696	0.1766695438325499	0.6165785994901001	1.4289274573441009	0.25378232250396854	0.013468939402226864	9809.528563756954
-913.8841907208239	0.3798991996415842	6.634314691110972	0.004851347517167112	0.7587340165795868	1.601431556145303	0.21125195032955585	0.0102231674935143	9843.207148438938
-898.0217835938263	0.3868882827545201	6.034059748398359	0.03370124684430104	0.7419957034230235	1.5472593888719595	0.23536834355103348	0.011507216541255147	9934.465320329686
-899.2627610935067	0.3907000090010641	6.045100153408528	0.020104945880173523	0.752795694397053	1.5316969487881336	0.21259384555200422	0.011972110062019741	9917.536082033332
-1201.6715069396123	0.32150743496135015	9.885879263519328	0.25052029700428624	0.3731726860317399	2.02345161998994	0.17267487636605292	0.009932920385129884	10245.259539010034
-1169.7531987276466	0.3067562761657098	9.550205900104885	0.26153169344651	0.3916398145542362	2.1578253885241225	0.17020621085252316	0.01160112168816368	10098.340158984844
-902.7783594322677	0.3895399759479203	5.995294908014523	0.03864718919848761	0.7473180312781903	1.5349156717021757	0.2336151835455776	0.014230660579672691	9888.105673311817
-898.8240049666447	0.3965703513534136	5.963870453214712	0.001	0.7923618192320612	1.4981185119540814	0.2319740309966527	0.011617941265964432	9847.490202643574
-901.5808277360317	0.38738348916165144	6.025794558610929	0.18654603762973435	0.5868169497637771	1.5525415875281148	0.23275356431676705	0.011617977824031287	9937.464252930784
-899.2331530196884	0.38904611661329963	6.155510331057386	0.06830692723772495	0.7107580727262792	1.5350601076614159	0.21919081968859522	0.011858806651300713	9870.901929461248
-900.121048556219	0.38046050374286894	6.077094293209245	0.11594358217878921	0.635978279788984	1.5834983737008141	0.2126757128260753	0.011518339881973523	10031.628698203715
-899.8420043042645	0.39484704093320067	6.1065531638878925	0.1257072133531517	0.6466418998546553	1.5094549169866056	0.2379217675524729	0.011165091194335178	9917.832183483897
-900.1890401560488	0.3674210804198749	6.083470450589445	0.07928287548550092	0.6804640044893652	1.6577667498032298	0.22229427570070548	0.011695245472980464	10023.635965284384
-1186.7465202834612	0.3344244428827142	9.81969341837543	0.005471455100560356	0.5872020700667622	1.846181460495546	0.14871874156994644	0.008769126813310935	10459.907267001368
-907.6062458699196	0.38215664553816087	6.048869921256735	0.24996234716607688	0.5262530253499536	1.5982021988422639	0.23712676807956776	0.012531733373159885	9921.039727505733
-1192.3782181080953	0.33385121182065675	9.896389201577291	0.11459677303409099	0.4957507084655443	1.878112986875454	0.15329768046494116	0.010267960284642663	10321.574589375714
-906.7134585271348	0.3729903114468023	6.204599566144368	0.1515403141742261	0.569064368798729	1.632618257117592	0.1994031706857348	0.010392244137300664	10162.725122597098
-1260.7047667873858	0.3296382990195894	9.92704476355797	0.001	0.8303130485374152	1.9740483634148394	0.16678330682522946	0.017555671013910982	9025.918898102193
-1207.643998496703	0.30094182907763695	9.884712352455887	0.2896656583104407	0.36040278593807845	2.2310278445893004	0.17492987272363256	0.010814747100593615	10089.238583449804
-1193.8853490455665	0.33570129480618827	9.886825734350282	0.11830666731185698	0.5312524515087278	1.8730948555761695	0.18261778581759816	0.011205294114055882	10076.478038203113
-900.6700682272685	0.38082355264997075	6.024300611749162	0.15321613121443747	0.5980791816432579	1.5751165136663388	0.22771691526521742	0.010946404020761831	10060.345451422767
-910.3110559282661	0.41423037797946943	6.010301563346231	0.005833915195441618	0.8638542759925618	1.4262501470580689	0.2570938178809348	0.013389527915727608	9485.51716452662
-905.137633164762	0.3809807004288206	5.926340127169903	0.17191361457532606	0.5709762933640705	1.578114416211562	0.23400228174491036	0.009311102982019611	10129.814183256452
-912.0816175664854	0.37201338613498075	6.077465028125067	0.25654017195364065	0.5525135614673137	1.6688539406211678	0.20362063070537995	0.012469615327710527	9745.039095387929
-943.5206247335354	0.3478528528588142	6.2742256116032475	0.26633757977344436	0.4463541458330047	1.828318050237715	0.16868477270585805	0.007137215210283524	10194.339717733077
-919.7568107264094	0.4053704972198959	6.058671566742508	0.001010558217139069	0.908446539989125	1.4827858989044362	0.2332077525110389	0.015115071811182256	9299.257748055688
