-901.0629643844577	0.37246992856266936	0.3905820502078517	13.027295754109149	1.259399576729784	1.5571518141172653	0.2467945755562008	0.012607908764286071	9428.692938766817
-921.4530646455081	0.3457313326172513	0.4219206151636901	13.64382650913649	1.1563259794698737	1.4166133249603814	0.2710634698461888	0.009561166926826861	9600.96304744037
-906.2446419126184	0.4405338522954008	0.3922224419998832	12.587036736451251	1.4740735354190808	1.5352701056205262	0.23173364389665388	0.013084603155651615	9009.383836936477
-954.1035632542819	0.6177436565158749	0.37472016824685395	12.067126630295483	1.3066491630443497	1.4572212101966442	0.3596338075317113	0.005198797616970517	9998.315872941821
-901.8491110922005	0.3622397175669559	0.3800383111889519	12.684099243287905	1.2563516259110763	1.6031284206734708	0.24271805735196128	0.012841115510912372	9479.298757571984
-903.430527704827	0.47062642923480685	0.3841532536825972	12.298718867408919	1.4273890797824496	1.5385371415371913	0.2615541889262713	0.014869265046279874	9239.372335472213
-902.3526836817983	0.34294730554393965	0.3999128080729239	12.696932133099113	1.2786938599217779	1.528182427809583	0.24413716943640681	0.013829701079202505	9341.25105627624
-908.4853969998477	0.5283223181528918	0.37146808831714184	11.527916557928947	1.382335301295099	1.5517710145534906	0.2969127346754867	0.011087852241552974	9611.534425591663
-903.477212856537	0.4666488239501949	0.39108234573573925	11.935765794573767	1.4815364353346538	1.5113067152484534	0.2582472531861684	0.013671645524316992	9119.918205341215
-900.4350553798027	0.47431566137846354	0.39276649906841743	12.649688931039758	1.365098615617323	1.4754286733467792	0.28359443228922754	0.01273743671308411	9354.995224686927
-900.9759426662795	0.44806220027556243	0.38060310869978803	12.444088356867605	1.3595116149506263	1.5653459057689914	0.25536185275378287	0.014053155965476453	9362.797122296939
-900.0093665244917	0.43759158554697464	0.37624331429557084	12.52668050753548	1.3164997715552762	1.5815458762496961	0.2530073495994911	0.012141506206447394	9463.079032971136
-900.761800242617	0.36941087328676864	0.3975567421552341	12.636739837915652	1.3028419102900473	1.5244249565846415	0.2501905592415083	0.01411149385143372	9323.140148043934
-910.3058617293314	0.4906224975125304	0.43701070112715873	13.397756232264312	1.3912737202671297	1.2923953760627442	0.30050339047584534	0.014022368082957246	9145.763658654756
-899.0010460459705	0.4496485837659718	0.38645876969524684	12.569715247949986	1.3329882654292031	1.522943080958303	0.26609208269411666	0.01265668522304103	9413.080046292192
-900.5427480874956	0.47698019579521483	0.37860074626190543	12.450115867664296	1.3787263728779011	1.5536556762391436	0.26688180477809814	0.012500114770903417	9377.454651911703
-899.4420159430888	0.4378027246869473	0.38044970516555776	12.519278530542982	1.3232049817431575	1.562928783554095	0.2552792151648578	0.01251067482401819	9435.114904321352
-899.636251385198	0.42653929508640726	0.3978393009662046	12.490154485060852	1.3770378697084957	1.496756915999676	0.2540939061723771	0.012593200901266968	9229.449989572082
-922.5101359022078	0.2415506776902178	0.38688982518621673	13.501347518261879	1.2061448660567382	1.6864356932329168	0.2035427775343465	0.013288830849638772	9370.09640669234
-914.058132820176	0.26909700150588234	0.3800770026948334	12.478755973751175	1.2725110431720228	1.6857070154274074	0.20812888499814827	0.012927307951754922	9313.711055252666
-900.1489331603971	0.3830516242592945	0.3900168104062164	12.638456029874915	1.2820963923656308	1.5444045933608148	0.24481988107944752	0.013024029905313117	9418.900397407133
-911.7440816327537	0.5359670783794005	0.4287780664111108	12.546906231856422	1.5602839428104025	1.336349290733499	0.28220206516862306	0.014684320049304688	8925.228907819346
-901.2801297121277	0.3563001819882989	0.40406647577324706	12.735027414533617	1.3065487071533044	1.5078563416851614	0.24404847888209277	0.012972919931763381	9267.646159192307
-900.0062030549874	0.4483687711407266	0.39021702922896995	12.357098289047203	1.3860209997043507	1.517354318057704	0.2584360996328967	0.013872204937528623	9279.38458705363
-908.8662811924919	0.29471241004759186	0.39644441998838603	12.417168838908557	1.3245568640828371	1.5900362934047243	0.22089122994617094	0.014383472210144214	9174.783163489368
-900.6928119478059	0.4498171918276761	0.3773520273578303	12.673293998712182	1.274575525245966	1.5566527698719315	0.2725572903150808	0.011588987002181306	9592.085412263044
-899.3745075906721	0.42191475732137845	0.38421473141766316	12.699137361962833	1.2906676248773372	1.5457682805727295	0.2630052807322502	0.012096157977135053	9472.135665903981
-911.7026724669755	0.4268554616590746	0.42977238295077413	12.662841148968436	1.4702077450430153	1.3672252933183093	0.26545549177705763	0.017694819194761638	8910.137248356106
-903.3542026901797	0.4351857433206341	0.3626718850843007	13.07070867603178	1.2452861112140594	1.6422573881779907	0.2508551706441904	0.012361012521826774	9645.204085277826
-908.5208395404616	0.4569932955220777	0.4214973387016852	12.619839852453879	1.3584112117203733	1.3648884337825609	0.29672461113112697	0.010720538876342164	9276.805002464935
-904.7045844512738	0.3425558248708555	0.3785988649045894	12.672602497371818	1.2562146145066158	1.6359260939835403	0.2267925835741855	0.01197444119945307	9448.292394735317
-900.346219772619	0.4601703782493599	0.40991929738963806	12.779766769768319	1.378337944019349	1.4227834174861815	0.27694272003995	0.013573267799183449	9234.92600788278
-900.9041776394972	0.3790683003972071	0.390550255208953	12.430892671860198	1.3100184969656832	1.5511954271804653	0.25181024713784483	0.014121522876168469	9354.174899481783
-899.6386818984793	0.4044000927937964	0.39798932273439197	12.592364302235215	1.3522116243860198	1.5079869883874186	0.2498894359958933	0.014025912414138482	9245.632500267624
-902.3383198648851	0.5107451643385642	0.39296478166947113	12.418280376782153	1.4159058229719987	1.4718916037660892	0.27994659185817516	0.013475579454087153	9321.08156766101
-901.9851779717685	0.397638560017699	0.409506396891604	12.357095668286007	1.26984861365236	1.449047405802706	0.27724128077646354	0.01260789157945035	9468.794171834474
-898.7774990579567	0.42166391057093716	0.3943056686786069	12.452455419551068	1.3278844036586541	1.505455461825447	0.26536095242392693	0.012824798034342689	9368.022687382774
-905.2593374847203	0.48535383201112947	0.3602201585264353	12.478070660599446	1.297068243101657	1.6337797090985373	0.2663222012288462	0.010202591721802653	9666.45386841711
-899.7551358343076	0.4715017327993401	0.3919648089780329	12.464588344578752	1.3605943649654189	1.4854652911929083	0.2761575959903376	0.013163023356259842	9380.009676454014
-900.0483765020163	0.38362794070723355	0.3953921186394032	12.55379186803532	1.312477337816936	1.5254174223608934	0.2431421421177507	0.013194876524128762	9329.164655524532
-902.4380806826528	0.4162654467519959	0.3817754914258321	12.659235141354653	1.2566648292249956	1.5573855188536696	0.2632964349617399	0.010599469077120002	9570.220113877947
-902.8930332527457	0.37289369696910346	0.37689133440913564	12.74145445527355	1.2253843576945112	1.6109860297526968	0.24703871779148762	0.011445259316809323	9590.578379251376
-898.8430747363002	0.43285013507554726	0.39031360488946765	12.51420119125512	1.3534425750868706	1.5206185878675293	0.2600530407631125	0.012861356630752354	9320.790392618752
-908.3615884157655	0.3847678427756339	0.39502121065336165	13.421359840510144	1.3883716157684973	1.5472286580409464	0.2246081758814026	0.0151243162554511	9038.713373783014
-902.004081677038	0.4582685701662447	0.3845872611346047	12.896449632683066	1.2536179743951754	1.5164679655301962	0.26678444697416237	0.01211713047450387	9627.986804024322
-900.4925070994675	0.4071143645578426	0.3795755090354168	12.735663983194945	1.2604281987954948	1.5780879241899113	0.25745774457689985	0.011723381660871892	9539.394840985009
-898.8005874246728	0.40635235738853415	0.39416702144896404	12.624253372501968	1.315535193061759	1.5165609892157306	0.25864920811293385	0.012884465372869275	9357.344876063637
-900.3874011664593	0.38070192651991885	0.40973144367398534	12.816895094785929	1.3440778832377318	1.4746921227724428	0.25219248339467515	0.013760757485082774	9182.163796431812
-905.610900790931	0.3112826859987579	0.4009408046604166	12.449548165403003	1.3127131552206692	1.554091543014587	0.2294729707509717	0.013544850976753281	9219.22268845541
-901.78944928139	0.4763288558028689	0.4031749563721563	12.37192560672073	1.3923063950763839	1.4408460213790586	0.28162177809493194	0.011798710942048192	9287.935014388784
-947.3386745702605	0.6159637968333295	0.2865217149527535	11.180678910846058	1.3288844287482664	2.085912534881691	0.23467225017110924	0.006339811980665498	10413.330473745862
-902.7154053114605	0.4246633934415734	0.40076873555903963	12.471634449742771	1.422514632656404	1.4917712314776266	0.2481945900297757	0.015298720480565558	9102.720567660832
-899.4862741649761	0.430521434154322	0.3956627028860994	12.359551807461688	1.3291348166726742	1.4920033456457482	0.2756421403626264	0.012809699166801126	9388.927656806516
-909.6070816675704	0.40114554954580545	0.3910773554837852	13.056415279906338	1.2440023758183267	1.5257779937322005	0.2582784301701307	0.00921050149473606	9520.311304081486
-899.2866473773186	0.45399208769687677	0.3906924760417658	12.49721640866168	1.3358832809364718	1.503933464418735	0.2734451576911218	0.012290018460675666	9411.031958314785
-902.82413793002	0.41406008886485807	0.4058091518294493	13.123567467003133	1.2278346571863823	1.4497803794380213	0.2715308896099873	0.012033344205712115	9553.353430370385
-899.1651630784194	0.44325839596903144	0.3956360909397879	12.673875833086955	1.3741887127851622	1.4954775196922412	0.2609691389753403	0.01303476912842215	9255.566668752224
-902.738561371681	0.370755219081795	0.41586861945206954	12.503000881610719	1.4095087035058689	1.4587166159580627	0.24289890048240065	0.013604540826674729	9011.064040704448
-904.8001762769211	0.31692303511889236	0.4047755386535985	12.573520939285192	1.2964555348815765	1.5273077622288218	0.23743474441846854	0.013090854141124144	9255.6875154361
-901.9457689357439	0.41057480394410384	0.3882656544859497	12.535218839011348	1.392658216892924	1.5488821483542317	0.24544188710120396	0.014724784952691146	9177.62602659106
-909.8950688164326	0.5850049039984081	0.362581481660249	11.928452801788614	1.4413357006629213	1.5839965387822896	0.2891905896260056	0.012163333387262922	9595.053701696354
-908.5314266827888	0.5725589495963089	0.38471065615715233	12.213635495594481	1.4177574601758958	1.4763444135132482	0.30635007026768424	0.012740368187252576	9516.356303086002
-898.9412746493457	0.4194782161562839	0.39211517971381865	12.557143796474374	1.334547295589528	1.5136613397373306	0.25640201896258114	0.01260155432971211	9339.396296118639
-900.5321496150598	0.476477351614481	0.3858953354114052	12.440437833087527	1.3698396726983602	1.5155593098450661	0.2690620122772096	0.011835279382665442	9382.260206737827
-908.0143021120598	0.42657299555340233	0.4270160968347367	13.216804102302946	1.2864605659298582	1.3456050878119366	0.3035436512409278	0.012921842702845566	9360.58239482781
-899.991887969926	0.3763216561929066	0.39285778518255726	12.656836184599234	1.2832705979944947	1.5383392676517105	0.24933434140103322	0.012671369029287135	9397.473712552006
-899.6278919664875	0.38815272759009006	0.39895904958727596	12.676882221101016	1.2868980510699533	1.4959052423222874	0.25786887280845866	0.01328172220087539	9393.504290833513
-931.299773548464	0.350993501080255	0.3620398552803361	13.025981832994832	1.1315501435205957	1.705701859808658	0.21878185525372962	0.007101457772846989	9854.0538743225
-905.2632197782578	0.35539517735027676	0.3954387364155932	12.576693529063393	1.282978039727461	1.5410341996592343	0.2527915148043969	0.01540772661466088	9370.21895543948
-900.294355304991	0.4613893865188279	0.3892809942046799	12.993280922579949	1.3096939136468084	1.5003888930327165	0.27787306725255384	0.012216635208937284	9453.804092010363
-905.3813954914367	0.4291890352710496	0.3999316968169205	13.164664829992239	1.21014215837476	1.44865937775096	0.29245896696628776	0.013235927198628107	9651.139890240574
-985.3048749592522	0.7348412939582513	0.23918208111769007	8.772630918057127	1.4898178599202845	2.56203970812639	0.2145495332822506	0.011601902974446396	11431.615262359708
-899.9261387373144	0.3951825131511607	0.38830311965311565	12.711603493631875	1.2770591703830565	1.5473768359216997	0.2565018093225139	0.011994518376372942	9452.148996056352
-904.2898425926114	0.43172902018719483	0.4295418562503565	12.355717109399913	1.4289145540179307	1.3682341253148798	0.27559140731132603	0.015427934006640422	9051.901803355033
-911.3261503333559	0.40210932052584525	0.45239696594647555	12.820425825386483	1.5031015757011652	1.303350387025765	0.26745239185907893	0.016298519690557303	8733.000772735732
-900.4676739948843	0.39085861766513375	0.3789621419906045	12.718819471288425	1.2877056440772268	1.5959360213721963	0.24373054805645317	0.012540589156198103	9432.928599149238
-905.3360191314798	0.537689764123465	0.3655137418018084	12.229251629465814	1.362750384824681	1.5741321254721545	0.28925282759408966	0.011475354133299769	9624.379575108338
-899.7531809377542	0.42533925693192914	0.4058808957086946	12.539027296875743	1.3249073055480804	1.4461836707299631	0.27886162297693545	0.013075361085049083	9351.070596404601
-923.7561259882823	0.6366663528742826	0.344700012204651	12.034073216244504	1.3660362156570647	1.641296515323665	0.310203407540679	0.008297328983654706	10012.649381965502
-904.0644111282702	0.42989100122923557	0.3909296409543986	12.893899786045923	1.2457548449096205	1.5004463971576452	0.2688338106455678	0.01028291371452628	9583.279895582391
-902.4183321596454	0.4281293217167642	0.3911821057337152	13.13404807327627	1.3318343099421102	1.5152688115228459	0.24557885954953848	0.011853712543965979	9306.154217846237
-905.4180542201825	0.5407509844507463	0.37015527518953123	12.585579358038022	1.395874989704923	1.5582159686159633	0.28780783511574637	0.012242824963480229	9491.853172055507
-903.9069097655813	0.3331484331812803	0.39655960027789006	12.532617554568116	1.2688523098561333	1.5542201006867948	0.24128609398772974	0.012032952207756088	9377.270211298403
-911.4018047683119	0.40659330101270547	0.3710231512053732	12.442414747029986	1.2151164339000131	1.6089727850378202	0.25922709534256605	0.008711676510634979	9725.447308390749
-899.756570241819	0.4683471709272358	0.383205872600145	12.59854790142214	1.3464822886948595	1.5373995758978225	0.26912400217810906	0.012447296630798375	9417.91233712948
-900.4590641193106	0.4461969289918669	0.4099025522026088	12.855269708197335	1.3869749299787595	1.4362964805904543	0.26875343562871934	0.014138092950441496	9177.027293501815
-899.8018085144022	0.4352345413791239	0.3775733548171747	12.674588504250819	1.3233000533624835	1.583221433199652	0.2532983992476515	0.012655009747584616	9420.639130542686
-904.0587675186555	0.3841810160595903	0.37895809552875753	13.249416897728937	1.196276466653294	1.5833010542842778	0.24475388261215342	0.01267991018393021	9646.610711931353
-902.4293364311852	0.5024669341800257	0.37675813842809175	12.258987998538009	1.3667852086004542	1.5423666270783103	0.28485174470155283	0.012977750144286863	9492.262831243866
-900.078438517738	0.375502644005739	0.39020464265278704	12.5935838024024	1.3078361508143919	1.554539445560672	0.2456370950442731	0.013126227396550063	9337.849310036385
-899.3401127610349	0.4426665025372866	0.4052204859902597	12.565347814862971	1.3487641885535655	1.4458762708538122	0.27408936792909444	0.01342892538645664	9313.308561423522
-944.5317272207573	0.21620149374143444	0.36511164199098306	12.295835995327016	1.1816869214971173	1.8136381606520489	0.17696112725853325	0.008914001807308	9566.737243684789
-904.3609898415644	0.5122213205086364	0.39773645982414896	12.503765093698751	1.3949037501230532	1.4431605999585608	0.28749494715299373	0.014451085688769159	9358.11834221246
-901.8107520459645	0.43447476893839254	0.36764537478017884	12.984094963426369	1.2614686404528497	1.6228007718978994	0.2567095768583297	0.012207384319091566	9591.46912830947
-903.8166823905754	0.47891660842571526	0.36467278793705704	12.746229097479713	1.3153735437935548	1.6193992505299397	0.2523963844743887	0.011170937842567423	9559.171951444847
-904.0016491078735	0.5101506664645782	0.3924903981119795	12.418259103621507	1.3558513484501113	1.4537871057748182	0.3055346568527675	0.012325671144944957	9482.74595077465
-965.2810275797731	0.7827840717270801	0.24016440621041735	8.373087910210966	1.4322365777952342	2.4653300454842837	0.30392183593430144	0.009147194115794378	12001.497856956552
-899.93199643207	0.42075248172453433	0.3762514785353488	12.452939828730658	1.29948310231893	1.5883888282454055	0.25359256364285676	0.012367558543310408	9487.144072376346
-922.6004346141154	0.40992975591481823	0.3599089643561086	13.468500468177432	1.1155848146011367	1.6458114741281011	0.24732764147277977	0.007784562587183131	9982.55853905261
-910.5177128048526	0.34654536087867904	0.44871929837922436	12.526185002069486	1.4370007488121386	1.3556614605915143	0.2520321765231428	0.016049903255028492	8843.950404170342
-899.4106436115047	0.44471894209538304	0.3950677144232285	12.467828374797291	1.3663650611815155	1.4952570109903023	0.2660763095628496	0.012262712756393419	9302.088364641955
-943.3897033342571	0.6173643330937191	0.4697189102209666	12.149444819356509	1.8013846113934515	1.168028171847766	0.32030524829075174	0.018191784922569166	8569.213635533693
-899.8447546859409	0.40912732586667927	0.39657443137507165	12.517298546915004	1.3737276326650492	1.5134640851348735	0.2565751901913001	0.014093214802632138	9208.714513190833
-900.8883617341016	0.36251220295221787	0.4045192286279083	12.769215458740083	1.2942424392850709	1.5005585064319666	0.24694613258131856	0.01299069620969086	9307.815429375318
-916.1130236944342	0.4414406209569591	0.4480320665791226	12.369607068063283	1.5266926609342404	1.2969539993421397	0.27635839592412537	0.017982561424653144	8794.428498502004
-910.0763838101859	0.31473028856928636	0.38761172491767504	12.76295642282305	1.2010999888986562	1.5977608040163827	0.23288223959655255	0.010606660253305158	9551.326757530627
-899.2394325430685	0.4411025130284941	0.3861409577450141	12.402624779325562	1.357842513139116	1.5392579145563834	0.25850014726834725	0.01268593071897984	9345.158470776365
-906.8706753005822	0.3091433095310733	0.40531119244357344	12.66877769878502	1.3072732905063449	1.5406743573768475	0.22162036275092015	0.013673118480920522	9197.87576459034
-904.0900867358347	0.493586009940753	0.37290337610301433	12.08160408962538	1.4409146931911414	1.5914040006565122	0.253374123811189	0.013007790107061145	9307.791125424945
-902.506459294857	0.43984438343913074	0.37438854693466145	12.515998671691554	1.2943613919955894	1.5877115841594693	0.25696838300715646	0.010598073437041318	9535.873728544077
-901.5695159986471	0.4770381443668266	0.3887851261074086	12.740726592522067	1.311276402586836	1.4978579032263797	0.2759943217933719	0.011255702940419712	9505.301182457506
-899.1018106707413	0.4447257831932888	0.39111068123386733	12.580791695453652	1.3357634392370774	1.5033196530735151	0.26827368886007796	0.013463616963044848	9384.110864010541
-899.5321898135829	0.40054472510146877	0.387033455116144	12.888017440228852	1.2953182544833624	1.5518048775936766	0.2504521303185195	0.012981469524048024	9393.5149632514
-899.6619011424718	0.44714437647363714	0.3851027801411226	12.34968662380974	1.364010213736084	1.5330400824299173	0.2642642150586167	0.012293881516368356	9350.408762638492
-900.7862699191429	0.38665707517064324	0.3786363946459924	12.686736423953025	1.2568055355863195	1.592196438001541	0.25060386264776896	0.0122378163015742	9521.750859457612
-902.2247446777656	0.4249513447323672	0.38760740766857366	12.50706686336568	1.3682113221121672	1.5370931145487525	0.2604245753060404	0.015056924766053324	9274.909759615139
-901.1755782666761	0.47928787520862653	0.38108943125784944	12.776016992216354	1.2913744373396554	1.521672314913794	0.28163596139024094	0.012143125260970283	9584.819673558744
-906.9265834596087	0.3561645732361425	0.3729150109400992	12.772923032418404	1.2452445109041912	1.656036377191472	0.21985468199071212	0.011289746341394784	9502.552199762593
-899.9301341105798	0.4104035961379512	0.39662169150513865	12.115729229322238	1.3654636213616498	1.5065015476896364	0.2546559716205353	0.01330868711713818	9274.147801565216
-898.9235014344546	0.43080952354654956	0.39193260590928536	12.540345771858146	1.3368879815621126	1.515514309283397	0.2593783125383361	0.013452866379296229	9354.669751780273
-902.5271938655699	0.3702347586902873	0.3950217538673573	12.790640274317532	1.3373738212210746	1.541136186074239	0.238335730384694	0.014855872172249747	9216.012153202972
-906.8928040309672	0.5217135437541787	0.38190866242087496	12.409412560947898	1.2821707561861622	1.4874242869854246	0.3039764565157543	0.011152003572496702	9742.829985500472
-902.2131750968831	0.5015502425686621	0.39026041496238106	12.130662656035005	1.365971180754364	1.4773769105425094	0.2898171625449332	0.012601127669750791	9469.93928258278
-901.459930999902	0.46324848131880664	0.37254093895069396	12.692391873951617	1.2747824558449936	1.5791407198226117	0.2626302298110468	0.012073420287664175	9626.552763382642
-899.8635874644872	0.4057792625827005	0.38528161745987966	12.733917521496064	1.3260568459655293	1.567863818699704	0.24605195898302254	0.013396582089912571	9333.319494206917
-906.5273799048024	0.3368012964936266	0.4033427510116702	13.471604594195663	1.2268065179313294	1.516178895330948	0.2561190770328823	0.01304200001752662	9412.85574372838
-912.3013157417442	0.6025764176739536	0.361559807895044	12.000069388987596	1.4409137732829511	1.5768268152331575	0.30471026463518686	0.012295675336341102	9643.961999839412
-953.872530881972	0.2802936055030385	0.3569635114740937	12.972297626667615	1.0975041565761092	1.7723066389788413	0.2256661816003494	0.00563190078088489	9893.491014971049
-909.0136472628802	0.42453360537225654	0.3761800232511008	12.992241513440412	1.1844889467945958	1.5678538170017688	0.27052911516707306	0.009285164451941089	9788.659861236718
-899.0159455856677	0.45006264983347366	0.3914755706504955	12.608004062050583	1.3279210394368386	1.5061888436184807	0.26829187200874904	0.012592384415892341	9410.639906394743
-898.8200450164787	0.42510442746314286	0.39223527564147603	12.741645813283187	1.3222611457690316	1.5088484045893946	0.2586190875914376	0.013001014465987488	9364.963687065821
-899.1823066360248	0.4315546233595726	0.38428743695215684	12.654987707539076	1.3054846281199788	1.5404845987472375	0.2621752239448318	0.01214591352248821	9451.716422895197
-900.0467014768237	0.4650334564769434	0.39225120234933464	12.384502075202919	1.3989626911936615	1.5011651291356718	0.26254035680788385	0.012698112275149153	9270.830656340213
-916.2777092316509	0.37936853041930446	0.41585587005066327	12.190899568284639	1.4760020402573295	1.4485592953922473	0.25594040640700005	0.018311614991721896	8896.824687336195
-903.7146595427967	0.3589692699405859	0.3957598743030319	12.915158054806533	1.312821036830415	1.55167162802918	0.2341098987742742	0.014899467111240537	9250.543832784386
-900.5312187182283	0.4818211975342058	0.37864976643615916	12.59113806585285	1.3356832056255346	1.5431001674341993	0.2727875191077816	0.012050136843724345	9489.529856341524
-899.0616593880329	0.43513891666002685	0.38563986565618696	12.586591888355525	1.3425936289530809	1.5403569139738227	0.2561678423622165	0.012772468359427313	9357.670925488905
-914.2594943925621	0.5680636442480356	0.3706400471940515	12.882565268804669	1.4503017001749323	1.559054214497167	0.2728864792209336	0.010534860456203306	9392.351083561349
-904.0794442215429	0.5312210619116577	0.38424859581350906	12.354000441505551	1.3691692158245778	1.494420970127421	0.29465430133039233	0.012698991781850417	9522.335509664586
-901.6492072770898	0.4766742865440319	0.37972954637641265	12.291822815041005	1.3197594955870395	1.534425527532536	0.2773761239097529	0.011196441005183601	9551.676997160488
-899.9394945642089	0.40059508379653513	0.3869273368342999	12.743463721745272	1.2688333034503807	1.5424454878166318	0.2640121757079922	0.012270487108496344	9488.1000781378
-901.606813090701	0.3710562603681977	0.4038234381496735	13.014493702788084	1.2595969153787898	1.4838793157153398	0.259820652729879	0.013648100832103148	9404.77567874005
-898.9096285384064	0.4286196979273014	0.3886246513544728	12.508074720350342	1.3294870265376406	1.526963663588106	0.26201673833255085	0.012392842584892426	9383.419602778422
-902.6203544651752	0.4806535103202731	0.4123332262503627	12.194015685263457	1.4578611484819874	1.4117079374521353	0.27260663626654463	0.01371129982615527	9125.554583420118
-901.0795626619599	0.36923398202453966	0.3988355159027168	12.485015639234996	1.3296944029984548	1.522211522633099	0.23809069703846839	0.013019235365577706	9256.993891416267
-904.1230431986651	0.4315696480839109	0.42116661670350125	12.243253565200373	1.366988290772591	1.3782640087743812	0.28887037932683296	0.012140065795561756	9246.79287722877
-903.3719138636042	0.4447497148840016	0.36346933434769063	12.59624111951246	1.2857673048728926	1.6403082963260154	0.25056100788556396	0.010799191454141831	9589.724280160526
-925.0741930778372	0.25411896505094583	0.3634676355409379	12.86419744733701	1.266987080779749	1.7893457838472835	0.17972954649025064	0.013664232924060526	9299.306459857327
-931.7290425892098	0.6488042097622841	0.29550486693185307	10.9918255578255	1.401007883297296	1.989848586896732	0.27015072941614654	0.009676796156607865	10328.009577178647
-908.2620287362349	0.49478588566892334	0.43211682412749186	12.464213969188181	1.536015457506198	1.34247983791049	0.2785610733274844	0.01526623117088789	8893.229741118907
-899.395247241225	0.4626965244409183	0.38960620823211195	12.605523557283286	1.33601926400635	1.5000312647231626	0.2761456588914626	0.012763359714116657	9420.432935944114
-900.7989947406329	0.45256652781008055	0.3797963339310903	12.535988601366963	1.304368742206865	1.5509971887433172	0.26930309704869543	0.011190970577279915	9518.744664543889
-911.536075115398	0.3750019575570468	0.38224632264188824	12.122583952926172	1.3513083511990245	1.6066498020353137	0.21555226396815327	0.015708726411420425	9276.85904549532
-902.8741754853413	0.35780441553106346	0.3770850831775397	12.52111576378947	1.2795193827766354	1.6319293018677814	0.23186886227549394	0.012761489252666167	9423.71314355382
-901.4923368694006	0.48087844355288817	0.3726953445046807	12.18137087879742	1.3502980478921986	1.5796927144091573	0.26337514542701523	0.012272017925956941	9505.511419875718
-899.2989202194049	0.3948920871872158	0.39775537753549023	12.764247701329534	1.3121695844697867	1.5074868082588522	0.2536423830983592	0.012673231819135777	9324.849170265668
-899.2904345527795	0.4537321431252591	0.3915852229511957	12.59796055233897	1.3591434648210947	1.5083683102309877	0.2614251526083617	0.01269179990694703	9332.527117017142
-899.3014886327765	0.44111913116726154	0.40002304956017093	12.529205930539195	1.3569072242574702	1.4732682107393427	0.2676852813692381	0.013875386107211118	9302.932327350403
-935.1187519397853	0.7087764149892489	0.319992776192704	10.07893061554747	1.5591869742061144	1.7906433008864253	0.32183699665753607	0.009805280971983174	10229.257317045316
-913.6775074086399	0.6012818555834221	0.36819400201991515	12.065584418357645	1.4887725539917125	1.5557093636737491	0.29833195793578093	0.010695164631654996	9491.78658718528
-903.0913619857664	0.34589907999625347	0.40131110417840116	12.659066049010276	1.3302302637509889	1.5268656071740636	0.24045361696710837	0.01471441361588393	9199.977055994654
-901.538495603106	0.48857015018798844	0.37791837140495227	12.420053977797398	1.321353366165429	1.5386269714533103	0.2803962688401102	0.011526985163511057	9564.214973319451
-903.204931804202	0.33261948990679757	0.40316774597198884	12.653670092211817	1.2703321109714383	1.5280413990454933	0.24085771683696156	0.013047284370382606	9345.928591513493
-899.3152733388845	0.4013195226959906	0.3926943023389578	12.639036409754867	1.3187112789503561	1.522749755731063	0.25409939344653426	0.013729511537639646	9341.759902661222
-900.2795476071467	0.3900928761007368	0.3841820269628958	12.371964508101478	1.2967014870290974	1.5732802316624728	0.24904953215185893	0.013304343160929986	9429.168215978338
-899.146331654908	0.3973342040470329	0.4037913892090498	12.583513774713362	1.3338987588996158	1.4799288112336892	0.25848266034039696	0.013170490928913578	9274.340177181863
-921.7570674367055	0.22960406156373755	0.41621274460174656	12.462449269589193	1.3134090780923637	1.5570749000135156	0.21202904124168312	0.013200000962746676	9089.86897651583
-914.7776697841548	0.6017162877179504	0.37753710915286826	12.69643130469659	1.3825197376342933	1.4799493776201789	0.3251875666455595	0.011418076009906793	9662.84217994418
-903.5891421927547	0.38032847196421554	0.42281680247605014	12.521315990025144	1.2826787475946795	1.402593347127957	0.2777971852389166	0.013330861389166037	9362.782144913317
-905.835314960592	0.3869228634781021	0.3832439661434382	11.928209965990671	1.3344740081851665	1.5759818028194377	0.24715238147392335	0.010730897287761738	9368.785724572917
-899.791677582663	0.46988367583003837	0.38840864500565314	12.356658464223235	1.3642761515895319	1.5027211851971127	0.271069212666172	0.01245216395236738	9386.449926134514
-901.282034447825	0.44507237491878404	0.3805178102495981	12.786844638374697	1.2741228333251098	1.5462270234250552	0.2671357538996247	0.011000557136686106	9563.746340136568
-915.8370868591625	0.27188188785735345	0.377773027947405	12.654054944087912	1.2087974718916172	1.6843926842437642	0.22272172685614747	0.01109337488029019	9501.75604332245
-901.9275810188473	0.3564861356794689	0.39197728611637067	12.444961456016324	1.3002408250315947	1.5590106796568364	0.23837230416095503	0.012302327282790486	9338.908199251668
-903.1533380396786	0.33486154732710616	0.39704316196488376	12.585379245295625	1.282911026607246	1.5496900683964103	0.23971132389421418	0.012480756136851382	9332.928937127506
-900.7153783927229	0.3879327856189385	0.4042547521279877	12.445008769438674	1.3776292217103998	1.4946462054755132	0.24875359037390216	0.014443181667640297	9151.700692755245
-910.9804130346267	0.5461677758857867	0.3667056080545315	12.431330538451622	1.3159799068893447	1.5547861013261997	0.3075801127402692	0.009617308652739524	9749.90772426395
-900.3130037433693	0.48423999540165674	0.39118353271340073	12.374836612916642	1.3904860497344957	1.4916153677257742	0.2740646569647027	0.012713307770786745	9337.580134552563
-903.1062560641	0.4344369783886553	0.3790805004432544	12.966613614123624	1.3189214115599532	1.5619353240704048	0.2617003242233202	0.014727554930618303	9402.492621292531
-909.7319162186045	0.5384543053193607	0.3664351173257071	12.319788547217733	1.3194772648998794	1.5635391755167	0.2864485673377196	0.009455765832841334	9731.985674216547
-906.2679602799897	0.5339926109322628	0.36934516469732304	12.406540203248989	1.3200676702308265	1.565142581085298	0.2807841123179724	0.011004980360421438	9699.313577838535
-899.6516426097635	0.4018729876009995	0.3822720066350144	12.749063158407122	1.2814069114642153	1.569431371507149	0.2527264559294652	0.0127953721634524	9461.019463680408
-911.20221859605	0.40582221588431716	0.41142455782993076	12.463214558032982	1.5146008221883598	1.4605283993119722	0.25098709507967354	0.017187697911853997	8825.665166667057
-905.5490860056065	0.32309678353930665	0.39605650767793593	12.393772761926842	1.3275798353445472	1.573608062052144	0.22521209862833075	0.014337972115147318	9207.038319948113
-956.8266192952394	0.19643748317324172	0.36115130697005815	12.544204299257874	1.2693207727858884	1.887694327914803	0.1423943330901787	0.016028415073377326	9246.985252154316
-909.3495186827408	0.4702501224820393	0.41628298108987344	11.931691242212286	1.4819033423365673	1.3942137042692173	0.2839726484301833	0.016413351274453647	9068.99823270269
-901.9803328081786	0.36838236532342006	0.3820615932601178	12.911344246251875	1.235280291051173	1.5899970898595017	0.2505386571166679	0.012933919506357127	9526.591447604229
-899.127825285371	0.448893566045095	0.3971534310826116	12.454045317153964	1.3714589224842164	1.477311151379799	0.2705139104790332	0.013252166641666981	9294.571804054318
-901.9069861839854	0.4979442693442928	0.38020030166620283	12.5922564092479	1.3164921958809634	1.5193487137888335	0.28086916963157854	0.011774332459052829	9574.396344100696
-907.1014269075324	0.35036263442550125	0.38481859900965754	12.640502456792689	1.3209292502418615	1.609518810938174	0.21601433156172006	0.014811803710536763	9261.384401115489
-900.9711033516643	0.37830793270121194	0.37933134897597615	12.588536152395413	1.286503357570707	1.603624706244228	0.24070904366599866	0.012721502645006181	9426.817107339744
-902.8085461874877	0.46507604353302595	0.40181176745493075	12.239893983347189	1.3495045190773756	1.4487302234891493	0.28481049432582356	0.011180188675711765	9396.249619672231
-900.1112214713609	0.37988991860959564	0.40109175649806234	12.62906784444193	1.335010718695893	1.5086567988299824	0.24509156112095476	0.013792132398350823	9240.971993768511
-904.1781101366685	0.4484420269597004	0.40580448862120677	12.762534231827514	1.2995507046111827	1.4320826513872502	0.27857474343572725	0.010625033303790301	9439.984872320807
-901.6485909487803	0.5020610995712195	0.37721486558835765	12.54965006032286	1.3488174876316459	1.540666125598153	0.2809451857060631	0.01222205274795035	9507.080307498756
-912.2954688541779	0.5323451242141861	0.37579261894466875	12.202611713280318	1.320798138947939	1.5226369034636693	0.2980211995393939	0.008885164793867723	9697.73266836298
-904.3599013636608	0.3986159923407436	0.3694115799679781	12.611698374333942	1.3001294075852983	1.6499037884469974	0.2247688712777814	0.011927775605007438	9440.144545047593
-903.9631816692959	0.4170018371955748	0.3789951752866251	12.724280734425935	1.2241602238932539	1.5676733454578555	0.2611653513842564	0.010300080009525134	9668.305276299901
-900.2855546077451	0.47635244414578465	0.401680977707391	12.668881151062727	1.3868342932352529	1.4472377520901865	0.27663966011510055	0.013273384287305285	9275.009558357187
-961.4668422781536	0.8003821399646931	0.24103424318439082	8.731257541226809	1.3543439034722766	2.394505451632725	0.35836335239147615	0.006632792319535453	12237.78672198664
-901.3019016808987	0.46823532388586225	0.37415215018218256	12.677756622127381	1.2982195773340859	1.5691703468081266	0.2671006289714615	0.011293783861294277	9567.700405173942
-899.8783639547026	0.4011541721609636	0.3860140555674357	12.543024574969733	1.3086486647624194	1.5528165070238293	0.2594448768229731	0.013559670383047596	9395.898539965188
-942.3790438644133	0.7103179278913001	0.27777422109375116	10.119041151302357	1.4550984010638055	2.113258184232354	0.29094401431637634	0.009141625838602114	10731.918861287748
-903.7493976773515	0.3403990078731519	0.40861556961846085	12.7744176467748	1.277266497888914	1.4899671820505174	0.24500738998250565	0.012237798680131957	9316.975382086433
-899.3599714689744	0.45614831483161794	0.3830151314051554	12.625017239403986	1.3213002391033248	1.5318790911361713	0.2686879771567667	0.012580171190885173	9461.766399797008
-900.375298335053	0.4774782364910579	0.3967408337352548	12.345063295921186	1.364532057937113	1.465036341632064	0.28157674606183564	0.012418281505876216	9382.000318893537
-904.2016909370243	0.5200504136146527	0.3886331083420934	12.330556419666799	1.419838481457749	1.4805069538423952	0.2888639245233711	0.014086101674870583	9354.822016281823
-909.561755094108	0.34806546039348424	0.3726279445508452	12.670901118558234	1.2716292020719873	1.660929291831939	0.2160180267167163	0.01068026650860993	9423.384087357797
-899.9461719338971	0.43710308098849854	0.3811938742664073	12.605856041273523	1.295001998019308	1.5475486426807097	0.26546092530917087	0.011616922306868512	9505.195396817124
-917.9196866515517	0.31016763281646753	0.44220351510481376	12.008703278998246	1.315291542050622	1.3739082306759456	0.27252633823424666	0.015778078975826035	9194.871264214255
-903.0126811109467	0.3637347003681415	0.3934464419948592	13.11005223317235	1.3102360577019037	1.5570176534248819	0.2344693509538765	0.01430106534423216	9252.179082372488
-902.9100056440516	0.38215617149398756	0.37833915166557597	12.715309000957923	1.233127093094688	1.5919603901648063	0.26550326352844283	0.012667999621708165	9587.14126067963
-902.0768230576805	0.36817461914180577	0.3868787439065223	12.308616969845007	1.2955461528431984	1.5739275556450238	0.24654976189646993	0.011768735728996444	9397.253970426473
-903.5435311145702	0.3301442929270937	0.39512044513911054	12.727392792872703	1.2774449449855227	1.5625761790744794	0.23353308400013706	0.01290616980367469	9330.478428426815
-906.719515538419	0.49737962556841175	0.3618425087862343	12.479187534479838	1.3164975510883559	1.6157185643240801	0.2708113792764297	0.00974416753354878	9635.37194298112
-902.231250569008	0.3505524210561851	0.4053610899280263	12.452244292897353	1.351784361691021	1.5128848873571903	0.2405258828597749	0.013237657078703573	9158.831834065646
-905.0440556102218	0.3382599442815214	0.3902170552668111	12.653965080656809	1.3200036397920498	1.5924791254220803	0.221944561130555	0.012482988408608883	9234.280221488045
-911.1856571783255	0.5871252361956365	0.3615089333022799	12.127150166949132	1.393536273921414	1.5694311377605903	0.31036369291030325	0.011914252275078082	9703.986312543202
-920.1923591217451	0.2740158896652315	0.3789474448197064	12.300297419604059	1.1608541077927923	1.6678194499407712	0.22364242576091764	0.009979284400245245	9688.340327610082
-909.0285925386806	0.36440365626494126	0.4088242852261625	12.780936607495901	1.2046403519858428	1.4503398605523083	0.2877223528475592	0.011555040532646603	9583.247399612861
-915.2879210361168	0.45251595730039085	0.37646690795805215	12.657044375775419	1.2535182937243947	1.5540941020191414	0.26366661297984334	0.007949378299198246	9661.579595137799
-900.55856344532	0.4615131073551692	0.38426588822403435	12.647742896988365	1.323489089420888	1.5248593240278017	0.2716715989489686	0.011371081513349788	9460.921640210563
-899.2430232534036	0.4536350943946041	0.39760804366825725	12.487371147421715	1.338814440435694	1.4715055609824348	0.2752755089316012	0.01270904384222813	9386.83294583035
-927.0927200159542	0.3898309040571467	0.42080829847548296	12.6027317732611	1.6773172309843374	1.4648907977688708	0.20403546528265692	0.01522136687476163	8398.358143676505
-904.3039386386564	0.5302812598638523	0.37787668283080394	12.269051732585446	1.394694687152135	1.5287031413402286	0.2910331778307866	0.011539387381373186	9480.002386793883
-901.4358556462284	0.49966075599687176	0.37931753088199477	12.444111186664578	1.3709604866882512	1.5332841539529123	0.27972297958148373	0.012815326055760223	9447.5916204267
-902.7576656025424	0.40385286317098135	0.4103841072191068	12.142397445512145	1.4288220591963536	1.4613975294668398	0.2541407958525011	0.015156324045530639	9065.216252859247
-901.3844888970782	0.4736744297858467	0.3738934683654772	12.283081101941047	1.3553819836532581	1.5759909692191847	0.2636300519732533	0.0133471248605009	9462.480466094861
-909.4296128674224	0.503300535123422	0.42511548854138115	12.0190645016726	1.591797561019031	1.3664098718933653	0.27665167979611777	0.014439067045815983	8849.335435205849
-933.5574218278102	0.7002899706493414	0.30308047312680353	10.434400176674448	1.4622906110611387	1.9031656544664917	0.3062701748581204	0.009158297032853946	10454.655532843786
-917.4922726077414	0.42749817609482105	0.42769524172614165	12.932257304710483	1.4637368479193391	1.3753221057643128	0.2611447588303738	0.01873052523685781	8904.157041849878
-899.5370057312939	0.4119116058043994	0.386031001905028	12.624125462808584	1.3068215727182737	1.5450395972483033	0.2560160805558318	0.013648465275814715	9410.526721123537
-899.5079070255991	0.39974298304448697	0.3864949599931814	12.747588024646413	1.3023671823849385	1.554171164130729	0.24822311665708266	0.012617582521665695	9386.74131785846
-900.4828763339232	0.45932169875017287	0.39069166665985544	12.563273610251802	1.3743329031044336	1.5011849321440605	0.2684860422807328	0.014228779935202879	9311.246835885313
-899.5778205612949	0.44272750086378265	0.37977176026375975	12.65253682393787	1.3365683119108778	1.566013123612826	0.25640987493339346	0.012926182579629544	9396.074926331334
-899.0566386600276	0.4224866155252208	0.38353168002362187	12.557602781819542	1.3135381731881717	1.550063254417954	0.25841672194787546	0.012630682858647912	9423.699368808397
-905.4550723437798	0.34556842127486015	0.40420570918572457	12.215163515943425	1.4052574783651566	1.528602846950038	0.22682184744239825	0.014449003139641318	9034.037398924678
-963.1216361230593	0.23718051990252165	0.4174107344878571	12.288005105812054	1.3797604210331817	1.5409310261648859	0.22659496341563737	0.022529997140409555	8941.723893104174
-907.0353301235219	0.30423242555547764	0.3956808896158568	12.79965533088786	1.2474053134007943	1.5825246639964197	0.22887425693211905	0.01252369448868631	9373.825804397815
-900.6125107499258	0.46403894382668454	0.3763924902755257	12.576399056512328	1.331990974478596	1.563934834563169	0.26270589698398594	0.011620279035203176	9468.755189214382
-903.3210460503166	0.3361376728862426	0.38622767313870143	12.582810487789335	1.2828897099378367	1.5964573677016451	0.234685191214806	0.013302170548700148	9357.358442743676
-906.6674409950174	0.40786561081449735	0.4304641353290949	12.576158969419213	1.4223297414054608	1.3717578976133329	0.2638730977562688	0.016469499796091133	9004.154279063041
-900.4624560022241	0.4156238661900479	0.38683392334612465	12.969773666316355	1.2460189092341252	1.5345468139418788	0.259906691698221	0.011955514965872058	9557.501820213754
-908.8736573829042	0.5431463195864239	0.41967600240668695	12.279315022882923	1.5167460221608873	1.3536072806021544	0.29671418877010075	0.013474730474491204	9095.182009534865
-900.2386225414143	0.4163789347151484	0.3912593947634557	12.398907386267766	1.3222735886797434	1.5224434928985473	0.2560541682076493	0.011608793450930507	9384.824135772345
-910.4434634085071	0.45806559020770343	0.36357803881819767	12.442545604179509	1.2946110163892401	1.626037683712151	0.2682589018714037	0.008863338706305394	9610.060777063696
-902.126257997987	0.5128606316954116	0.3792253019341477	12.367762956930529	1.3859424591592349	1.528971481231844	0.2771113419354306	0.012372619249902229	9446.273725199128
-902.6041447699765	0.41163406450628237	0.4172072148723417	12.711041285226788	1.323634393369216	1.4120688776729344	0.2704469349526525	0.015060940950133649	9286.6818420058
-911.7424364870949	0.44230895972030015	0.4504562702010854	12.327740121129663	1.4753951933730765	1.2824308036440708	0.2881944910816188	0.016447255814404187	8918.794763452595
-903.918961754458	0.3337484674106259	0.4071322660632559	12.549231236069458	1.3188512019848284	1.5173026767285451	0.23067801185367237	0.013773147827048414	9208.22287929417
-902.9147699684147	0.4599263853121781	0.405654439876072	12.804270255120166	1.4294493739249545	1.4586640189618294	0.251318601793962	0.013936153959275764	9104.752399286872
-903.0982150878674	0.45972367030744865	0.3830110198933699	12.628842416841147	1.258457336781928	1.5177923039813757	0.27974745737396545	0.010582792308245409	9649.823012206954
-916.8153110411255	0.3560819990958215	0.38349868881704113	13.239132184713021	1.0711794867823756	1.56751465630921	0.26053981946981736	0.010698995322875535	10014.629481330669
-922.7931494454945	0.3195924135113779	0.40497980742071504	13.128468362065473	1.0857766653065224	1.4930701177313952	0.28244090510287173	0.01101719003882543	9889.974332669271
-910.5244519897025	0.31593898597618525	0.4158080908918703	12.719836898203443	1.195566542967504	1.4822176660926296	0.25492336789966336	0.01163835768755791	9521.65796238774
-906.4249998446155	0.3313161906861201	0.4023410866206981	12.446506458995719	1.3557650120886569	1.543095501663078	0.2176841842455521	0.013844088617933134	9121.035285658441
-906.5937369891199	0.34078701270423134	0.41696046088693667	12.767765022666458	1.3456455202792517	1.474450873940047	0.22421039137300486	0.01418286468557312	9101.243911080452
-899.2385159718847	0.4393621860516377	0.38201332011897937	12.512760710999727	1.3079491722221765	1.54675796430179	0.2641011512946907	0.01241718562053283	9479.508255539617
-899.9407327742375	0.4024340878920729	0.3875225693124532	12.713925776890806	1.3009347087034862	1.55201166580314	0.2494525817677485	0.011956184534476945	9395.659607077734
-900.624525769528	0.464659953188455	0.3761880357474902	12.679038171200089	1.3301221083801396	1.560821812121542	0.2601439204430684	0.011887498029084533	9465.615766081972
-899.584401937312	0.44994280798080394	0.39056458434860203	12.489807476104216	1.3576669694014134	1.5077913339858586	0.27481427568545164	0.013295564939819263	9346.10979112057
-899.1398010669257	0.44257262423487154	0.3983164556939666	12.757776087155822	1.325506321639664	1.474208400487445	0.2706055006552539	0.012447328723613362	9373.283098533537
-916.0414815515943	0.27787948349325714	0.39897142765774457	12.918828638821097	1.163988223903371	1.587709399696662	0.22166884574828727	0.011456220682822692	9578.638814983633
-904.5317714115395	0.47601518946069965	0.42763469353640954	12.438719555969616	1.4522676611791316	1.3469066840103099	0.276849173152153	0.013680129873222523	9069.969288886545
-899.6939556274358	0.3956708148333876	0.3839344734153601	12.722497828976914	1.298080364450083	1.565455030056561	0.2530934439939278	0.01297427433420652	9402.191104803134
-907.4579675256299	0.5556818420400942	0.3803473446106137	12.90665706098657	1.4016008657189725	1.5090380966082515	0.2926058325254335	0.012263814549077611	9451.854348935674
-899.7517969351554	0.44495130930926724	0.38079515716407425	12.649510919720326	1.323394498239164	1.551359588348575	0.264174886873895	0.011881936586532653	9436.475160904109
-900.8503459541627	0.4330581171028146	0.3827662980844403	13.168365925247645	1.2840724236518628	1.5467404701419252	0.26431173248309975	0.011772125849584855	9469.850235204964
-905.9953490596586	0.353474369982805	0.3910647580045424	12.467338539126656	1.301882085387391	1.5693536011367906	0.24211005148088846	0.010778413720451147	9330.031638484968
-903.363286538751	0.34651813425866296	0.38962287220595726	12.899034884198374	1.245781333165217	1.5773921784621938	0.23668669648877452	0.013730295649067435	9441.71149250924
-901.9783015571054	0.4598740907322319	0.38988527861281164	12.255979959424756	1.432660520040678	1.516122976226862	0.25942311331385376	0.014498647842238945	9194.37603101062
-905.447963690988	0.31188391855849146	0.40444605018291174	12.664065513776125	1.290589069727194	1.5427754198871	0.234007260635808	0.013146015202334268	9254.574227003517
-914.1323433590012	0.4836090925052674	0.35614469858789877	12.659989999788865	1.259099341876108	1.6512480237666673	0.2609715894086658	0.00820678634483444	9765.016456615365
-904.0151709548236	0.3822732453441164	0.4054209785316024	12.555483111240948	1.272636095837304	1.4780726699922702	0.26192616328975005	0.01083324534307733	9422.130072004891
-918.5628258870884	0.300798358418845	0.4493366318521427	12.08161645302908	1.5112075512219285	1.3856970886349835	0.23191992643039025	0.016242570847493185	8647.63765507237
-899.5599243941072	0.41913339175117453	0.3890364141762085	12.572791889897168	1.320288305203751	1.530785496194568	0.25938299663780884	0.013926928463451798	9383.744806458037
-900.2004150259877	0.4714817683816468	0.38324568202294684	12.662953771041765	1.3058290210321177	1.520970326675623	0.27623510829979375	0.012270648629878167	9532.069122952887
-903.8348600014058	0.5075124869480918	0.38272589646047467	12.053634908461337	1.4137586699215126	1.5208256424472717	0.2773970972729384	0.014072547298962507	9386.134398142343
-899.758792243687	0.38554335917572324	0.39760794025454704	12.766889989716724	1.2945623537404152	1.5133083554409983	0.24896785727045992	0.012728195057563048	9358.075770219619
-899.0057918565642	0.44463238232738456	0.3924554939336922	12.485975000003645	1.3254520285831686	1.4976586346093606	0.26954539136876315	0.013077603993606149	9418.323868262956
-904.8701551686156	0.4534638735447249	0.3848288518003776	12.172231222146102	1.438079061964105	1.5479706644081968	0.2509771398044577	0.01129183490212204	9188.452333127078
-898.6818979323591	0.42303521763634294	0.3909043978495864	12.563784991799439	1.322692266981914	1.5204383099833658	0.2601209928793404	0.012729725931074494	9380.446797132941
-899.5089620600401	0.43773385624187033	0.39143742107849044	12.618754484875787	1.2870676125384244	1.501148622263949	0.2751841075485501	0.012343792990638347	9503.688370847833
-899.6491902533926	0.4356019369050598	0.37883500285232685	12.421730507621957	1.3126649064541354	1.562532082766394	0.2610053760410104	0.012146345082373838	9476.41053250637
-900.8819269786595	0.4053559132868751	0.38056257316812925	12.519761164248774	1.277180626639066	1.5785375345677954	0.24822634362880722	0.011553405472098448	9504.233459121346
-901.074076398651	0.4827377043373139	0.37484142667839415	12.649209501653099	1.3217345135496539	1.560128033259023	0.274409832931679	0.011843027500024302	9534.375516933229
-901.8667673453378	0.35528907786218444	0.3991344686075846	12.526143549885573	1.311500352636279	1.535705851070848	0.23605986409847796	0.012796622060474277	9279.896391993552
-905.4088170382615	0.465163259405434	0.41741187515322337	12.352314208920333	1.438025495044534	1.391543565070353	0.2745317902995409	0.015869993876762047	9116.923219152226
-926.0140642116465	0.6486069645294977	0.33886557534849493	11.696611000219132	1.3641068667824106	1.6641445316765309	0.3290428254464984	0.008240636952884708	10123.909497475164
-901.0092439991291	0.37356957045752076	0.39133272746999076	12.772518667658879	1.2453201691565927	1.5426390825435798	0.25906191561516	0.0126211495523466	9499.124338170464
-900.8897449818412	0.39896492898076014	0.3820257110262368	12.246458076498037	1.3335382830319014	1.577821243275443	0.24878356569478796	0.01207330464561762	9360.460627963153
-903.757650759981	0.4225688721474121	0.36998313749900696	12.381402984752315	1.2740559054060305	1.6145936155850669	0.25717349487634494	0.01039863812456619	9587.110783971772
-901.0308837881386	0.4445457064878196	0.37833369586930465	12.666187809538235	1.2565540107885556	1.5543537500895108	0.269716300359864	0.011454730078199037	9631.773691440718
-903.1540827631095	0.33803815590358827	0.4032953276262482	12.568772148138414	1.3295689763522778	1.5283895719760079	0.23406354648617173	0.01408164010727319	9192.507582758291
-906.6424524393248	0.39543827695804495	0.3823483830727291	13.14311060948206	1.1871207188053627	1.5567533004593117	0.26342858896556665	0.01003963016044197	9700.209634246521
-901.0823118185702	0.4555099100223643	0.37875920477500613	12.436047828876458	1.3187815744570368	1.5545347760015016	0.2675325037481405	0.01110946567756063	9497.112075563971
-903.819483991426	0.5265725943475477	0.3839794617111725	12.274088615322563	1.4288310709813405	1.512526581660275	0.27684604919812755	0.011985094813622815	9364.210679348336
-921.3371936054323	0.325376563742916	0.46755522844864433	12.437768968025456	1.4136565012333766	1.2882207969027617	0.2745866446710132	0.016483835315707775	8865.470440190917
-899.9950564609551	0.4469838145304771	0.4052520149004596	12.803879574611376	1.349536404326338	1.4412840706938763	0.2774804155974546	0.013860655067262294	9296.97517299612
-899.4727735846611	0.4218767965821781	0.38689974447086056	12.688731628765689	1.2896469431556887	1.5330271368652826	0.2615165587721227	0.011863259013489972	9469.103525355551
-900.1976399976012	0.38810422114006515	0.4053969400676346	12.55615627878575	1.3672108496336142	1.4833544022793994	0.2502345724413299	0.014142951798042933	9167.079568962597
-907.4155952959462	0.5544699301648758	0.3796110210709503	12.343994228496841	1.3720620868171802	1.4992680752251961	0.3076952532672379	0.011190503114764296	9588.739340593162
-899.7793095726308	0.42133525690160195	0.3973640678673383	12.467808381109728	1.3906733165663947	1.5007634446441516	0.250221846916822	0.013557645808689022	9187.78254498072
-911.1834361169308	0.35081869285788936	0.42624608053575935	12.156462935403127	1.5261986200168958	1.4402708803983613	0.23764234553329802	0.014218768566000262	8712.886161457098
-899.0991559382749	0.41408964139763577	0.39370847427186134	12.67111903104892	1.2996308741642755	1.5050963165338316	0.26855267274766753	0.013018531204550045	9414.947039214667
-903.7548340572762	0.46107051511651287	0.42391758321609757	12.483936990631229	1.4517170831516537	1.3722155817314499	0.2812303518023692	0.015024916185415722	9048.167145381787
-901.2121934392313	0.35909720454598126	0.39015038889920517	12.669026711131915	1.2967072463548517	1.570183812767341	0.23920425787227123	0.013118267645513562	9334.228390702936
-900.5225523181431	0.4388334478425276	0.413051752498692	12.72400781128188	1.3407605721947886	1.4119383577773847	0.27291245050886387	0.012561512310361353	9294.642934801677
-901.3833949560421	0.4766821388693892	0.40561371468994667	12.52913215997357	1.3476978617071058	1.4217371472594222	0.289968382773755	0.01340399546642603	9386.507578500992
-900.3974224718168	0.4237731760243052	0.37273066241711167	12.739092981776434	1.2786975502724305	1.5977708441846097	0.25494120743093057	0.012269471895199929	9533.042160589419
-899.4733300281687	0.4007491300299538	0.38383317331217304	12.612205481514653	1.2957967414894258	1.5651169207397337	0.2541933077192512	0.012593227323590373	9427.946316306921
-905.0331055186214	0.3844000588332798	0.37445726335979324	12.457850538933403	1.357770091726995	1.6402287078962003	0.23151814665156376	0.011680401205469409	9261.289050894287
-901.1974794321511	0.45527894238549077	0.40083702835765184	12.312208386359725	1.4349770304908975	1.469762794176519	0.26793119746138294	0.01443099040934319	9147.945605245246
-905.5974373876209	0.401045041414326	0.39572825880980195	12.559118505994453	1.2387485060827599	1.4903015775535242	0.2762429965469957	0.010228699194929	9579.129906644048
-899.6584277290167	0.45396799128866705	0.38888668863468884	12.532988309610062	1.38298563179787	1.5177909326926298	0.26513532299390025	0.012582274974694191	9284.633220474974
-899.3697828211272	0.4438401342962825	0.38071448260842594	12.58122567945233	1.3169677070138261	1.546054161191604	0.2648884064868041	0.012678781132283377	9460.155092023542
-901.5747726602003	0.3999776131387885	0.3958913628061404	12.693378608783183	1.2845322144016638	1.5087753752733197	0.25631673346303124	0.011126458784412485	9422.847810756934
-901.2942965930418	0.3860242211413083	0.3826867562707915	12.597785528379013	1.2659278706224695	1.5744072579665072	0.24762423163409703	0.013741913310694975	9492.285288651823
-901.4464460502434	0.47873371170251383	0.38692247606861924	12.689348243240563	1.3084326722528923	1.488858143753149	0.28616400516406154	0.01316934666419241	9530.677040818768
-900.9347765351577	0.4206996327491735	0.40156596431460023	12.901201599591815	1.2593489343574822	1.4611403434491441	0.2749513276758358	0.01189741886142674	9503.114984732629
-933.4635897638186	0.219092146477708	0.36928200447457926	12.200291791328164	1.278022339751838	1.7997272095728563	0.17873215925756805	0.01542649146347404	9279.182003311626
-902.864315372429	0.5021102734168019	0.3660733353883266	12.58000725581988	1.3261410800904947	1.5873615884610282	0.2770129252643651	0.011802645978988	9597.820480288337
-912.9946881204439	0.309720220201127	0.4191797779276967	12.184987332289278	1.4508990896594387	1.4874205725856675	0.22174781581715053	0.016098940391459923	8844.353119804982
-902.6410733332174	0.3788847235917979	0.40103022811197914	12.387309385691632	1.3790810354046479	1.514822959941336	0.23226989105012394	0.014226221277302924	9142.686219643538
-918.9725636702651	0.35899554315419807	0.4214659226562396	12.304403772111321	1.4373580367916192	1.4478368623805316	0.24421094041499353	0.018943207962263852	8932.59500737048
-899.7949345300132	0.4326183493109236	0.3962352006458584	12.732064768566905	1.291243202828335	1.4838875132519702	0.27735392095364647	0.012134468595904323	9460.454146474216
-902.0241315775934	0.4828714795510485	0.40239759081999044	12.36781225328602	1.443019818300896	1.4477122369204696	0.28068112704899006	0.014146673715229648	9174.522952668616
-900.4897809980532	0.4029317957754191	0.4032643924232791	12.499916019573696	1.3289697483067942	1.4801280887542776	0.256517074226486	0.011880119591909193	9305.262828568437
-906.297639870148	0.4926819141016439	0.3679599071603219	12.420005074601859	1.2894660057433425	1.5728628478523887	0.28984455370763085	0.010050567542777153	9692.583456995711
-923.197557652481	0.4660529484984563	0.3815576682464706	12.60305132588898	1.2091507716986085	1.5118737102658115	0.30439451861309397	0.007309556505158947	9821.6923862881
-904.4569525475943	0.3509485057197211	0.3783137318172748	12.506995546264317	1.3037656855872453	1.636869248739024	0.22122758617940388	0.013052613990796286	9339.769384378409
-898.9798987953247	0.4085053763713581	0.3915270528950544	12.440325474216257	1.319268682057891	1.525146336490623	0.2604856325200295	0.012792782183049961	9375.917595418201
-900.9580063450625	0.46431244423341056	0.3734158598455726	12.54201806215924	1.3624272349040079	1.581078605252435	0.2606582611528682	0.012083413268644864	9398.261833866456
-923.9524053084298	0.2318627902621533	0.40166299584271487	12.74035482222223	1.3138381477645211	1.6182464077704877	0.22154274845900793	0.015563059963555302	9095.232953488498
-910.2702022918508	0.3672310462312733	0.3939404476206713	12.648687125861214	1.2861196387579088	1.5318252557811545	0.26305760852533555	0.009793625132814681	9379.669003838328
-898.9869689489955	0.44601917751929415	0.3868675060719437	12.564795736012773	1.3335972299014742	1.528245261070311	0.2642384675569289	0.013015705950298547	9402.89632236461
-902.2783126601627	0.3591447646197636	0.4192564370649168	12.575288975850151	1.34174228718755	1.4392126864621106	0.25735972799647405	0.013518532822129387	9163.992579520456
-900.630648998284	0.4220492300044681	0.38622295597156503	13.034644517123354	1.3235300254925908	1.5451748500123286	0.24914646256938214	0.013840108815413093	9339.414444361744
-899.4182657662433	0.39117363081817536	0.39750518704331905	12.508258029935732	1.3159378538211817	1.5122838491042956	0.2583553268718617	0.01352951812976318	9334.985539348643
-952.1836246776074	0.7463084418513174	0.25755317135753125	9.825563489653131	1.3575448817177136	2.2614134603650307	0.31630688403166857	0.007107911920249815	11405.34260287007
-900.666112278457	0.43135426286519335	0.4115670729890772	12.760034884330267	1.3154028462835128	1.413314234960188	0.2825414882158921	0.0133325406969794	9354.884489142756
-913.1897792333439	0.5830647278671905	0.35475448325566994	12.480944218718726	1.3416109666471907	1.61082673728576	0.2951772422916873	0.00973405138443681	9814.25399003406
-905.1969432343312	0.3584345503336365	0.3881686604549449	12.669754305380149	1.3453589500872598	1.5803049667340046	0.23424222160611863	0.015390380199461307	9202.551265571934
-929.3713024006263	0.2685084527434796	0.3990761962464065	13.449127865018198	1.1109559117954901	1.577993274638696	0.24059510060195924	0.009237258242475663	9710.068165538149
-899.4980796111	0.4444324212829078	0.3842311239815937	12.424791204205697	1.341164010441156	1.540505701271092	0.26071633734164307	0.01206937457765896	9399.840259499271
-906.9309095356288	0.5527292512618782	0.3673741476349693	11.848673935522658	1.4381778017633866	1.5798301885452524	0.27873630798484517	0.011824289859703565	9505.160080807318
-908.6460278724039	0.5627313200696961	0.3904962613887103	12.002929460401022	1.4670824631434884	1.4573719121374165	0.30873137744433055	0.012023160703786253	9373.513386116645
-902.0009437686174	0.41311836327408824	0.3939668928453727	12.972927693021836	1.3453853763866277	1.5260184539402697	0.24009480090779117	0.014364100765203072	9248.283481417846
-901.7993958473126	0.39421577274203334	0.40804506229481874	12.854825664382401	1.3537503002123485	1.467836951730477	0.25408468068696083	0.015170336177189209	9178.694537795913
-900.9071915111865	0.42329756661582685	0.36961893023399356	12.652082205873121	1.2726802850657786	1.6147532831679503	0.2529544021749157	0.012211101138764256	9565.474142782941
-911.5488882222876	0.5489016299458951	0.40861711053847743	12.023336959651765	1.6125296121214518	1.412106479475658	0.28152445042368185	0.014028724844194549	8948.497125072701
-899.6094349649795	0.4430205014855686	0.4095007290724073	12.544342111642116	1.3607887989227692	1.4293590257841111	0.27508793683666394	0.013297528644558734	9274.066419145103
-909.2455203908855	0.360106254421539	0.4446222159470687	13.14874653864691	1.3077051714928862	1.3428599888565915	0.2708085509070006	0.01443247939277694	9160.318576095848
-908.6951848982172	0.44287333591828026	0.430752688430595	12.842162109749282	1.4645379393861078	1.3561032636558732	0.27309418206501124	0.016765407959132558	8932.919031341478
-899.8093219608326	0.4041752383930226	0.3827437227891725	12.682972562602567	1.2876574249105155	1.5672494916179218	0.254237802657416	0.012028532895502791	9452.534735829295
-899.9931987449905	0.41865602895318377	0.38558218058139193	12.877920781176046	1.3104508611265362	1.5514323733666404	0.2501539587834333	0.012030769079339882	9386.031842639346
-899.6945033435845	0.42907667407663413	0.38929979765632916	12.781247066376679	1.2738632465848028	1.5182732005554387	0.2669291800985855	0.011906666687384949	9513.045350833941
-901.3139171118063	0.472933220783615	0.3886563100599365	12.411945757284268	1.4270184483379431	1.5193067508036213	0.26117332611375876	0.013891157863357631	9221.02089683191
-900.7045995701542	0.47254923198625537	0.3784904017541355	12.334735492763688	1.3408637034471889	1.5468190119724186	0.26966126940634777	0.011641301680848294	9482.862983820032
-905.1751261292184	0.34259360114725024	0.38621921081069693	12.550475784460351	1.3139932263401979	1.6058457531570274	0.2189227143565169	0.012566618222598174	9275.773000396292
-898.9512815809619	0.435375865906709	0.3973412553183484	12.549871413439622	1.3535954486459627	1.4916786726591151	0.2594335277424354	0.01322575078703196	9303.486245927987
-909.0344901553057	0.29371132101857256	0.39248664081050216	12.560904038661684	1.244865320741113	1.598633868421543	0.22750852119623283	0.014198617550517567	9398.52136966167
-901.6099556030015	0.47795837150185433	0.38862844679927794	12.305904691692435	1.365397050017296	1.4985132025388608	0.2745957404449161	0.011282161872690944	9405.079340764838
-909.8843146879101	0.45849872852069246	0.4381369544787096	12.0714584746681	1.511007271553449	1.326314104877736	0.27302793814085974	0.012488242565395435	8910.159321884079
-907.356459761012	0.3214021873455065	0.39789960213237274	12.634493446082274	1.3429262058205818	1.5712336136409497	0.2150301871228728	0.013102527239065725	9131.635344413471
-899.7376046223484	0.43886497939006586	0.3842547130221425	12.64907662696483	1.3415562871656583	1.5482866388363878	0.2534098836928801	0.01351672754999469	9363.580810621612
-899.6842919868982	0.45968744078018703	0.39029583981615623	12.840283782064452	1.3362933673599426	1.4997213131548681	0.2649591696269248	0.012999291689822315	9386.875915143997
-899.8683665277987	0.4662151471392828	0.39983776134487176	12.654976058272522	1.385228326836196	1.4647842001056999	0.26776978298765236	0.013147375733372248	9263.092970088264
-902.4312816744982	0.4233016593217567	0.3956864436255495	13.012123183507088	1.2603933301115422	1.4829373468447946	0.2699020202599282	0.010904560569904971	9507.134470011226
-899.4307434154914	0.4262495298213502	0.383512464555483	12.675074648465936	1.2989902838983494	1.54355952368636	0.2582378629901947	0.012053174860760359	9460.014493907815
-967.311540883506	0.7920031151536455	0.22632021735522054	8.572712430681857	1.3644846597347249	2.6163287989216655	0.31428461947718933	0.008457255295085965	12345.475733346082
-905.3514291032784	0.5069044506560364	0.36358528585692135	12.006013067810574	1.413356217877663	1.6153594096338388	0.26013496870617686	0.013364600797415804	9445.243199252931
-899.0447813738463	0.44645177453289014	0.38890891776109987	12.717697235953981	1.3219767054240863	1.5152516214842808	0.26361167417435905	0.012833162652471346	9415.469216697886
-900.1231755945107	0.38086261197657795	0.3892845419106069	12.589525156908895	1.2770261122362379	1.5458412998117987	0.250887967756426	0.01233507924237974	9438.526924118565
-904.333916340704	0.46985684303007685	0.36333627766780885	12.67638025752448	1.2712620609114553	1.6213928642185385	0.261249920204007	0.010438181569935921	9677.002310466807
-899.738494665902	0.39243281959565873	0.39022361645812986	12.67484944208636	1.270288521121222	1.5414278170040216	0.2555775500920985	0.012359118145183336	9465.673023423364
-903.4928062876118	0.5040979118159412	0.3792164306936359	12.434219962653266	1.3186419703258823	1.5182934824502103	0.296841983749208	0.011543601043777418	9603.50174436069
-899.7276124732864	0.41949978459166143	0.38892379477305805	12.582031949053842	1.3363583425432815	1.5400601001803957	0.24762912337436233	0.013588872780854789	9336.17993315236
-900.4664508501724	0.4836163688196991	0.39221829276071607	12.492827438714333	1.3657744838885597	1.481977475427211	0.2793591227161237	0.012136556798966264	9387.319428626706
-904.53278739856	0.4533979453243297	0.4017231669644826	12.64939197108383	1.4873630881518718	1.484553342806312	0.25181343590401695	0.015030537794861798	8975.243365852099
-904.1152101498039	0.40822000148953863	0.4258202091218794	13.269805463877708	1.3223187409133945	1.3847461570303627	0.258480592182397	0.013657800944046002	9210.596866289447
-899.9676029748107	0.45606343732488336	0.3756737991008665	12.49637456376877	1.328627335127536	1.5753823859277607	0.2619520593764286	0.012303724701123035	9471.427219690799
-904.2047632192853	0.4309253494569907	0.39137546657935784	12.804606015186518	1.266678969934688	1.5103295067501656	0.2682935275832608	0.010124229524390337	9529.522673855789
-907.0377089266067	0.39621699289285284	0.38583162357116024	14.051794121962208	1.1918018529072607	1.5481437247669485	0.25104493271056205	0.012422147862134563	9595.879628244356
-902.5853937310137	0.50865493574067	0.37478628121895585	12.595625564456423	1.3624096591860373	1.5568664851427036	0.2719801267989471	0.011709003542296497	9486.189075508912
-900.8402789425943	0.4210189378346318	0.40700988763418083	12.626425533606653	1.303043211037043	1.4382365369513954	0.2764139704244931	0.011888304924655556	9393.260538979372
-905.4982720476286	0.3889318777968973	0.35724652088957937	12.545050183253862	1.2644218682964663	1.7146816475290214	0.23121591725975024	0.011816993689466641	9564.404029216235
-911.572122535301	0.49323417863428665	0.36207591955382135	12.770549824794356	1.2408780037696594	1.6061989875198608	0.27045592314918	0.008751693206786404	9813.894726484286
-944.3653337013027	0.7470724346711417	0.2855810763644546	9.875286061075597	1.4676231684804428	2.009328598618369	0.33688538826155073	0.007809360314637738	10902.912151097402
-905.0610870076146	0.35949232353344857	0.4336634178493869	12.820290604649907	1.3828158395570294	1.3957462374023333	0.2487692974675729	0.014660375082679849	8998.593344137611
-904.6189018736366	0.5325323709367683	0.3689681709266268	12.13020138159424	1.4010684093589494	1.571714994183538	0.27343588282087294	0.012373744241433084	9510.238658160384
-900.1614924308819	0.38038706240883485	0.4035697344635299	12.516071953341566	1.3331596977943212	1.4912533244241921	0.24638906600993898	0.013194495739751138	9253.734255506786
-914.2158930979881	0.28416792221528464	0.3810088876544318	12.81292778712902	1.2759013511213004	1.6734061752173883	0.20615747021767078	0.014939787527664894	9286.403432122133
-902.877880013435	0.33870448655149527	0.40182109970712343	12.511880890918865	1.2922986454125003	1.5298991627609675	0.24025753042344347	0.012558109905072312	9307.942034311349
-912.970813359895	0.48638892851980237	0.37668393937727795	14.090270291753027	1.1854041304041374	1.519390764513676	0.28883041814143406	0.012823972208552638	9813.138644243483
-907.1268831788263	0.4469048722381437	0.4387106457856077	12.633581649822153	1.5028213841146913	1.3421875463950506	0.26112308905204007	0.015126939046074948	8846.100293024589
-901.2728199583596	0.4756829886239746	0.3819302690116893	12.566047473556266	1.3339489090817833	1.523357168168324	0.27442945211296854	0.011233105429917732	9476.451466092663
-899.1790554262707	0.4436284710536645	0.38921605909712265	12.691213118928049	1.3546401368744259	1.5178053180605324	0.2625422886677261	0.013425423184143151	9323.164911653632
-902.6062196022435	0.5141456348640892	0.38016039426190706	12.253733622367646	1.3796286235872564	1.5229385549687597	0.2812070896748416	0.013039844846138932	9475.68686241469
-900.7415092749827	0.37672345549410696	0.4024041687247913	12.37561174072533	1.3145241556549006	1.5040147637902865	0.2515275944977243	0.012314770217418957	9315.93908119767
-899.3804659505362	0.4392985227302327	0.38253974762165804	12.548006281719292	1.3497808555992727	1.5551254275440258	0.26004751133219095	0.01305997681538822	9358.007102534248
-901.1977921232628	0.4799862136348575	0.3778610530640382	12.477149025502793	1.3284351818083802	1.5492715008645521	0.2776467786338384	0.011515737810278232	9519.56374958937
-899.8162921837726	0.46129205989465627	0.380739224094449	12.624822500209666	1.35606548319341	1.55160282040184	0.2614109659844519	0.01286978449208384	9380.913270113171
-920.7969704202517	0.24733782171705448	0.39249641002063873	13.308100540116362	1.254250869048122	1.6528585518091525	0.20576596012079346	0.014891893068144722	9238.104106133414
-899.4708754552034	0.42471518104845374	0.38014852811764505	12.647176203060996	1.2975258901051057	1.5676554504972513	0.26173311158519974	0.012468583309186649	9472.008925764821
-907.065941925061	0.543091639062522	0.3784831386688102	12.368656607867615	1.358466642001554	1.5025187055522176	0.30843165198006234	0.0110877429717249	9597.398998221277
-904.8051421757461	0.48803880702192226	0.3815473907602804	12.495331660700849	1.2935731522559444	1.51683617816434	0.28483102013881734	0.010142820543988918	9623.907662353377
-906.7969323920909	0.5300363187777077	0.3875765993652201	11.786586623878547	1.5003239321941566	1.495722014617074	0.28189288371281107	0.014024145774173798	9243.126478036751
-907.1621725119294	0.3373820953966075	0.3865616266738677	12.634023348372425	1.3119866047112207	1.5999364657491137	0.2278908708347914	0.015466128195642024	9268.599422949284
-900.1111791775334	0.4217695701552776	0.3781892861916343	12.8752873369953	1.2820475320966864	1.5733485942335341	0.2527847741713347	0.012893218493365062	9492.25726927035
-899.5993482911472	0.4520415416989859	0.3999373439585082	12.642222735962696	1.3842058045637498	1.467314592991368	0.26569579360005746	0.013747307535631375	9240.03878393427
-901.6322324290018	0.3818251985384829	0.3824522473272628	12.86240583363569	1.315314031635098	1.5920658720405183	0.2358989225299385	0.013711126659091966	9315.690449320318
-902.41477244045	0.37398283691689105	0.3735697504780662	12.498208882588196	1.2777473538499464	1.6357485635019544	0.23495995895147903	0.012291343737350918	9466.11586780836
-989.1416806962704	0.7767174730287684	0.2290536869369233	9.850613166359818	1.2482278534289415	2.5932531385850415	0.31944879414487337	0.010732592982160241	12211.011947843073
-899.1515150723246	0.431293087177149	0.3875237853684493	12.379196180602337	1.3559134699094337	1.5348183292775135	0.2582375847532377	0.013231049573796555	9331.570955161602
-906.6535920997453	0.35559904002842835	0.36675794298980446	12.794467176896058	1.2392198312691305	1.676916197502597	0.22916652903801998	0.0110127733843669	9536.271693152985
-901.6263425551182	0.41153543809801874	0.3862458689424744	12.38451973155312	1.3373014571118722	1.5516886952200197	0.24788031345880684	0.011312016718341854	9347.004848117967
-900.23499114572	0.4354825805470655	0.39058316945223803	12.489407232862387	1.384704982149029	1.5180684997338723	0.2608007595339965	0.014234410919676099	9245.330365836253
-907.67144277264	0.5302331245425103	0.37404482871480565	11.752697867960999	1.472213997169858	1.559611905151278	0.2716308415687464	0.014117362025701139	9353.873163790147
-961.2046624382307	0.1465027258746284	0.41631806506097213	11.606705394470147	1.1959395694775121	1.6618149778747693	0.19090786378994457	0.01516666388443313	9444.8655427999
-902.6874618093741	0.5116612802506376	0.3782666882308119	12.259132484657025	1.4082841951694924	1.538803293226461	0.2772982185460136	0.011905846637366003	9399.653510355802
-899.9424664577109	0.38626266156737793	0.39549027025430533	12.98105151469236	1.2880704732376789	1.5256107417904596	0.25395293792654444	0.01325049138689925	9362.925775428987
-901.3981307237746	0.46246758909987146	0.37899329537997845	12.425668067831756	1.387272025405416	1.5642708036656658	0.25204496389180486	0.012034744130545526	9324.546157885436
-916.099740007814	0.623672160441607	0.3571453922934952	11.917360192948111	1.4256298705977393	1.5810924244493605	0.3211676067421471	0.011604926536792229	9775.866209070986
-900.9773943341381	0.4871806897755188	0.3974087847793206	12.694220519174836	1.3623281853009976	1.4585873167064167	0.2793503485181361	0.013436302080302545	9370.019134779786
-900.6897592847197	0.3813841567961144	0.40161254598767926	12.644617048238178	1.3721164794646916	1.5094002370851414	0.24440979426496845	0.013988736909287657	9141.003886415783
-903.4442999376228	0.33149751235203323	0.4016004544790593	12.762546387646884	1.263544686322852	1.5306935685647463	0.240370319260631	0.012791302529507966	9357.91488470742
-899.8754702808745	0.4361008478552743	0.4104864760770467	12.722661261681008	1.370591237775883	1.4315563539307345	0.2721392699630251	0.012862164053183836	9215.375692523341
-898.9085832080436	0.41420654585071465	0.393362670224717	12.689603546209435	1.3324791820413793	1.5145549861157497	0.258722293319823	0.012664042796069716	9319.85564499006
-901.9236871918208	0.4025580494352458	0.425760433125046	12.556645113292026	1.4018536514679578	1.3960931151428175	0.258392768104896	0.013704850001331328	9057.130305984494
-900.4469136435782	0.46416936199944436	0.37760613586327146	12.505705804802938	1.372360466607879	1.567432353477035	0.2621143890742207	0.013116847447273034	9363.665357599019
-908.8629119541658	0.2884925292200756	0.3982357473679735	12.406351155153407	1.300192497539139	1.5837330119307589	0.22985234525009976	0.013375863136335035	9235.912726613928
-912.3830699404633	0.27229478481453984	0.41027620484513233	12.851661881483784	1.261867907149326	1.5461869509892994	0.23507253775152745	0.013900728811210265	9263.272905547317
-900.4591145478721	0.3745467169664175	0.3957030443655831	12.547986220250111	1.2753457185488686	1.5196583592464694	0.253448785102048	0.012321681545178213	9423.875430733866
-905.436878756712	0.3156452674929362	0.39343383250111735	12.648211835174518	1.269438909273958	1.5842301537388086	0.2402105266100415	0.0128857837330973	9347.188593060011
-899.1563524352837	0.3947404418810989	0.3968530989981537	12.56072099913544	1.3066968748654497	1.5092037805741676	0.2587260708751443	0.012763340068957131	9363.28427239176
-899.0499627473615	0.42010343975000525	0.40300779094205635	12.591765859750753	1.3669913860712575	1.4718974853396745	0.26028764184178205	0.013590711671467439	9224.615775519767
-900.6354883656089	0.36910426803683855	0.4006207750344693	12.711598576837742	1.3214803140432698	1.5157814838075636	0.2449241793020797	0.013980803631604966	9254.826373087153
-901.1639796674796	0.40756100816024615	0.41816183189678185	12.542163729330433	1.3933544432792073	1.422509055607606	0.26532179417145074	0.01294607824183417	9106.634635185837
-900.7836562980393	0.48959937053383196	0.39851165923928955	12.600239772696629	1.3815325410738024	1.4556886810419867	0.28229130160391974	0.012813370164913136	9331.15434790991
-899.4971588954802	0.4054882677034265	0.3914178978185591	12.760822385705787	1.278462667405704	1.5190726556913572	0.26094989381019645	0.01213014600150638	9455.476565617917
-920.6962345416932	0.6155028762101185	0.34408193755030175	11.98763602329106	1.396073706817893	1.6640439135689657	0.2981819111665464	0.008358482142785917	9866.062470172279
-904.3373444339658	0.5123104337808322	0.36187544181815007	12.522533834103674	1.3456640272959026	1.6200721730623597	0.2672030169747418	0.011293876966165947	9584.52017690913
-901.6411533064083	0.3542120857142997	0.3902106477712023	12.50827941043391	1.2980169064162703	1.5709185512612103	0.23708469146103667	0.012914543212665743	9338.725726452616
-901.8088320022129	0.3614500590287176	0.3998375053626421	12.403583154290326	1.2990948029984433	1.5141824819203398	0.2521670164053896	0.012054474249317841	9341.218267862976
-908.8016260783933	0.31918855524151607	0.3900787041857526	13.130219515284242	1.2994072851116274	1.6038703972396198	0.22032067076531311	0.015013417199989753	9220.523410978565
-902.7591060703177	0.5118531565067698	0.37070546687937	12.552033795333406	1.3426536322709386	1.5641213721369593	0.2789524665479457	0.012301329032267763	9564.581287326939
-901.7386610493086	0.4855520620643006	0.3692188129031961	12.281365015636457	1.3517969412002198	1.5905082984496237	0.27025192490465316	0.011996240130613369	9511.546376007629
-899.5206616178065	0.4222605511229516	0.3800508068866653	12.405613351568045	1.3134677343309247	1.572217497055995	0.2550784374451236	0.012587771459895898	9445.984123197906
-901.0222916205248	0.4364377007781423	0.3848164848309356	12.529296199462326	1.305506305655976	1.54200142847553	0.2520777647633616	0.011464270994499412	9469.003614339517
-900.9327244534636	0.4622174643523871	0.3744200815434735	12.19693089221728	1.330464033368782	1.5769399463666813	0.2608748978323602	0.011975624018256305	9513.63118748037
-916.696263460015	0.6314508303912123	0.3638756402600288	11.661681110167482	1.5186538951874053	1.565289294082937	0.3038694296119125	0.012585619171708107	9582.608110243047
-906.7658908173628	0.4083037912283428	0.38693107501237195	12.752801081309672	1.404762941309027	1.5661876111855741	0.23099886031199587	0.01575517085719458	9119.902292579302
-899.5076696866372	0.43782299840460737	0.3843668099115834	12.354784938957303	1.355626893955279	1.546942190511351	0.2539737016082721	0.012873704167130913	9353.948415387105
-903.7001778560125	0.39919057983564254	0.41526424346190655	13.262720677329183	1.2628268703533023	1.418295014120995	0.28260922331338173	0.012999723271322972	9397.87059881065
-899.4066061764804	0.41254824442971855	0.3877487418654522	12.59487253399588	1.3326019699264433	1.5451849381469194	0.25171293005062556	0.012328960907528887	9337.18500145726
-901.498389268927	0.42918222441759457	0.3716142962579335	12.76883944718034	1.269824797747264	1.6010616063672884	0.2558510067817379	0.011220564326961637	9568.491800738764
-910.5302630141771	0.5678991711191154	0.39951318534705244	11.961894765018812	1.4876736161054547	1.4129843002172888	0.3139929338062027	0.012078315642478805	9316.40443619639
-905.2257633913673	0.531372617568723	0.3893399706396985	12.847954766090728	1.380613842055653	1.4638950869290415	0.3020046380252838	0.012646645737680415	9429.307578213537
-904.0807253742073	0.3418653544961864	0.3987729132166142	13.082100750591419	1.2943301910028853	1.5406133979726784	0.2393776765799846	0.014554798929534506	9259.195224630243
-901.4200591159621	0.4151961399807581	0.3725087252339605	12.912682222266955	1.2542327336106607	1.6145843573846343	0.24802950569623414	0.012406448477447042	9569.154737406
-902.9476167354167	0.3564783729812678	0.39707845146881166	13.177692850972036	1.2657925575954034	1.5358736368823158	0.24407586440883888	0.01210209352799707	9358.109613136046
-901.5707578571555	0.40600386004479416	0.37099363329482676	12.652999279394514	1.3018369394834097	1.625463937234495	0.23842791859084467	0.012297367221345322	9444.225171853517
-903.6357217908851	0.4738570589541384	0.37729835548139046	12.2131089357198	1.279155391931993	1.537846753988198	0.2925669235511649	0.011734562478533793	9677.829254220102
-905.1732571813473	0.3318547070709311	0.39410041355866116	12.530281368365046	1.3202759428390098	1.5747167128177992	0.2202816364089213	0.013064584340968223	9228.464813126348
-904.2830579566225	0.35973059904254423	0.39758594619565435	12.849902103606565	1.3436496886743468	1.5436530895282223	0.23274061104070062	0.015223187545628288	9169.184406094364
-912.311509064126	0.59348574707438	0.3798543012498712	12.049818200541797	1.4819925941775287	1.4919784197323875	0.3051972246856959	0.0137948185762114	9449.299358096747
-910.7871372991912	0.41485996629756805	0.45797559222697404	12.99972728896756	1.406098002544344	1.2702376052286026	0.28576576448915736	0.014109000480457413	8967.076089568181
-901.6517442141546	0.3524312150177965	0.39619810118744236	12.519436642723756	1.2970620923240694	1.5419894398037868	0.24005501552574243	0.012647398119191276	9325.76323416172
-899.3890713452419	0.430840477399354	0.3861856858881459	12.260821989564018	1.3237134918332603	1.5397137252953448	0.26353224310001894	0.012705381808718044	9434.190869978136
-900.8880459021884	0.3914012401637232	0.4150037240510274	12.330700073378344	1.349621099248007	1.4308322416829182	0.26831127308516534	0.013555916937244393	9226.944357266791
-899.9643688839743	0.413630666457403	0.4076839080636456	12.198765077989743	1.3740239423975136	1.4592851553443562	0.26602584614856156	0.013456560342921964	9224.964028328826
-899.7511610922024	0.411950722397824	0.3881001678858428	12.921954546378785	1.2779032977175495	1.5353951502277652	0.2574535238283141	0.011996311151009784	9458.785214837593
-907.0663268062389	0.46841341387027585	0.4339366992082201	12.439857792198634	1.4591996701439016	1.3206443698202015	0.2996330493926833	0.014319492084718454	9031.140893910284
-901.3740996776618	0.3887073600488611	0.3787040672578092	12.619524370562038	1.2632965467463328	1.586378577145909	0.25750715418963654	0.01335358474470722	9515.043013192986
-910.2437201216813	0.3271040431249778	0.36312503481232394	13.148900542469832	1.1890241616674517	1.7157369750906246	0.22256906886393363	0.011668008337855161	9620.736415565081
-900.6716248014485	0.44016592404328836	0.384292032144237	12.952342053205513	1.2607802745201595	1.5261029836244413	0.2720829828262638	0.01305347543055072	9569.564845106519
-976.8001454095888	0.12020330493757332	0.35448196496327544	12.540567293207568	1.2491861236817072	2.022237482968314	0.13675798889740265	0.013530794872089144	9250.16934603972
-900.7549876051428	0.3906618745894779	0.3955531923482656	12.486953943972859	1.2654832565773448	1.5141089366660012	0.263788452927488	0.011828102232614636	9485.528036960077
-911.6873773461596	0.4385122118914566	0.4172647332571749	13.299907693587572	1.1973407848362996	1.3589113332268032	0.30489961066736987	0.011300567808872166	9660.18077833101
-899.5513995344329	0.450404143886054	0.3989226293814859	12.79165465744743	1.3134382394603872	1.4641620566110023	0.2718487511307068	0.012806096668524725	9416.77490010402
-899.6261707684178	0.4441300465411595	0.38382865178304226	12.65384598391712	1.2844336107265055	1.5330398031600272	0.26584163316367404	0.01229313976074867	9536.548040478981
-899.1783158176324	0.4355279371900127	0.3833067417087895	12.435903736954197	1.3284886810698253	1.5506667126963793	0.259266841005748	0.012496901325336245	9418.219345673178
-899.2534087155602	0.4440378345724026	0.38600870215898403	12.587716927644308	1.3156196177251325	1.5324064621594793	0.262816587245177	0.01310754140852198	9448.12645148971
-910.9880051987927	0.36906204997401265	0.37318558598181	12.39098449164351	1.344135974691289	1.661368536216224	0.20856440945169816	0.01117461928415581	9277.82151012148
-908.3160176831218	0.5446078944577096	0.3644477791308923	11.96374644903708	1.4678310044953646	1.607869477052204	0.2607641694055186	0.012796341876295237	9406.004437864098
-924.0326888192681	0.42564992762851916	0.37960173123891244	13.483650486483466	1.0513254395876137	1.515424069976896	0.29904085742354736	0.00980963484015978	10198.180738505142
-902.4776492338126	0.4953479444886139	0.385306932841351	12.759854289180227	1.3561271209835124	1.5117914259879743	0.2698704128546481	0.011425596817573665	9427.2290381875
-900.0763561923593	0.4493446730473536	0.38483140731248616	12.519845697810418	1.3619159259669316	1.5412556639355388	0.2549516330470072	0.013669638017663131	9340.77133659427
-900.6283064460695	0.47271874532600194	0.37460932430393923	12.612460007359282	1.351077952424636	1.5684372934293254	0.26485985947550916	0.012270291105627084	9436.395786832105
-926.5495929465986	0.28641002819552797	0.3544248999807006	12.693470519343013	1.2433966568300465	1.8216702820984436	0.17222876034911216	0.012333448695362615	9444.166503181166
-902.7642349037219	0.483027893988635	0.4006380483937571	12.370893269477886	1.402697484107816	1.4429801952675678	0.28187066898630503	0.011494929613478096	9282.007626201543
-900.1032091252746	0.47324657672126164	0.3932302346352601	12.872172300463102	1.3487563786189036	1.4837619855047544	0.274236659606865	0.012831667926211864	9369.979973249921
-906.0924738059213	0.3123219336203582	0.4051460088396388	12.722762265885873	1.3119063615397142	1.539799671174227	0.23056343020705808	0.01447376750749312	9187.265958128242
-911.5292065868343	0.33937967245056594	0.3829014211752933	13.024563446058652	1.2740761708781314	1.623987700143415	0.20888283810666944	0.011042449540932385	9342.95263823359
-948.3686369714577	0.7498851015163421	0.2733135171281436	9.904109241484262	1.382653812123181	2.102463040001592	0.3346883897689887	0.006689906867913412	11225.458309117126
-899.2230189890424	0.4136721438823246	0.38448361194326985	12.679866230518376	1.3167001502900586	1.5546997788318406	0.2533790637865329	0.013164538280600706	9383.346880392279
-899.1344216661887	0.44310674677392736	0.386772029075722	12.66184953533859	1.3282585477361455	1.5268694598653585	0.2608898103476893	0.012306805731867309	9402.449044017909
-909.0947543542748	0.29463146578810184	0.40454147846132105	12.647174348346926	1.2908764385787683	1.5501612740799182	0.23755784685393472	0.014826128920056796	9236.827430359872
-900.4732676498119	0.42799125256016685	0.41721212252916706	12.629895369763267	1.3548943444259764	1.408281398286364	0.2732158922783377	0.012821697240702342	9236.892938988844
