-927.7895170507002	0.42819976916878744	6.085332885894271	0.9397642988094256	1.3791352879933778	0.2505033550955742	0.013249615435624744	9153.816319852009
-898.7911112707716	0.38309966161537823	6.028751934215563	0.7858198690085277	1.580582468048712	0.22006526598935755	0.01204291509290975	9876.478309560343
-941.5223636505684	0.41131542826953765	6.135095064275092	0.9857135227314141	1.4670158398147866	0.24160286903864017	0.014807997681946088	8985.973033705748
-898.8303797379142	0.3895455113952462	5.94671983597201	0.7661003466541663	1.5286107144844312	0.2355045543152716	0.012395765764842756	9999.817611613136
-944.0604901274681	0.4084186832526103	6.0750166035615925	0.9898132151114022	1.478172111973313	0.23761012502001141	0.015592435828738123	8988.756638815941
-900.7271479568403	0.3650590646632569	6.051349092080025	0.7419748370139091	1.6618992644683968	0.21664644945489922	0.010532246274983116	10124.893353223131
-898.2052778076891	0.39110375476877446	6.000141204780162	0.7746478733435442	1.5194986046509866	0.23814498812017845	0.010964873541172898	9944.737405898717
-940.2819863953965	0.41875033659506	6.130644404879286	0.9833021976151143	1.429937097406486	0.24226102473913697	0.014721044340835508	8985.788546615102
-909.2987202444306	0.35335428350670506	6.159157926064351	0.702878699257988	1.7400750840118928	0.1878759776552665	0.009985262436700386	10303.222243666105
-943.9887137211963	0.4194186944259346	6.131778151222838	0.9930552934304161	1.429961746680666	0.2475769293260637	0.015213257721539555	8953.535292478562
-1185.5373551677635	0.34366225528312994	9.827884246456724	0.6007791907396045	1.7878131529048769	0.16099928280879477	0.009762287323797665	10394.469208092112
-898.7440920151294	0.3835241051022283	6.113180756987428	0.7783992618681931	1.5751029677864286	0.2153526138627753	0.01174302197946968	9887.525872356051
-905.5158764710884	0.3940388079046174	6.018118060663626	0.7385917638095355	1.4961610744176914	0.219004291796297	0.00847527722252466	10100.775020979194
-899.4554295907893	0.3979908459286114	6.050697019417137	0.7866547964499324	1.4860883728379473	0.2489137120978309	0.011303525873331822	9871.357450934824
-1222.4628923224202	0.36133487596538494	9.939359951226109	0.6263071235852476	1.6814099786812289	0.15072275243453365	0.01636908437873077	10168.861966553668
-900.8620144020983	0.4037331380871044	6.010828744705031	0.7998001330313337	1.464197739612235	0.2315236807481785	0.013254157868758996	9792.08727041772
-950.3722974534894	0.42229205778240836	5.912523683110543	0.99555457019505	1.4185023524725888	0.23785681362972616	0.012481115582437079	8988.978666898562
-941.6970361201542	0.42514878205710005	6.1325460152966595	0.9830452847787118	1.4109908850008066	0.22883995706230395	0.01413124250766491	8960.402042147984
-907.3339000294671	0.3969690453588011	6.052738447503204	0.7200671984021264	1.4680255651186649	0.22501374565166435	0.008314612687127566	10193.007346605003
-898.4764903639932	0.379856598128287	6.0460851250069405	0.7613491235681603	1.590676025416119	0.21662096492972105	0.011683681423433593	9996.622812826943
-898.4992617670428	0.3837788394069493	6.003058583766609	0.7821419548261203	1.5573294824276915	0.22916684390866754	0.012286873724745757	9913.816931727932
-1193.1716242312623	0.33561149527136835	9.842060070201939	0.6058755650775546	1.8586104352540174	0.12938054552664535	0.008634759000513489	10338.803273741283
-947.649315030943	0.44175285207813475	5.946706879632419	0.9935155960106247	1.3266736572655022	0.2598418785305062	0.013282379000580428	8980.339991220779
-904.7025216926645	0.41070462987393647	5.7905961013745815	0.7917059189357015	1.4071458364435756	0.2704294719424873	0.01128770569411997	9916.254662987663
-943.8440317998876	0.41293772911008436	6.167698390348338	0.9878207624968416	1.4669483081529437	0.2359576804199342	0.016124022874017967	8959.554260322093
-1272.8057382450847	0.3796981112027894	9.598211873140698	0.9894221363371499	1.6727745134442722	0.20438420461273754	0.016712394121722516	8350.521127578677
-1313.4888512686327	0.3600190966173089	9.879347855201267	0.9881586790932334	1.7821844532042086	0.20870932106651252	0.017140951437298758	8350.310727188174
-900.8753701414144	0.3810234349474788	6.051708822476113	0.7947904834823293	1.582951128912172	0.22509770342472257	0.010383911031165462	9839.259650722282
-922.3616963945033	0.4205715517758408	6.219000352563967	0.8637909294580468	1.397374317683032	0.2343025537957892	0.01704044406462051	9427.726716417154
-900.3651108749735	0.3964824266622388	6.081454454265428	0.8084521249667599	1.5103840144155618	0.22868546565129347	0.013009081622362601	9741.212045822002
-1206.169887160726	0.3535658208241139	9.891660042350923	0.64089668670443	1.744543617015158	0.16608939849399282	0.015197653884793938	10095.657469789536
-949.4157742884307	0.41575060618983306	6.158904689583923	0.993333222651535	1.460772841046442	0.20766852648914863	0.014541486649301891	8909.668628580252
-952.1098708001903	0.4441147868142738	5.943605078472905	0.9910396634750885	1.3067681789790375	0.28452846969932244	0.01629834446588411	9013.81543542569
-908.9653140839722	0.38527747249954564	6.03026622963969	0.8099960938931031	1.5667439119908944	0.22380701013053583	0.015647242444052196	9763.105151916856
-901.2728391868008	0.41372318449211504	5.951095894945812	0.7891803416790909	1.3989867158649614	0.2482470646268279	0.01197252256096577	9860.034168970975
-898.6972506946386	0.3966822965771529	5.979618085482951	0.7790082402571077	1.4968555065033315	0.234476488950762	0.012478671169011137	9913.648060866786
-901.2092750146844	0.38120952347867465	5.906924518947053	0.7488126012694739	1.5598731429641648	0.23246011414154874	0.009408556896382848	10112.966843405206
-898.5045444720566	0.39182231465157674	6.009347573126333	0.7909242043884004	1.5236078277542187	0.2371530386881121	0.012151583927146334	9859.95918326637
-1194.977893056519	0.31163924499192475	9.897914291569771	0.6168763114062649	2.0556227325106713	0.15717754028673983	0.0102446186531023	10312.810804822584
-946.1307711844305	0.42700654707505076	6.075124210047946	0.9998223155806224	1.3963042442391995	0.24599428509145946	0.015007294882080125	8931.319105698227
-906.8351384897278	0.3714346539068578	6.403140771645633	0.7720925889458091	1.646271436675066	0.2092584685791213	0.013719345857492203	9865.208201225782
-900.7612688521947	0.40753524577203304	6.012081742228673	0.800615668515725	1.438966446321666	0.25161919843418046	0.012370811324773775	9801.446888065058
-944.1638712995294	0.42889935653666433	6.165509574774348	0.9860703515257486	1.374186050573798	0.26690875273517356	0.014100655937528716	8978.751722427825
-942.9309292394138	0.4224659688357092	6.095423741469179	0.9910842892795538	1.4136499748766778	0.24425823937043553	0.014450594417276566	8963.134243077728
-900.5710543980799	0.39735483716626163	5.933585984672472	0.7430920785223258	1.4723042567381903	0.24024952672361272	0.009941116171494712	10112.98639383365
-1117.9393335434847	0.34581512257471875	8.778216304584843	0.7420979589952879	1.8246790745878922	0.1794324438635624	0.019034094098697885	9624.501725572822
-911.9289173060952	0.4135372427430142	6.111074635808513	0.8496298911807905	1.4371498367380589	0.23972397055131572	0.01562098043820646	9527.951520159082
-899.1691980628557	0.3771503496084807	6.006430447801391	0.7686067932266288	1.5925620770740156	0.23534992866979437	0.01065552004545679	9996.105880250518
-934.7666362584566	0.3903924486004695	5.835962563060544	0.7054184980168333	1.482949878821737	0.2650319352426005	0.004777107536499892	10375.943305349037
-898.5973647585417	0.38404295028875746	6.071338613631044	0.7452781987122423	1.552523496094627	0.22083487632421533	0.01103005171338568	10072.267228294451
-944.747185633094	0.4198587011904625	6.103800944834464	0.9895392111874765	1.4300077402887008	0.24105322171932686	0.012865970257997938	8965.805546131205
-900.3054437065002	0.3904683977262248	5.969416515767958	0.7730780988461782	1.5173593947317945	0.2437232086559735	0.013079562861755224	9967.876093349127
-898.1690913985582	0.38135655853089234	5.9943804528057925	0.7595102756673022	1.573466725769296	0.2219002574551314	0.011136851601967458	10023.361145997282
-1200.6583987903493	0.37597479516054966	9.902914127808538	0.6211462014341627	1.5810492210943008	0.18035593597209626	0.012326200400101522	10215.332309228801
-901.4324955590695	0.3772328508164741	5.992026715372231	0.7182512805234074	1.576122721273694	0.2309448581403556	0.010444283620303287	10257.519484382747
-944.2678624964547	0.40747312822554177	6.10405513778773	0.9920947348799158	1.485801460931781	0.24167691993880394	0.014610219978666825	8977.218359569626
-941.8959484167668	0.4115078560716519	6.125670803999591	0.9869764366845164	1.4651615140723215	0.23754545430077686	0.01464654028292952	8980.160350102376
-945.589197483286	0.4085433401920439	6.146324600224754	0.9911538805473229	1.477151118673269	0.23998548556339952	0.013084241901750875	8967.487797478652
-942.4912236211924	0.41018275212990934	6.153423365774711	0.9874439997967752	1.4694917997360661	0.23702113645739403	0.01405494976689871	8973.553644971393
-901.3455448877746	0.39189547495538196	5.9411209177365905	0.7847085884911039	1.5115603613249664	0.2511616835198155	0.013165670846525503	9922.535511960547
-947.2734852367046	0.41917354752503083	6.087004545949138	0.9998009309968957	1.435337376304074	0.22824810052000039	0.01446312293488653	8922.430653580492
-899.2351464222922	0.3726776001133107	6.079158838946373	0.7486365252323002	1.6217091505407861	0.21637344181691354	0.01157688911064604	10068.325992874477
-901.6100550936549	0.39538841200356656	6.0650189894102535	0.8074077645114891	1.50117742635109	0.22989155706887976	0.013684617739235455	9758.298132285292
-917.9652283710258	0.40118676627335853	6.181138894441168	0.8820766145057746	1.5067615794740683	0.23265562340819756	0.0161635176759506	9384.219793462258
-899.8054730853876	0.3801094772974178	5.981167153247353	0.7840549872386403	1.5931058394907942	0.21366197692323252	0.011131272659068814	9898.218578709591
-1195.277238220442	0.3527584919721482	9.913370122184151	0.6225042983534451	1.7350429106283314	0.16688066617135325	0.01176257782719966	10223.812420934446
-914.8616581881925	0.4082349481928692	6.134434158872441	0.8961164561117809	1.4652582675227777	0.23784332614953094	0.01320257201801064	9334.188435078146
-1193.169997858331	0.3595469918607303	9.87526433784025	0.5862501537760216	1.663219730127471	0.15360152222246665	0.01005630369503748	10470.812985205572
-898.9659893506876	0.38747745978780873	5.910826189868336	0.7647215960606909	1.5326643407911142	0.23663412980975074	0.010465768788749058	10022.816915873556
-1199.1266745663268	0.31135477713622484	9.893808392352344	0.6563060019305815	2.067768704776022	0.1666724873681271	0.012488158026889516	10053.653158895746
-898.1958179588274	0.388158835413468	6.020365817763984	0.7582972542466525	1.5311509455301002	0.23391198342367206	0.011934126376019764	10022.744986266569
-1221.7318028137638	0.34349285314729366	9.873103140300236	0.7449861100140496	1.8336825623389834	0.22621809793982725	0.0133744104846246	9530.093815077975
-1369.8794457755478	0.38288954627255517	9.852853581271942	0.9928604625870877	1.671027589144129	0.1695897376311964	0.008771590264417468	8263.951448134865
-901.5918105037205	0.39418686840166617	5.940659971643952	0.8198618541950671	1.5137373100668974	0.246111932979474	0.012032294269141368	9747.147808288018
-898.9482891373909	0.3765070782311046	6.029923310626297	0.7678528255134894	1.6045524836457485	0.2127936916073542	0.011680118366703586	9973.10902230041
-1231.810588218293	0.4440241048925963	9.80627557321256	0.561193992395424	1.1636794078087638	0.1964333421537213	0.00955427338903701	10594.46328868422
-1188.4214788787845	0.3296220490106585	9.859602247924082	0.6075555503027353	1.878146058775034	0.16542339847048768	0.010122987877812182	10372.46183034879
-1056.7869869262292	0.37487719048788565	8.369223983502444	0.8003463391234722	1.6480896819072253	0.18749771488261086	0.014443894153873565	9341.350830604337
-906.5672640623377	0.40060247644242525	6.128373208584757	0.8566351456905732	1.4989549308973524	0.23588763232124785	0.013167775461646868	9512.000001941744
-946.4966767253691	0.4314947791826319	6.138222888742994	0.9999282904852432	1.3811603390015113	0.2437119953350524	0.015083020346472737	8904.028428178714
-1200.3361671440343	0.33434075363017823	9.896906419417846	0.5544597237934048	1.837972039847433	0.13337387324335384	0.007663731921112748	10729.948422867754
-900.1932009532632	0.3749528784933991	5.958407156182889	0.7377683946684229	1.5967957979065086	0.23279989732034925	0.010292023390574575	10167.223380377012
-943.9727142227268	0.4203180251402236	6.160897940588157	0.993078660344695	1.4269320246654886	0.23919325791829366	0.015228858857542658	8936.419769505163
-899.0933376093042	0.3892408110121491	6.005308651578951	0.7896024151035749	1.5299538870335214	0.24420871623117274	0.011264489355554777	9880.441691782387
-920.9628120727573	0.39667688194345574	6.186043787266289	0.9164488293881501	1.5298824078897564	0.23004918592410806	0.013641524684619226	9249.03241313697
-1231.7122363986637	0.3498975219221187	9.944700572335085	0.5286327510572947	1.6685729666876867	0.1792105555416996	0.00402428493427949	10963.347472683145
-903.2327712506024	0.38979888738248286	6.069371367554256	0.7881911095920844	1.5378520368026678	0.2209197013525926	0.014377980176788157	9846.167656593667
-939.9545734014279	0.4284982490520357	6.075129942550592	0.981465379037695	1.3847088201249198	0.24954124180239168	0.01465717588216164	8999.139698256133
-900.6755371478838	0.3960911506269111	6.033697304878475	0.7531790885990999	1.4910810434436084	0.230204212512885	0.009634006333822685	10027.12167213087
-904.7991857182419	0.3743960947651086	6.212155187369143	0.7787644249287201	1.6245458203643544	0.210721337448269	0.014258727613865572	9874.468627907905
-945.3087973623818	0.42533507926149783	6.196537003854408	0.9966262076286478	1.406803917990187	0.24260584556857503	0.014772270643218996	8909.514461493185
-899.7200511748202	0.3715137316111693	6.058024662681208	0.7619082399309027	1.6301781576553862	0.2164551968801088	0.010470843446690654	10008.581953587516
-905.5055039492445	0.3889977504206489	5.833127733736225	0.7027725775742654	1.505541007980926	0.2331602648305708	0.010612086977793431	10361.393970654193
-915.9075663423309	0.3642005309083208	6.194675309510122	0.7478999447845259	1.7048462362236978	0.1592126544987354	0.012702167172386715	10002.208590703513
-898.6719092432141	0.39304716942211904	6.13246608878385	0.7839310248203257	1.5116841144100095	0.23547166791582239	0.01180262515157096	9861.31025765575
-943.6790069900696	0.408522192406667	6.0887732752022	0.9848061673418075	1.4906951530336356	0.21860173954382897	0.014172582888037863	8981.081360404418
-943.7388238578346	0.43706832220009284	6.109878532813543	0.9899316169134504	1.3546932131177019	0.2550759709876064	0.014639336154559892	8949.723360563174
-897.8103962745367	0.3855163996707576	6.0655800563145466	0.7713176587856244	1.5519753500343605	0.22900404913483896	0.011394782722746768	9945.865754606642
-940.2814115214048	0.42214252214634335	6.047080094044162	0.9811886933032247	1.4136353262551855	0.25229361981637555	0.013670082240145999	9019.558913555562
-1211.32571787853	0.3663696315517985	9.847222923021144	0.7358862889063993	1.68380836055073	0.2064293073990164	0.012861171279597707	9535.58542721494
-904.4718869340459	0.4073061511294832	6.058956634995363	0.8439488154316944	1.45631632338821	0.23795954577068232	0.012457004251983783	9578.120850533767
-902.4307022599531	0.38330671594496984	5.961078123881628	0.7334725474144396	1.5516015119246183	0.23380729469894745	0.008989530068896827	10173.561902655032
-1196.8197553661178	0.3181236207342476	9.933499990086975	0.6156521983806218	1.988284987001224	0.15988483778221874	0.010003195726141946	10314.759582689432
-1190.395665723735	0.3267453955674639	9.820445721006301	0.6089372496229241	1.9346625296199023	0.12691248194729077	0.012016350558780692	10327.734400816527
-947.5912031730279	0.42147323966915995	6.098374763436095	0.9997438051005301	1.418408490741473	0.2506017814894596	0.016139148022810686	8939.22447918106
-907.3150370593236	0.4174627851363639	5.841582878063566	0.8440908545308042	1.4051252422475087	0.24630170588393094	0.012081381416258944	9624.81645835771
-942.9078370909211	0.4208078581907522	6.158225830627434	0.9901267357420342	1.422135888690512	0.24196421872261958	0.015165960142453583	8950.289105380733
-942.4490475716426	0.4271503927480013	6.13533502294052	0.9873401344695445	1.3957317526952966	0.2431578754511176	0.013757280172229899	8956.865011300355
-900.2115805546646	0.40543806466879434	6.05440383271732	0.7624512219402192	1.436249253073512	0.23049473335842927	0.011000001841413433	9962.871974430005
-900.8333405428274	0.3947029367648066	6.204274392720003	0.7471656577545115	1.4990831011375216	0.21758799993196956	0.01094054011258925	10008.505235941302
-901.9772781134504	0.40064179913544695	6.118413517357039	0.7590396393947272	1.475634441733558	0.22925593597273045	0.009625399994753262	9966.094128880293
-1141.8305407381029	0.34459568957235726	9.208989157835381	0.5583928244256808	1.7498115760999404	0.13776571943940139	0.007897052852358347	10756.934428605346
-905.6910882150493	0.3951022207167875	6.07770745059842	0.7894223855738964	1.4961124504299042	0.24141586442581672	0.008921425595234223	9851.88040972868
-951.0631513928964	0.4479680128033082	5.88975273241462	0.9904843027394923	1.292367064391157	0.28688149876815483	0.01384147788911145	9026.03751918337
-902.2334817175422	0.36426726254363256	6.034041703162088	0.744713397882591	1.6678441630728422	0.21950353488031749	0.009640907011657412	10118.660446609549
-899.0730146592683	0.39296166408772604	6.037501561440542	0.7567307376409933	1.5012715648414023	0.24728942163465845	0.011272657700938106	10030.881325545055
-900.6028569332614	0.3919089095079178	6.0544528515800335	0.817799825026464	1.528574736508444	0.23518966958342344	0.012445465961891151	9720.784217034681
-944.0154539921297	0.4299623471760604	6.081263973765304	0.9885536174751148	1.3707439745699037	0.2564092186583956	0.01580726600326941	8979.38480331232
-897.9208419368625	0.3822377793001537	6.041153094016661	0.7650958375378593	1.5724192261848855	0.2263171871388025	0.011221173521182732	9984.990907361458
-899.5373390760466	0.3856409705187508	6.179715436266497	0.758483398298554	1.5479094108136588	0.23383005920583275	0.012204544487884817	9986.796926735798
-898.0756568099409	0.3902480391712898	6.035791110267813	0.7654578758497717	1.5311833725291732	0.22523558055132176	0.010972527299406652	9968.606864031597
-939.9750571223843	0.41436993085446183	6.092267442334792	0.9815510338014645	1.449806470666143	0.2415785015316121	0.013961197347982585	9008.31509707399
-946.9023730547693	0.4210928622382829	6.070965263582895	0.9995335527946959	1.4217358576197432	0.24829095260202033	0.013624803233680835	8944.95736048971
-946.2307908830165	0.4274727595282801	6.080267413604615	0.9998012427544202	1.3933449315493385	0.24485324980486792	0.014328824410576925	8928.591616496007
-946.0516360102151	0.4282875420066733	5.999096093806084	0.9900872257515427	1.3807129738569943	0.26077290948797593	0.012795158698921312	9001.11186626866
-944.2448387444404	0.42319888364605357	6.106638621170377	0.9914845966035842	1.4151069762696462	0.2390481404267878	0.015901437369062587	8951.106412682497
-1325.7049470743564	0.413860861072838	9.854816857165403	0.989856733447777	1.4932102776185134	0.2029909794208129	0.020066018095202094	8281.99770542404
-943.6622412137693	0.42626120640190357	5.939540699959694	0.9872777932846161	1.4008765660688172	0.2502657132301987	0.013520506511830278	9016.223672637343
-899.7587780216402	0.3798931227627151	6.0440549181424865	0.7682584094936928	1.582875788857873	0.2311977895241655	0.012935858425102819	9977.991503378604
-918.3098659361112	0.4014789925979149	6.110678674340625	0.9075741533370293	1.5051720892396274	0.22551313197184691	0.014101278189702932	9291.720697114439
-944.6346572487223	0.4079038662470069	6.1116339518121165	0.9915419271899517	1.4805724794839181	0.24283831183373192	0.013697375076430622	8978.711680406985
-908.4421649777116	0.367843124093183	6.034162791623452	0.6863581602056432	1.6362609290461458	0.20335036168588663	0.010598986700641624	10414.238235408095
-903.3292696737736	0.3898825495429484	5.991679227223258	0.7442671068764546	1.5143170386770828	0.23484604586150423	0.008674829382935326	10100.491719845437
-907.2506365583911	0.3825159288082886	6.027958683588163	0.7161852487784631	1.5681006790762104	0.1889651178273565	0.009918021395447691	10208.088299640505
-948.7522977110923	0.4256708156285071	6.093494104088646	0.9970976275483071	1.4001282606382286	0.24633077354544644	0.012504823304595103	8939.179424446318
-898.9666316197778	0.3968336052974078	6.147857889634229	0.7703744249649963	1.4889581178583957	0.23068284045655718	0.01196498104463079	9913.479148363684
-1202.2283775982626	0.32357627802457795	9.972269390817837	0.6303720762772254	1.9592885954162915	0.15814660709475029	0.00946066713374071	10195.620567981467
-898.3191018659566	0.37914476845147865	6.081852259622872	0.763865219949271	1.5854403005156714	0.2311643671649946	0.011353370458288383	9992.166653869835
-901.1554501734979	0.37979497571551524	6.008394826641588	0.8083411412102351	1.584803413612291	0.23739704885034435	0.012592737751059787	9801.80503569052
-898.1247081853463	0.38022376324572327	6.048105813654515	0.7595663072454537	1.5812619291711907	0.22924488702395937	0.011401010163976691	10017.484257387534
-1299.4168917263619	0.3883123874682149	9.74312835050253	0.9832059583460119	1.6182499665905952	0.23184039290460695	0.014003820487687368	8378.326913895162
-906.1825565837938	0.36980872301978596	5.970512101570038	0.729320474477665	1.6180268879683917	0.2499492266571004	0.009010067217965477	10234.81617378398
-947.180285024709	0.4130224407493533	6.379132728934375	0.9899366736041394	1.46781780615	0.23973512394169189	0.01593415382830086	8902.119555672418
-1296.5294301362792	0.36816527245457203	9.900159701908587	0.9417441001095227	1.7319765145024182	0.20160721192779474	0.014044324402164826	8517.09895343984
-928.0715543084395	0.4146674271690844	6.062991774609359	0.945291215757509	1.4440355404164589	0.24618943950212652	0.013759900663671911	9154.61397403071
-1211.6427610986113	0.41302899669172455	9.803545448952068	0.5521929469919791	1.3203042026033953	0.18832389368172192	0.009218425672229092	10694.65053511101
-924.9453454978011	0.38751048368509416	6.109936698532398	0.7051297662925404	1.5146844884335289	0.24360400857333991	0.005686977626028336	10293.198167380739
-947.2022151280884	0.42368764111230556	6.0118958960192215	0.9879858403113855	1.406967690447264	0.24837860833759848	0.011972502564040715	8998.493628522654
-1208.6268051462284	0.412387562111517	9.772593827849448	0.5727604929476039	1.3147913049216642	0.20488626277689323	0.010527349089643466	10562.697584009342
-904.9799050696263	0.38206786302758067	5.928058831441357	0.7265487034736462	1.5415746229866247	0.23433175916469368	0.00843371932823334	10226.195219712576
-1402.3339306071628	0.4138407773786131	9.956368403537136	0.9876274907436521	1.465183253401908	0.33735470987540894	0.015914808950125408	8435.374576409404
-1245.9559275956103	0.4129432843670173	9.895390126942326	0.5460871616545044	1.2636556962321215	0.24833825394330356	0.00650414361150631	10806.961143869248
-932.2038906317313	0.41574396042535283	6.050897572580127	0.9575416007297669	1.4393054354976915	0.251577014996159	0.01427754740719159	9114.986243123512
-900.5446716494558	0.4072470250646566	5.918176981284324	0.7943770305943108	1.4313756601166683	0.2481951172695339	0.012122497721143845	9854.682372314839
-900.2074050323017	0.3746602075825769	5.90165162209708	0.7820353083831699	1.6099855499018745	0.22901135914329798	0.011179555860047685	9955.983217986506
-1310.0556673782248	0.3757192249753992	9.893550736490308	0.9755564839341216	1.690381181341798	0.1846064168748387	0.016806654701177384	8356.0861834162
-899.0196940279754	0.3813061866122866	6.022774042755092	0.7804889393551383	1.5875419342969572	0.22695385114411243	0.012531525602104176	9913.520426654193
-1190.8432679670827	0.32971621352757896	9.888721489930266	0.6080512212165733	1.8897315749347723	0.15962450247935353	0.010407744582417847	10357.059742417317
-937.7648589788336	0.38091302600185206	7.038165817395059	0.8190960031404306	1.604285542789484	0.20902316081283975	0.012499961617876136	9486.746015728566
-1196.5897830455544	0.33220209494558406	9.889679744528166	0.5868328676738307	1.859249055571467	0.1537621291172402	0.0076249123946671125	10504.485333465105
-898.4341606146866	0.3860405595185523	6.089619296405963	0.7885545498733918	1.55482289327207	0.2308478656772855	0.01179391915435449	9855.782861401403
-901.7637219769625	0.38618606658176763	5.996961044420114	0.7265411737611663	1.5306551788599119	0.22990361426250552	0.009349914338630689	10193.968262952572
-1197.893605972866	0.3425898373520902	9.918682238433687	0.6279691782437653	1.8043566936037705	0.19562203459035918	0.010350437895185763	10225.601746485334
-899.9724534783743	0.3758838212455858	6.234646424592717	0.7581631491736237	1.607908354830615	0.21519773664343014	0.011649305144277	9974.836771072827
-903.3380934437715	0.38989636171248937	5.872506608504811	0.7524306434438695	1.5098982631413262	0.2569128658018358	0.009362080476548174	10109.624850152839
-944.6431261702708	0.44030740204931373	5.933008055611593	0.9873104466600375	1.3309311575930078	0.26030278437113674	0.015013134388027781	9009.110326524127
-901.5384029225312	0.3865391397497816	5.980970667299643	0.8187440136771259	1.5573247677027002	0.22976487596711742	0.012930915850387678	9739.702195564614
-901.2437656986822	0.4014715944175451	6.025857700489872	0.7743465564776165	1.4606457650056868	0.2416316791714888	0.009805891234789218	9926.71294140616
-902.3788481733875	0.3987574207066704	6.035594685488521	0.8296548991915353	1.486234897273354	0.23247811576252578	0.012682797606709208	9660.810170854053
-898.266585399581	0.3875893226064342	6.0805961822102015	0.7859199111372414	1.5434853317762742	0.22539738198126774	0.011754591127299567	9864.186002384979
-948.1598358317178	0.4481952408203976	5.832254084470833	0.9852202634072992	1.2921706486160138	0.2730433173094513	0.013581009396892755	9046.135033279284
-941.2492926250039	0.41409477158135893	6.12746124074014	0.9855880940108472	1.4519600791214298	0.24054923486039617	0.014831224249843572	8983.797455984999
-915.2928531118316	0.4007519720222952	6.104730273571517	0.8544684667942205	1.4980602821259672	0.23170656567598633	0.016487676576627204	9523.269906548216
-899.1916195232036	0.37957467547322327	6.013160617423171	0.7642038382688395	1.5834163311394611	0.21893329736104916	0.012522205742121213	9996.186771494422
-933.9323945612325	0.4470682087951032	5.963607058055827	0.9445829630652546	1.2884909630472285	0.26859132683237813	0.014412822441533446	9158.883893797167
-918.1342339018126	0.40448918208393214	5.896920842898026	0.7174543815746242	1.4092406143530252	0.28945564327715867	0.008030720854804016	10293.203175985216
-938.2700167772614	0.4162731407197869	6.105274608241376	0.977458482930588	1.441546488310782	0.2413106079297131	0.014378721189317609	9016.251968794037
-945.8803126905968	0.4042386800677869	6.200662741762744	0.9914752156933688	1.5089214612998925	0.2371841858897397	0.013536455622058794	8952.553731820868
-944.5773727109392	0.4202403028410427	6.1100247440098805	0.9916857533488348	1.4279158792900892	0.24070627217401383	0.013281407081870856	8955.783548638963
-897.8749644899976	0.3896842073739629	6.058879879462389	0.7766185466708503	1.5362125319648428	0.22907241162378655	0.011814197949141377	9912.19318149317
-900.0100454778259	0.37522841401984725	6.010143958476803	0.7487163653157574	1.5961350484869337	0.22785055170768168	0.009896803171330702	10093.657957669076
-900.5686302166414	0.39564144733128587	6.10710558334834	0.8142123847976106	1.5107304557786896	0.2388846891923188	0.012090973098633963	9720.318156441077
-902.1991224908114	0.40257392815554116	6.005776574183165	0.8233131590970233	1.4685293421002006	0.24119492772854273	0.01325792178675708	9697.265973373045
-916.5172776084382	0.39935297804463527	6.029572079196508	0.6833947984771005	1.4546038108613546	0.2144746067890603	0.007619341377821012	10384.733883044004
-898.132169249769	0.3849077018102587	6.025588319195258	0.776683082651196	1.5502574783114715	0.23278141605441383	0.01207444940853292	9935.822678498154
-1066.8131517902566	0.3928533775398669	8.47485000421831	0.6372472789636112	1.4940208541662714	0.19456838979567526	0.00956576628502999	10243.693818547801
-946.3617409203108	0.3964671811535268	6.243101518705836	0.9889647695702688	1.5390643513405362	0.23180401812417026	0.013610359713270759	8960.706300282023
-898.046232785947	0.38223943770771024	6.076482162030916	0.761136882283538	1.5714051204235853	0.22215067554006554	0.011190725995114389	9992.686454324576
-901.5339132240666	0.3882610193311245	6.006397610995971	0.7534997564683416	1.5209669286848961	0.2601478737935324	0.01124893844458932	10075.859724307662
-1201.6737205576796	0.33403145547733604	9.869453113119112	0.582637817614112	1.8503938626488516	0.16946447492667108	0.006433553742760896	10545.482099401866
-942.1063164520909	0.437955607550382	6.0587362531836835	0.9839225432969156	1.351808691955818	0.25471559158595813	0.013954059625763723	8982.146142649406
-942.1099020141453	0.4195787780497125	6.109088415080661	0.9873649008324759	1.429125024010293	0.24259996872864287	0.015440189965618321	8974.806713149446
-898.9965911682846	0.3985732581023927	5.950599713617831	0.7713047131908282	1.4793859863987724	0.2289852247549503	0.012156515727813804	9952.745786204714
-933.2186191583636	0.4057837820020028	6.07160287355517	0.9434829672616089	1.4807344004268381	0.2393574778981469	0.011325182382540771	9169.115857093939
-931.3868166238469	0.3562813712185804	6.820663524622378	0.7174949256769337	1.7171833481280865	0.2198031680171132	0.008467550424655697	10102.610545288648
-914.4442551060667	0.414729339061292	5.9784250958409	0.8729106982164243	1.4251679206128793	0.2518362847198446	0.0106852315651623	9474.238019382332
-898.15072386049	0.38849911610623433	5.9869666513426285	0.7754314272113453	1.5295492281757186	0.2373418333288267	0.011980038945498449	9949.530149305823
-899.4967064223532	0.4025922358303324	5.991212774313683	0.7568005129293531	1.4482785799986013	0.24387458082113242	0.010955760961144348	10023.249177153259
-897.8157042799446	0.3864268940689912	6.033055799469723	0.7695556429616194	1.5490031807839284	0.22544292978593486	0.011262128778894513	9957.115617227933
-938.3486337375705	0.40856287271362196	6.108813611046685	0.9718566716841365	1.4776457418786406	0.24506888614607097	0.013038645713208487	9051.238919950465
-1181.3201979740309	0.3706373707899797	9.708263716067544	0.5828931854595183	1.5938762208690007	0.16170224784265808	0.011125943143469631	10500.461000701034
-898.53000028408	0.3911319992069855	6.0413672135514	0.7706942684400624	1.5246856290188364	0.23515205589835364	0.012473715028042962	9949.195231119973
-943.5471495217162	0.4121381253202781	6.154923351327063	0.9913301733828317	1.4657687896783334	0.23479566958729928	0.01470415892042082	8952.280571425943
-904.4351435616679	0.40032428921387647	6.133005320076682	0.7849196963894385	1.4715440213203743	0.2571327547311807	0.009822109062694782	9863.951374092649
-939.7175884740915	0.42456723941128227	6.058558973992269	0.9807964851067695	1.40297320022649	0.2525996091442872	0.01428954121659368	9014.380608678954
-941.2395909983351	0.4232259294086165	6.114103173507781	0.9855124936289639	1.4115084733337409	0.24105051302304564	0.014109297238177505	8973.48617367849
-1180.7345338749424	0.34063839079667496	9.780375571460914	0.609871771101196	1.8005027609439954	0.16240685438128696	0.010874704812418028	10343.710327391784
-940.2191184727388	0.4228945049069757	6.091297260268182	0.9817459144738415	1.4139078693007197	0.2404692415475515	0.015296058109278155	8992.444047913623
-1202.498595995324	0.3058876925438069	9.957495262920592	0.5882409457281872	2.0791928292781905	0.14010717063116865	0.009152694186518867	10515.26390346911
-1194.0899221477189	0.3342667365291561	9.880347580911751	0.6488968200213797	1.877132489250033	0.1854225904140224	0.01173302191811549	10089.284373482116
-921.9425521316741	0.3381278383842754	6.29728912190065	0.669325142785647	1.830293875063981	0.19638335652880473	0.008770937672574647	10501.902998686028
-897.7322064492516	0.3905075761270348	6.036540800552829	0.7677565663954884	1.5239859816712837	0.23017591072952617	0.011533164248613696	9962.972989970229
-942.401667609815	0.42474834908900466	6.09264408282966	0.9873538592160258	1.4048056125085888	0.241720379734537	0.013657263810458752	8970.724803285455
-900.5591061652767	0.3969453487935176	5.9688610003805636	0.8084498537232477	1.4967659546257723	0.23377628134988793	0.013045890768992225	9777.094818036865
-1290.0715216787255	0.3771120621049623	9.722987063603776	0.9887591345760303	1.694109623244187	0.2023086192052026	0.016465438431800004	8336.554868825167
-940.6079035584171	0.41779788539058527	6.046701484721045	0.9821321992859494	1.4367473678776501	0.2344884419059422	0.013991201928003743	9005.31480900232
-900.5842753544927	0.3891565565939207	6.146604845184123	0.8089212743818782	1.5428737950488731	0.23286077484950626	0.01283575279362361	9741.326649737304
-943.241093497339	0.4051477556875686	6.2124463381084265	0.9850320024970689	1.5055870590100109	0.22140979549278475	0.014863204055765175	8956.369538476954
-943.2773337911251	0.41434238172215304	6.091008016630707	0.9873096850875668	1.4474281080103826	0.23903977880605579	0.013210122872990001	8986.618109260076
-898.4300631540244	0.3839650230308551	6.048387092976927	0.7559784680277133	1.5636173320146582	0.21748178142993682	0.011717919227719491	10017.589185332978
-941.471258123921	0.41491051314973015	6.094196438575761	0.9863619813373589	1.4498309623132197	0.24248734334561556	0.014813345105172267	8989.671835144483
-1198.0965678409216	0.369538665680344	9.831846557803157	0.5993310464534373	1.6269470094726346	0.12783372241521707	0.010996639059859812	10335.59753492805
-942.4582382093513	0.4297350865203437	6.02683013022525	0.9883165348642285	1.3811980126676666	0.24884425801416005	0.014637826441534062	8984.134847752028
-1198.9557574977525	0.3141549673640508	9.889759183956974	0.6294344729476801	2.0321048173642198	0.15969917866525554	0.013412703551994216	10226.346266723336
-897.9506455191483	0.39274811180195707	6.038830556235532	0.7668874164010538	1.5100689609259765	0.22964177956583204	0.011148975435596823	9963.004441836145
-1313.9869314779867	0.3642223648682797	9.921361221341177	0.979223765344734	1.7586222670805771	0.19567700840586963	0.01629790421698121	8361.891309916073
-900.8384194615498	0.38406153330770093	5.890005595153351	0.7672011269855639	1.5472369514705262	0.23988852442332526	0.009784600874017849	10026.358958094095
-902.2390021993298	0.41316366146591943	5.977024837450266	0.8103861037466342	1.4203683781627992	0.2342007634378932	0.01277257743446331	9737.450192946706
-899.7316354840531	0.395807974259367	5.942824073028687	0.7786825390832047	1.4949380785317103	0.23016500129041664	0.010335768639560703	9924.565385927832
-1210.1800684975717	0.36673708015248613	9.950638951637513	0.661353182130964	1.6497606984884496	0.21307240618069298	0.012281273518116063	9984.717245734446
-1316.84948168172	0.4018015830919041	9.865405280090858	0.9904725867431716	1.5498315511310012	0.210262638328297	0.014837930410097136	8299.425892159032
-936.3906273764726	0.39307102238449093	6.100381707728538	0.7406188202088435	1.4947810452231804	0.24016730745123915	0.004693756910239439	10092.715995547298
-900.4023858374069	0.3771025510426021	6.07347211687294	0.7934632292811764	1.6044152411529653	0.2258540611504001	0.013010342469770975	9847.88535974498
-942.9975836015747	0.42457680908420664	6.0160623263197	0.9874446984436763	1.4006331538307388	0.2558407544988886	0.013556076027935878	9005.789234290682
-908.2232866476425	0.3503230861809972	6.112064692122095	0.7089805527007069	1.7547635386949434	0.19309596143949131	0.010134492445448716	10292.613047544688
-898.7294651257885	0.375700226659421	6.119991559725464	0.7637455256702013	1.6092475684595426	0.22309558658439413	0.011781814651933417	9981.26933929701
-1191.331723054514	0.3160008329895186	9.869640094183652	0.6103855723219549	2.0021424075531975	0.15529610527646223	0.009605631718276142	10358.28566415543
-898.1497453428782	0.3860684846991082	6.045526697455489	0.7544794667134369	1.5362353318547974	0.23181534538584483	0.010955986559668842	10039.72704487387
-943.5060865179714	0.4180663293026073	6.144286765152999	0.9886503633171878	1.4374204004486462	0.23724470829265076	0.013375183977719286	8957.901935260137
-1320.5540312518658	0.34807629053897143	9.947509209286542	0.9813645388668537	1.852639345673083	0.19959908791297162	0.0159983502418378	8374.92994014001
-1315.2391418706636	0.3565122097252784	9.886536933776283	0.9888386545114839	1.8082607011084066	0.19166142772344005	0.015192791659238293	8332.426582195825
-899.1453485221614	0.37887269099305854	6.15817650384896	0.7778281438633705	1.5955326256951359	0.2150151002992904	0.011782116570358363	9889.124847458907
-1190.8355670321678	0.3393106498080949	9.859953857962237	0.6192538717630416	1.823309133664209	0.1612593874858526	0.008893553605391406	10267.584557348388
-902.6518826990384	0.3771208924427792	6.179898824739741	0.7402845659506987	1.6035355582224524	0.19793600443923973	0.012236378088920785	10060.97937043405
-943.3382152753271	0.4244605926055756	6.095867043126559	0.9882454122302908	1.4065911058849898	0.24123067776057153	0.013299412177027809	8966.5338014814
-1172.414062649431	0.34511305874066	9.658239383624181	0.6673345568454088	1.7953322807197756	0.1670788926210716	0.011964524345617254	9963.738480283148
-898.5252512703082	0.3832643149900978	6.083387315815512	0.7519636593674841	1.5613107958807872	0.22541761012001238	0.01060650469460585	10039.262671123584
-905.9751218326933	0.37834286533542344	6.10432812124578	0.8095769363846446	1.6009559522971861	0.22330047672456854	0.014807970534646896	9759.403328890587
-909.952880447285	0.35668172288858885	5.999725391636284	0.7349289926962291	1.7186030646163364	0.20227837571940716	0.008158375100823392	10176.278543125705
-943.3560911289857	0.4334121444689473	6.03044561238338	0.9865103062646815	1.3583702217204372	0.26585939358747845	0.014781977268072797	9002.613504095709
-898.9839326324343	0.37766775288034454	5.9806782923960915	0.7480005360539879	1.5949972498527343	0.21740981279896046	0.011055790152340893	10087.016496338798
-898.6127457956445	0.3905526577078304	6.076349038551888	0.7899981335135049	1.5342652700886814	0.2224378656714463	0.011961586629560423	9835.849490105378
-1306.1697676988215	0.33513950523594443	9.792667715401603	0.9897418459560879	1.9652679401395317	0.1840055309797167	0.015889158158252824	8352.422438768395
-944.6855377782533	0.4357083115722827	6.083492849660208	0.9912953365280208	1.3538429649647443	0.2524656231387935	0.015665255236861176	8953.761845937664
-902.9642504751694	0.39125526038677416	5.977705081429136	0.8017365110275483	1.5255057154095717	0.2362774348856191	0.009754925443110725	9818.093828655312
-899.5079853867235	0.3834582380033975	5.93188929110011	0.7723091562861654	1.5680986398988161	0.21343311976619062	0.011611375492891075	9963.374480980778
-898.6452731933969	0.3923318326177562	5.896923518573307	0.7624989099246873	1.5095730316765021	0.23775941724498345	0.011007685396639412	10028.506040545375
-898.1664969892556	0.38780166410897926	5.983262798343213	0.7545565190291978	1.5281119238945962	0.22801159976409335	0.011017458891131269	10047.879661625726
-898.6419223264734	0.3813093136863268	6.048787292784266	0.7500790359705627	1.5719014885456042	0.2162750827522366	0.010953792484046602	10053.048679942753
-899.0927024861599	0.39013752323943607	5.991409573059114	0.7749202004741204	1.522808384157621	0.2379165995592448	0.010332960270210809	9947.77648206521
-904.8620069177754	0.3711674257092068	6.1635011553956485	0.7713049636375209	1.6427190310542643	0.20552317175214893	0.01410998402061596	9924.232064098442
-898.4819124297775	0.38400143084837457	5.969287132167651	0.7496783005143394	1.5487365865475726	0.2349098404919571	0.010947511945971104	10088.43955006534
-918.9454452039107	0.38445614867725497	5.950428533108363	0.7035387140149089	1.5210457861522257	0.241282846282035	0.006224143594121314	10346.711002607513
-899.0632648530789	0.38879884301235823	6.147638586369733	0.7696425372351007	1.5371562715449854	0.21465381857639473	0.011530929202329085	9915.198068429954
-943.1103109210628	0.39861218019285627	6.18341103081692	0.9839746079554806	1.529609975851225	0.23113651216695413	0.013929115409209878	8989.550301406905
-903.957242386458	0.4184096292873318	5.931638288835824	0.7573844574268696	1.3666177852244525	0.25889811177794464	0.011865934500725926	10022.335195925856
-936.7941925014716	0.409111164422314	6.074728207804846	0.971591031550561	1.4759881971227	0.2401304974992453	0.014661777055303065	9055.36991993287
-898.4568776356318	0.3804975518919644	6.015235126456679	0.7480900862808418	1.5680785093312468	0.22344675947351245	0.011355377532601983	10081.706809288638
-903.0033415321543	0.4175249802921048	5.896548335689029	0.773495635316139	1.3860306158685507	0.2564696292600572	0.010629860691161841	9946.534595649951
-900.5245616233651	0.38641750438756994	5.954288708666511	0.7870866470530327	1.5527127676221282	0.23408231599334958	0.010134869132424021	9898.644653927133
-943.885604976891	0.420929779936042	6.120504800363671	0.9911990316287346	1.4245876372107085	0.2509889123585838	0.01372690362474656	8963.41372725173
-900.7429666817156	0.39671742009441047	6.153551055689107	0.8100594385159889	1.5036703971654761	0.23217242152696005	0.011609888105336549	9720.83212448469
-958.1584822647944	0.43635003094936387	5.899397784651035	0.9896345779059411	1.350035673530575	0.2648530076673987	0.010433925061909629	9019.429359930593
-1185.3178432184081	0.32443436118372887	9.79524311874278	0.6446737352372913	1.9546010736865818	0.14516476546572357	0.011169368143313995	10104.583761129656
-899.2162968774419	0.3836477508995944	6.0702019038472725	0.7699688505484996	1.5611679928036495	0.221135496699743	0.010313351854762927	9948.270823334346
-940.9450770210119	0.4022087917912306	6.063713756967734	0.9798308058622144	1.509495421405665	0.2379772985769091	0.013797523388098157	9037.361827849936
-1193.4220280344302	0.320257592859665	9.875297194533772	0.6047119648384887	1.9646917792193714	0.15688585518572115	0.00852274293737192	10393.57822710594
-901.0576613219368	0.38985875381672075	5.955259844070702	0.733776071732558	1.5182362251805037	0.2324374281677608	0.009549336259191847	10159.590138506317
-945.7219468058859	0.42680158916210065	6.088376800992054	0.989494796043878	1.400758813255776	0.24556270777317432	0.012564102710239422	8962.819820451765
-899.2110680823777	0.4015549822352681	5.92796205781624	0.7657808449340685	1.4613405949976004	0.24199736221448234	0.01082451656452123	9992.146198762977
-901.6161200545132	0.3857596323082488	6.034606026387499	0.7212046665820937	1.5391830147066292	0.21573593534142313	0.011543631592413435	10199.662489920538
-915.6831445457522	0.3969049802811262	6.161488327926641	0.892311131840993	1.5174992646883392	0.23682092082664483	0.014685255180301993	9361.675311597477
-902.7286872835281	0.37796367506224865	6.011666111914477	0.7296711598843681	1.5788812946625583	0.2452043572173858	0.00958532208279712	10201.075106782006
-1024.0274580245077	0.40248226213385907	6.490506570032458	0.9877766576597077	1.53685948792313	0.16824782884388545	0.007124586951131436	8828.276047631318
-942.2628418810607	0.4347404284562032	6.060580461378525	0.9859840198699438	1.3591102637652945	0.24723555302215877	0.014078954633431272	8974.610691014654
-907.427282922428	0.38874954471990963	5.838308804536641	0.7197627638250726	1.4992003923911064	0.26287832616896883	0.009016863015585783	10298.099546204665
-905.0582214530046	0.4037019556899694	5.817857496562555	0.7209141467337673	1.4205041212473235	0.250748638562628	0.010527476557429626	10260.097723156221
-898.7884625902423	0.38371676648461495	5.98212923134738	0.7564643952830394	1.5507087387621155	0.24212910269368634	0.010942552715754792	10057.868099618978
-946.3912970320196	0.4151611401803066	6.160343253236655	0.989311990938278	1.45365067500085	0.22958581992970536	0.016862872233062282	8947.789622543638
-941.4227576722327	0.4122042843648574	6.121452275849657	0.98459247985664	1.4544730206177778	0.24270248970304673	0.015257166384588353	8996.159716230648
-916.6727190588289	0.41232573492959484	6.109121310173907	0.9038645693506937	1.4471717233041914	0.24110446443750663	0.013392189287798287	9305.301224268762
-957.6565273393853	0.42182672265569254	5.914089684198765	0.9854226950703984	1.4116249589279135	0.24726704499464644	0.01007243766853406	9037.211925460555
-944.2890305748427	0.4237943995380984	6.044177448139677	0.9921617514320658	1.404059058142547	0.2578656841288123	0.014020906602001853	8984.819119966804
-947.613209281599	0.41895365318521305	6.010719409572518	0.999629638025865	1.4296134904622484	0.24731625899905882	0.0158854629497109	8963.666443941767
-898.4174903820776	0.3919976070662312	5.994280876481166	0.7703714357980488	1.5136312727856693	0.22985497533959875	0.012366724575586184	9958.653094903366
-899.6567615640988	0.3849374933584391	6.011808665716475	0.7667167531113734	1.5417154982268937	0.25087149042218265	0.011346257447383639	10006.166605106286
-903.3163613397294	0.36153408586430424	6.006779884316495	0.7417940045109018	1.6933114120124368	0.22371198550864635	0.00974701057693498	10145.980685221364
-944.0080857760516	0.40886946516913	6.115871027276847	0.9846615987524308	1.477732021225307	0.23770516193266744	0.016532062931804276	8995.268786331198
-1172.7168947343348	0.32860508439158875	9.686448803785263	0.6057835017300737	1.9018024386584653	0.14657864985026917	0.010091300931499157	10382.271398596456
-1140.1954992064855	0.3811472095977796	8.57366822092288	0.9985137731409868	1.6685560038270373	0.18932855546508662	0.017168096125080082	8435.976798528602
-1317.6472053210473	0.3845227509691265	9.903562294448696	0.9910483414924524	1.6457999863181871	0.20742049240643978	0.016622809044375474	8306.398198343919
-942.7170397802789	0.42432995827571335	6.129182861175607	0.9903437142320495	1.4076503069245874	0.24463453437006735	0.014573833143695893	8953.666167450534
-899.4367435983761	0.37578062725941924	6.068263194717715	0.759025496985398	1.6008641786101883	0.21417332195125968	0.012282611555181844	10012.321957604878
-1193.5190293418452	0.35865214454650063	9.89071653504857	0.6017562660298524	1.691850400321625	0.17142775517608472	0.009669062844145909	10366.405980403742
-1312.6183506885504	0.38193264106763614	9.88347819301638	0.9862954106367061	1.6618635998492084	0.1975805130832905	0.01705740343129331	8319.22947794575
-943.2791436738505	0.42024901945652154	6.006747676555623	0.9863643285880997	1.424521865430358	0.24548498690607765	0.013063258723255557	9007.47331185645
-898.6135742798996	0.3963136252211709	6.002000223858858	0.7800845693088883	1.4883696540402784	0.2434579708754988	0.01207534874250799	9915.075459231146
-949.8841366144595	0.41605297955748927	6.163585486758797	0.9998830263589471	1.450219843406389	0.23371303197488816	0.01701387065697302	8911.80615880911
-910.6239624552984	0.4250227911343067	5.969790009499981	0.8542601755748715	1.3638196359354016	0.2689766911724897	0.012981685763399895	9558.623992902152
-898.3450255474072	0.383084690827573	6.049040875444469	0.7594809476796117	1.5682846881554369	0.22415229194332917	0.012086726253537794	10007.22194102108
-898.0803584544362	0.38911612792425776	6.075397149787484	0.7698679065991124	1.5275983376434465	0.23474856962632693	0.011098284316641682	9950.89092389886
-900.4007411884281	0.40219765521423767	5.95395070374752	0.8114936101057061	1.4714386079785715	0.24042180433820148	0.012159759230035129	9763.281035777882
-1187.1105164375122	0.3245736266560391	9.763027879986176	0.681840571998038	1.9683175360169836	0.15515253442997043	0.011011259523828363	9874.030116239552
-912.307192766636	0.3995601846744159	6.0982695964630205	0.8847035172930188	1.5101793231688176	0.2275772092146267	0.013139410201384236	9394.054020087471
-1321.6673307568456	0.3557162369530687	9.896263881720095	0.988525221077374	1.8098520603271468	0.18377704854153198	0.013778087252904019	8326.83391679551
-898.1572189058065	0.390208539528524	6.070670565044018	0.7612127815495278	1.5240076573466566	0.23548816313191118	0.011046363672683067	9992.362366322363
-906.683868077135	0.3913034669532286	5.912600123649772	0.7278398688517288	1.4976547405016643	0.24105942179689438	0.008084391404116986	10210.018269938108
-943.4466128718796	0.4199026801842131	6.074905528817167	0.992218882222761	1.4261403072686516	0.2433605123738344	0.014993167723496521	8967.25876428691
-944.6434744838261	0.40876148431131465	6.179669275219818	0.9922903479234735	1.4855058295662256	0.23105059780923523	0.01422728892168461	8942.93714243657
-899.402351366405	0.37029571658659133	6.0834829434450235	0.751221816835954	1.6294123991382734	0.22337328774431267	0.011519770624711542	10066.514579775818
-1162.6118171529156	0.345838250807763	9.424905729548426	0.7335647418041427	1.8104346543114571	0.21267729404118874	0.012210694807061382	9628.629171226252
-898.8796280365434	0.38653231058718573	6.014386479170048	0.7681134632584631	1.5428241274931827	0.23258795074228616	0.01025704117610304	9976.658609616083
-897.8943118505345	0.3895934388223036	6.025353503185352	0.7782722994355399	1.5316755157741202	0.2343927632132321	0.011428101911016305	9918.99924459514
-943.5918136621755	0.4246350611456629	6.166756846256719	0.9922580098964242	1.40693942276775	0.24147467322754357	0.014739780283372689	8933.597473754042
-899.4956852259813	0.3792694673941346	6.00411298379483	0.7715692442870086	1.5994062418746227	0.2095542403656681	0.011726764750803611	9950.173038662824
-901.6680078873385	0.37291695274916664	6.030895990731925	0.8084747645029625	1.6302941160507973	0.22415219263299363	0.012164967693736026	9793.883280057276
-948.6902207017229	0.4508462377497548	5.994467958377184	0.9961295812453392	1.2980516471123205	0.2506139398805693	0.014768531358837588	8932.913093864541
-1224.3941040533534	0.3617893834486606	9.779896798382456	0.8039879880145886	1.7538341893711966	0.16908615758207787	0.013069478869458166	9139.005468367957
-1240.95361525779	0.35400963861183343	9.784500345048366	0.853760664925237	1.7945149473413475	0.195225477347155	0.014309387198536238	8934.505218576785
-910.058829987306	0.3990659443778904	5.920544348785382	0.745804112726679	1.464263154262725	0.24882877202068826	0.00758084845277137	10106.556680213249
-898.7365235896904	0.39515574139756343	6.015836462962737	0.7808620158116392	1.5009765173255232	0.24404308280666015	0.011062974559937856	9908.064345299492
-900.1933497978227	0.3988002916141397	5.93286185615976	0.761071239226618	1.465100191438885	0.24133876342114022	0.012553085086481813	10021.960226932611
-1320.313126665546	0.37546199382053197	9.909219907760308	0.9904146299600158	1.7023943472633118	0.19395720983395143	0.014572806787521509	8302.410710378746
-901.5171776990624	0.3874409982388605	6.1526024360617235	0.7821182922373224	1.5497046834716781	0.2229633834012306	0.009907870903403495	9861.128210012661
-897.8072383942927	0.38754548892998203	6.054710062408189	0.7752961189981993	1.5440021177316499	0.23018204655530883	0.011745603862828245	9925.608327250933
-948.0165863093965	0.4377992005361134	6.178149714423718	0.9993024262370261	1.3449771885891324	0.25544309381797325	0.013984776673291528	8901.235990809104
-941.1157233118099	0.41915459677425626	6.108068879117385	0.9813469726001262	1.4246267629324199	0.25718513817764044	0.015414552529395898	9013.25313274088
-900.7305068775537	0.38704369338057165	6.2370411842786115	0.7737880057184493	1.5508905545336322	0.22610015017694066	0.010505304030332098	9885.137617858165
-903.1141290414954	0.3703245432459563	6.326092013740778	0.7346495102637556	1.6348282688415712	0.21201248389201033	0.011048178946547596	10082.951124698164
-905.3819151257252	0.42175991537121604	6.062616889677988	0.7804335402234104	1.3685333541939184	0.23869161327398095	0.010155790001866229	9849.522879006377
-905.7548816704186	0.36718029402539437	5.832609694468453	0.7323158174654323	1.638708453299381	0.2350391291069587	0.00897776692529197	10244.966146447005
-901.871341523166	0.39650486769231535	6.100412739061169	0.8195970432978018	1.510553111143677	0.22390524622016517	0.011477996989835567	9681.466812401819
-943.3967319842875	0.42515229259552384	6.080598807924634	0.9893421773024571	1.3989573550885828	0.25137466089087723	0.013495175350796433	8976.703856507287
-1147.2789729695685	0.3556122656687784	9.246160228435105	0.5792134353233231	1.6748268039340661	0.16671953183518723	0.006317638136777035	10603.842896165741
-901.5764533697436	0.38861405700513346	5.866359517204958	0.7540538496639867	1.5211745210451793	0.24940066104362738	0.009696215732102534	10097.475219722966
-1194.5171800549172	0.3727005256518862	9.81982600238779	0.6466870580369867	1.6021231690743378	0.20390769841286432	0.01226229623512185	10078.632966234534
-897.9891284736448	0.38410827167539185	6.051959331447714	0.7706607453776032	1.5610656525176145	0.23118466324197182	0.011125640681858557	9956.273045819007
-907.1653729939574	0.39500148236714727	6.331334386576361	0.71187387631463	1.4891110898374316	0.21757267659004143	0.011279193395585883	10166.936610465322
-946.8472993081141	0.4137397164038864	6.064401187102388	0.989157066054893	1.4538302129463516	0.24078818927808923	0.017054871195226126	8988.318633432
-902.9031074540053	0.3939529076914609	6.042908293983732	0.8168560862936786	1.521708811256988	0.2315393688177005	0.014071516288899992	9719.714294129197
-942.3374740566164	0.4095290988761279	6.094025857779477	0.9869625383092552	1.479339779713137	0.2325554491372689	0.014698931273224896	8985.332563258133
-946.0991251012078	0.41987854000847974	6.116617386409603	0.9904609487637799	1.4327327337633686	0.24086905731602465	0.012558854415248927	8957.979152343256
-945.9415330010154	0.4211823667888958	6.00783203286395	0.9962608773801315	1.413327047445366	0.2533707527483566	0.013810152245912807	8980.728490980757
-928.8951411398173	0.3596606015839491	6.335102947535503	0.6412392451452191	1.6750687000239646	0.18464485950519938	0.0077927125515839715	10615.314578996811
-924.5579050659084	0.4220640359502574	6.1434311129674155	0.929275005762013	1.4141188339985657	0.24201562800687806	0.013155466791291535	9178.000843519772
-898.7156504805089	0.3975635937105261	5.999619972917725	0.7936066689190701	1.4882105389865345	0.23681985975560238	0.011792387474745524	9841.530604793377
-940.0879579399078	0.4321546488111019	6.13344199740782	0.9795073850043571	1.3813659955465418	0.24201340283679745	0.015078783777057835	8973.924716418562
-900.1916961225584	0.404749675453627	5.923147087226352	0.7966740286690476	1.4510983362022176	0.2452562212608541	0.011252235428924316	9841.761841305532
-942.4068895385241	0.42611955962117587	6.171200660955707	0.9843977908041804	1.3958356387561097	0.24950961858142473	0.01590995671264233	8967.391535785364
-1312.790594127684	0.3795198274388142	9.886285863862048	0.9855091788065441	1.6783996425925587	0.1926780778696849	0.01712862660876596	8318.615873806457
-901.505293039693	0.39330844228046774	6.077219824949431	0.7392283766630542	1.4908174662845104	0.2510831883944633	0.01026317749612107	10115.220627646746
-942.3874555796655	0.4101108096073941	6.121547052288973	0.987844122276249	1.471946238899884	0.2414013913510967	0.01486166552241577	8983.84317944008
-946.5803275740334	0.4351779402893441	6.182053543964489	0.9971510019344844	1.363933918005364	0.25087630383343323	0.015523419562725698	8904.388533826039
-944.53385735849	0.41674778931799267	6.124912970424403	0.9952126956340102	1.443959255148666	0.2396816186491989	0.014507586804069805	8943.837188167956
-898.5841950945944	0.38386427120942906	6.033468642474365	0.7635867019922938	1.5558859282004178	0.24113628147458108	0.011071295130152255	10006.717324764735
-947.2566476475614	0.4290375363106246	6.053791101058697	0.9930402294930232	1.3786617563839048	0.27280382004085435	0.013686790306294504	8986.243118136952
-906.0620192175525	0.39224709601068536	5.9458928204352945	0.7239136931044886	1.489188304374857	0.23105083801062606	0.008285844712526032	10213.343806985147
-908.315948005687	0.4060892535613616	6.030125520011699	0.8642104341878757	1.4638224251177978	0.25168527634402105	0.012789495902723394	9512.472730922302
-899.2958108921865	0.3931679243552673	5.955219070581562	0.8003677291349318	1.5206329822835454	0.23224072732073697	0.011559291649042513	9821.500164835543
-906.4720717664255	0.3966680815693051	5.888031351423216	0.7494934645474616	1.4570629494985394	0.2756827901952613	0.00975311578706718	10130.95895570156
-1308.6378999546346	0.3608809348453334	9.8372327525248	0.9902115837867871	1.7814971562102702	0.2007345725737797	0.015092903239375415	8336.82498862853
-942.8382541537748	0.4243279774431726	6.105669539808205	0.9904354277727608	1.4075224081160238	0.2502361340629868	0.014591203576487938	8964.70917788947
-899.4275275248979	0.38546566932573967	5.928271124543858	0.7528956955318882	1.535493193975392	0.24026101576799705	0.01025596101449584	10086.369019974103
-900.5304623323073	0.40938846438166304	6.055667436539448	0.768709532958214	1.428427378086932	0.24823480056822933	0.011981305486577077	9936.257903011743
-901.033757262631	0.3784221642725807	6.095150530720041	0.7606959425817515	1.593361019690211	0.23039115572549926	0.009613433714135205	10003.896212000947
-904.6990059350833	0.41047871117853596	5.918455914060305	0.810614327632477	1.4322998781233767	0.24335842321971332	0.014177367283408189	9764.135971543492
-947.0005961872941	0.4227559121532093	5.997611843891616	0.9999967232145015	1.4130969536743259	0.24422774373632375	0.015307850433340035	8956.861822860708
-899.4648826198423	0.3842595323598617	6.1325024727839965	0.7498087845255134	1.5524924772690853	0.23815651509840455	0.010740112293971132	10048.593990238764
-899.528932488693	0.39152068723052086	6.085473246768117	0.7567451668122401	1.5276678691056074	0.2119849054108107	0.011114112241940158	9985.03029365695
-1316.982501602071	0.36048282940088816	9.884984408070727	0.9946638338355451	1.7936519362080185	0.19417502223229768	0.015508543921384392	8304.811701692448
-899.3849015886988	0.3802571176346895	6.060623417615926	0.7605817022376963	1.5843889579743973	0.2089494923860107	0.012017078761597097	9991.093827274988
-897.839374045532	0.39113169245710633	6.020755379575988	0.7730356767622945	1.522635756594646	0.23107298596747772	0.011906995152716962	9940.15685357925
-901.0007953577121	0.39375931541842807	6.086651976788413	0.8193262069511307	1.5257128923252175	0.22926594582011067	0.012797517122370008	9695.107792340339
-900.9900529763113	0.39879861474886685	6.083309895875629	0.7975164991951034	1.4871956427996718	0.2386649742483763	0.013538750539785921	9800.149699856065
-1298.4139426824945	0.3651966807342497	9.770743331256753	0.9895307331417929	1.7554668879372706	0.20226033855278097	0.017624271743682144	8343.941731663754
-946.5477922597348	0.4103321593670536	6.1435156184297	0.9975914781854528	1.471586995554672	0.2446146373827055	0.013912416675751561	8945.92617167038
-898.3759796606396	0.37930956967576035	6.057584956285421	0.7517224960256531	1.5791078644689074	0.22683748115906124	0.010881268310029758	10056.489095928435
-903.5570569224861	0.4155247138455595	6.017609147841686	0.777107242420287	1.414281164438971	0.22831988846310658	0.010256346985306683	9871.649007346252
-917.0354462025732	0.4077223667685086	5.995506441156526	0.9034086122601566	1.4578822908644506	0.24631025519875757	0.012731225901787643	9352.607749611403
-1178.2120993201115	0.35665075151636483	9.68505061127199	0.5697926035258143	1.6673984035869673	0.14780488015451324	0.009460823582702772	10614.25330406439
-898.4955821521148	0.38211887789620125	6.0396509459368355	0.7845963371339474	1.5767532717256307	0.2247698524434708	0.012130565968442633	9888.4029067723
-1189.2941419660335	0.3428577243539314	9.829082326977773	0.6608606292430904	1.8098680259223259	0.18127081432146872	0.011869909230902094	10003.39113994721
-944.2849345537902	0.4162665216255045	6.139378193076394	0.9892450105593973	1.4435997231692963	0.24951569014904798	0.013192607126965447	8972.078555117365
-901.7874061313737	0.4057695210726775	6.022199849887591	0.8242735010156198	1.4595309491066915	0.24303649624751184	0.012317702643289864	9682.579292851507
-943.6761247340912	0.4290134028521908	6.101890090860346	0.9884955322611695	1.3829700398185774	0.24945068195831177	0.01598505773145197	8966.112672979618
-945.6962835447525	0.4194975136844466	6.167226142945443	0.9976920879755042	1.4313872171099233	0.2436944453513018	0.015360939657709788	8923.661107801421
-898.14979172877	0.39448044393321646	6.039651940696012	0.7735114488843424	1.503604226140885	0.22590925520264546	0.011453135076342656	9923.427109136099
-1199.0351306940022	0.35372827740574253	9.89351268793763	0.5600230280432629	1.692895402464458	0.14629030415931393	0.007962506303114509	10670.385562104115
-921.0706823926917	0.39626884343574037	6.072526819260896	0.8457797864666549	1.530027688084022	0.18345962453365597	0.01043989581490535	9531.780208145841
-908.7669002761115	0.404755423587595	6.053103461880834	0.8692474626576661	1.4760415869080565	0.23386509715816917	0.013339728768324071	9469.657792883301
-940.57454674477	0.4170028488607211	6.081807524147171	0.9832527234546153	1.4391421421295199	0.24026507399435393	0.013908232436441027	8999.07116494088
-945.0905521042281	0.42173596919769624	6.132871613870375	0.9958243779719954	1.4199576481680318	0.23940267105378427	0.015490219364098083	8932.099614758365
-941.4126744317452	0.41605604883013414	6.11141605665516	0.9857059196501844	1.4427063514082148	0.2482171506699419	0.014877202217994734	8991.702512402913
-946.9805845673399	0.4210149095539264	6.2135373961434	0.9922924662136444	1.4240425020760188	0.24403054373942878	0.01682724859748493	8929.174259630014
-946.0928655038402	0.42332714751762696	6.133673457550668	0.999998275690129	1.4140466894324502	0.24475779152887064	0.014613452710275802	8919.407940796307
-943.3209011263274	0.41326971204340934	5.526422062343466	0.8536138899248503	1.4047089939879476	0.29507116858655835	0.00748169309162043	9730.216966750782
-897.8363930060777	0.383935609476337	6.016316302242753	0.76167652795648	1.5571621109821063	0.22987481922944517	0.011230163570066194	10010.033641442118
-899.8958602660095	0.4038753878732602	5.998965636027289	0.7846002414305708	1.4466661130745018	0.24119726755707346	0.012618496284784083	9880.535233957306
-898.1111817402322	0.3838802440289064	5.989459423079925	0.7784094144364239	1.5660796315736376	0.22931491909823998	0.011580289237015312	9931.832968570976
-947.0280339166537	0.40488889911740195	6.134346808578481	0.9978467660355547	1.4952771962748912	0.2372970551067156	0.015389711927896909	8949.925675296457
-944.8987715790561	0.4208404502009659	6.091754972115488	0.9923091920555892	1.4190353452333107	0.24567814133678997	0.016097227071794496	8964.167576093992
-899.3029010736609	0.3945096011817402	6.089110335171559	0.7981630717739245	1.5135629934496577	0.22499275227418672	0.012458484572904046	9789.662289709388
-941.61628571398	0.43262114177390765	6.063825099352384	0.9831716384522301	1.3690772728528837	0.25931461943902684	0.013879230969659645	8998.006371270516
-942.1246227410609	0.421063808744786	6.1384663728214885	0.9870606930393595	1.4224637925131465	0.2511446373704736	0.014051968484369659	8973.986808817375
-902.2823416479855	0.40555135298972	5.909824273355575	0.7638049696265838	1.438915617654987	0.24304798340481082	0.009551348212136934	10001.097239121726
-901.5193047863368	0.41158167069618273	5.855069628254273	0.7777622960306472	1.409280844950554	0.25415048155990216	0.011642997618377279	9946.828971541332
-898.5253622508608	0.38752966960952817	6.060243550321311	0.7858842087091564	1.541022139051692	0.2311460498918757	0.011077181054745594	9875.392655490905
-1315.325629753897	0.3867094533534603	9.889673438769925	0.9887918898866985	1.6374201212678154	0.20093303329370818	0.015549411283389217	8306.496262390974
-939.9243779154026	0.416769453363499	6.039890350444138	0.9801973408705993	1.4416002530545098	0.24439181018030465	0.013618002512891044	9024.773269198256
-905.0432463341401	0.3957119773767024	6.146612739191778	0.8307003281567615	1.527702103539204	0.20847036958406376	0.01261738289817383	9603.663534268291
-901.665120556444	0.3738734106702355	6.219993805668519	0.7527137261416582	1.624846467792868	0.19973641753712632	0.01091798343702413	9994.472721857452
-950.7249610238381	0.43146138988690874	5.873814154278441	0.9966836158609957	1.3675607738547462	0.2699393587582752	0.012936509947251516	9015.360352884827
-898.8155677153678	0.3892774810999495	5.9921520203074925	0.757466594191017	1.5235885932995772	0.23137737662959512	0.010230958690472863	10030.226505338647
-1198.5698764467952	0.31814980893368155	9.922731799817553	0.5760342512115637	1.9670322774965194	0.1294702524688609	0.010209220631330389	10584.196601858512
-1311.6359211031208	0.35864462650895407	9.866747805562198	0.9897254307216052	1.8015942181720996	0.19037231734652027	0.01676293237509767	8325.434699740694
-943.0859002052547	0.42513204402565247	6.102087276086857	0.9906908631781405	1.3980722145293296	0.2517587301404523	0.01435576241140841	8967.102896270873
-930.9987058913066	0.403359591005914	6.053326757630276	0.6944999891687831	1.4140765459253988	0.2872696865911418	0.006367466504727399	10379.283651007718
-943.4253072245219	0.40834684094015344	6.039323000529267	0.9859270643749032	1.4849760244939765	0.2391778798146669	0.015806383823453934	9011.481205612112
-1219.516261226934	0.4007419199371184	9.935765883111383	0.5993541491329131	1.4149680529497288	0.181749902999092	0.013456832436534864	10339.53168360622
-944.571069990701	0.42180516002678714	6.144742636809593	0.9955987310448142	1.4223320498502126	0.24305658301506783	0.014875866113333983	8932.212844198068
-942.9748431148616	0.42087919646386707	6.246187219507369	0.9880862905932826	1.4199704563394726	0.2394216431203089	0.014705584392439906	8933.557969054065
-898.3543384124789	0.39181253320666104	5.9693910465210065	0.7700708472524632	1.5167863382400144	0.23648920751274305	0.010742991796731709	9971.488892537365
-900.8640814402864	0.3674864297545401	6.107701586598455	0.7631178470242673	1.6577628737247665	0.21860719487531377	0.01027938554082511	9998.122456976309
-900.7021007951917	0.38643141873981857	5.914251913217165	0.78694986212232	1.5376623243653025	0.2540841102024584	0.011654695263166039	9932.250084745334
-900.5454138477086	0.39376089594090324	5.983371249900915	0.8157144061061974	1.5153069191558457	0.23867980064535038	0.01249778511478301	9749.350484427496
-898.8182986765062	0.3804080536232305	6.002095595313819	0.7421970321776498	1.568384328771434	0.22227494218825228	0.011243204801947071	10114.085045703056
-898.9500208184451	0.39202953147878294	6.038929845197565	0.7936311283999959	1.5284851723810366	0.22550588471708735	0.012553726069756282	9827.34600400338
-1247.408638381972	0.4113172799981341	9.889795017238246	0.517092447149735	1.2552725231550246	0.2257532134152361	0.005562078208536364	11025.371825246679
-899.78259740972	0.38401333549549377	6.082489021225453	0.7372611437621199	1.5517666070372516	0.2130437032125339	0.011284932710927054	10104.419193971975
-1312.8119633999545	0.38515959049539794	9.857365112324272	0.9927202410385639	1.6380028297185303	0.2020724606984975	0.01768408580138553	8300.764110075634
-900.042085041519	0.3901140162693986	6.069313830159233	0.7762996714247721	1.5317060336268613	0.21929286769999026	0.01319359724560948	9902.863846991671
-905.2886701268624	0.40949599570215406	5.920409160092961	0.773456798957524	1.4067342717403704	0.27771225128899607	0.01190497725279056	9980.057204844423
-935.6707932147672	0.37918697824126985	5.6943439258037705	0.7401247465098894	1.5660092850199903	0.21356974705748666	0.004982956944116331	10202.395606679835
-899.7859982723772	0.39118924022498264	5.838138732877222	0.783439729699214	1.5164657122067067	0.2415376751958877	0.011296528692196307	9947.781084320888
-899.012050797464	0.3965469564489721	6.0203062786058235	0.7532582016250543	1.482967771586979	0.2360217247075823	0.010508392622105628	10036.20560016501
-914.6744220571137	0.37122537210750434	6.1141700345658805	0.7098362817821202	1.6216066376460443	0.20915357027787593	0.006933491990683421	10262.522743735806
-913.4873204290961	0.37197085600603336	6.430044230790344	0.6933522948243894	1.6067733907177764	0.22134902158191952	0.008950939375641273	10294.756619313941
-1165.4441424269103	0.36533327091953083	9.553859789320011	0.5986755547146768	1.6220382248549146	0.19435497984452751	0.009484617461785583	10438.984538987572
-898.2356117537745	0.3866173028140052	5.993557559072591	0.7514352190184685	1.5384856230852093	0.22947208958696746	0.010790257448177873	10062.867618000033
-929.6844801127003	0.40552211944724725	6.069057925703522	0.9491382123805249	1.4908917124984877	0.23673078086845337	0.013687309931106	9143.34483028328
-1214.1248278453568	0.3773887307482284	9.979440575443718	0.5968348816715158	1.5532978994609108	0.16958284952052147	0.007410915303506855	10372.934979303938
-898.2223063805295	0.3803087667283536	6.005796697522038	0.761428222830591	1.576065130025154	0.22858652118535736	0.010850882155444892	10019.681932558084
-1205.0043182978598	0.3535930706293923	9.80298499192359	0.6732270296305718	1.758802217895556	0.1548262412540643	0.016157972162256264	9882.581156506407
-899.0045476317259	0.38206089313112185	5.988491023613932	0.7525145156810633	1.5681391702837353	0.2280040572829859	0.010195136696357437	10064.040739582977
-1322.3511666619934	0.41355200328981	9.880104221813108	0.9963747566036412	1.504547994929036	0.20914787457657807	0.016157107512632392	8257.262379255431
-1201.7564101017865	0.38119876202412506	9.87331108566502	0.565508879605145	1.5227062604409982	0.17132475572963451	0.008394017155565942	10609.171151623808
-905.4692459043229	0.3832202232623395	5.986082951699186	0.7045524855390985	1.5372345503610474	0.23817029140983967	0.008972944257851185	10329.076324908181
-899.7423050343075	0.39739418061700277	5.956785979706576	0.7566746720238358	1.476287865991377	0.2380566513853155	0.010093073827468798	10035.886720684914
-1188.9444914422454	0.31819259594661253	9.817350784518975	0.6487160394453247	2.007162805315832	0.14522656376831095	0.011865753102059244	10084.094065819121
-898.908268002027	0.3761098227815998	6.1104607971186145	0.7474141867663414	1.6016122723979178	0.21854188862396295	0.0112583522025515	10062.669489297248
-902.011959744427	0.3980862610306455	5.9713017078474975	0.725430520573094	1.4654325326636213	0.23766543908542623	0.009879493219013729	10191.878761163365
-900.8185717090939	0.40014734140867486	6.023333062862956	0.8119066576811272	1.4879306627158888	0.23868784770809962	0.01118711792446636	9743.650779100357
-949.186571610773	0.42142614747478785	5.937434429609927	0.9857277274858096	1.4162584575874004	0.2570348022386289	0.011520510044518612	9038.446972931855
-942.5082076449326	0.42080643762833436	6.107595099955796	0.9880255526778242	1.4281578389555316	0.23252311385522306	0.014293096618860173	8959.97901866783
-904.7515005830777	0.3810415023691251	6.118474702113112	0.7867501874469621	1.587622813615077	0.22493332240441102	0.014700313255487306	9859.078842025998
-899.3960667562613	0.39398311712849127	5.891751939169237	0.7587062437262958	1.4907655311130674	0.23054526787793986	0.010683158277621271	10043.00445480603
-898.7090548127634	0.37591169472961183	6.05595457625655	0.7585584893638799	1.6083852393126852	0.2149707308485807	0.011280784009198538	10015.345250955885
-899.113587686222	0.39189806523725984	5.974514909404385	0.7980909018100879	1.522426228414901	0.24087599433451848	0.01195630912964497	9838.53140877273
-941.1659345958094	0.42048483996067737	6.108049055134699	0.9859975333164116	1.4219648360590922	0.24443928779665688	0.014385068032623882	8981.382395574043
-901.0783730354308	0.40051860959721014	5.990895194332155	0.7722824206592673	1.4710265092121522	0.23742022107234395	0.009710789285953796	9941.2499220075
-898.6925194200144	0.3791373174383634	6.0099328924577184	0.7499442354266738	1.5802100996159196	0.21841580306981412	0.010828553586072385	10070.326394760841
-939.5204518985244	0.4144778576995751	6.045853369405575	0.9801716918521124	1.4477493659004206	0.2417813007508879	0.014123738480117705	9026.057557649068
-942.7625415080963	0.4179974482056558	6.0660991474412365	0.9898926372073135	1.428494148153804	0.2478208770198572	0.014765020258991415	8987.226488465982
-1194.3065452218445	0.35615092092109185	9.800384255200909	0.6682237287351586	1.7151044394418888	0.21583923627283316	0.010934250004310413	9973.582083351917
-901.8309126887189	0.38940768282980964	6.022227650928211	0.8263458911039467	1.5467073074070872	0.232915238207818	0.01262516977564009	9690.959191496579
-900.5328840734567	0.4024608020951887	5.995153537910602	0.7994964691388265	1.467234787890111	0.25287984578662104	0.012458650500357802	9819.426623308562
-1198.0503314157434	0.3380352399127961	9.838585038112104	0.7049839727563083	1.8753187921489571	0.17170787828802136	0.012293794009171286	9719.191484188426
-951.5643709029771	0.41813590292632546	6.148696146537779	0.998057439150054	1.4308644603101135	0.2531793310660995	0.017519993442256954	8940.584091903875
-943.5355214669664	0.43043778166119534	6.024609912572762	0.9892784448698304	1.3788426863363512	0.23854558754847136	0.014308363039365082	8970.397429795135
-944.1904588447007	0.42820474033987105	6.152399309876473	0.9918297763813252	1.3984784401474737	0.23602993271442096	0.014123010912925464	8925.629515220448
-906.58098816816	0.39040351031211606	6.05029669431022	0.8491842316377367	1.545081138192003	0.23366468673269883	0.01136838533452372	9581.129257916904
-1308.2927795347118	0.38458681572594744	9.828229579483352	0.9902016245176074	1.647196234478681	0.21057048813938323	0.014919560477221594	8320.730074089925
-944.2997435332923	0.42401064839730257	6.078561110524925	0.9943122045700574	1.4090625357364572	0.24820302434069844	0.0141338470751556	8956.599943265306
-990.7925738396074	0.39848263660900396	7.184075765626318	0.9916108320925429	1.5520887290506398	0.21540504538032804	0.01433679968118944	8712.119330364329
-903.515046642732	0.3673560236885914	5.979492444442354	0.7916225403664275	1.6738673047974877	0.20318878683543504	0.012499896614313923	9874.546568376023
-899.5183194766819	0.38988903083446497	6.1132709908436444	0.8029604376864482	1.5431113852276983	0.2283508940621459	0.012431774248234367	9770.405139984885
-1189.5987251283284	0.33443042478199914	9.87669673562148	0.6151026635095161	1.861601481954957	0.16090194617496156	0.010678912518700269	10300.616004852869
-941.4577362400166	0.42820531516361937	6.024754483901544	0.9853308079099086	1.3904605596423127	0.2498769290858688	0.014179542362931846	8997.641097287482
-898.5113245588991	0.39284411082352555	6.028169376867862	0.7717060038114946	1.5084279970220345	0.24162890919704194	0.012188520687069078	9952.684087992178
-899.2692968903688	0.3962845827401409	5.937481263290034	0.75501132502651	1.4848228394223502	0.22643698261918163	0.010770653000344988	10040.023184331194
-1198.7453926831845	0.34719614279275984	9.920891982571767	0.5701596170819697	1.7277213563087448	0.18356318804796737	0.009640077961611445	10635.00589411459
-908.4741680348402	0.3818748180463341	5.996286450301924	0.6972011969325609	1.5433836845688917	0.2216857987173471	0.008186412174912333	10355.903016276996
-917.2942799015487	0.40119126921513243	6.064796620688929	0.905976628986024	1.5078335761007513	0.23727222925707941	0.01336321174909613	9320.461589591117
-900.1005476061047	0.3770572359643644	5.946522679223183	0.7356796287990403	1.5836413728958785	0.2335256028042891	0.010387303906950264	10178.057764298013
-898.8275379125375	0.3795586982156275	6.029472738661538	0.7552425928547667	1.5823534414116727	0.22843464551058246	0.012171578908429915	10045.035464137203
-941.403661961097	0.4145157002955946	6.137708209086458	0.9857617276264932	1.4537500443715679	0.23607867113086403	0.01488452937765683	8974.425186211287
-898.8432473673608	0.3806097469904672	5.931394242749981	0.7636035663488729	1.5663476456104017	0.232410015487471	0.01069682404704319	10033.204700463397
-948.8389605320915	0.4189374297283873	6.101195711963257	0.9890383153770913	1.4357915468929126	0.234359143413106	0.011793521053435521	8962.931831710199
-899.3110822389577	0.37341888840360904	6.070111965428486	0.7447171031973613	1.607418182803314	0.22566967066051	0.01154102483339587	10100.333977776301
-898.0272811385472	0.391604250989209	6.05065557888108	0.7785017003217698	1.526091511677043	0.2267508517538385	0.011990758238832796	9899.770041062007
