# /Users/olivia/anaconda3/bin/dadi-cli InferDFE --fs FRA_GER_nsyn_unfolded.fs --cache2d mmd_GER_mmd_FRA_2d_cache.bpkl --pdf2d biv_ind_gamma --p0 1 1 1 1 .5 --lbounds 0.010 0.010 0.01 0.01 0 --ubounds 100 1000 100 1000 0.999 --demo-popt FRA_GER_im_inbreeding_demo_fits_combined.txt --ratio 2.4 --output mmd_GER_mmd_FRA_2d_biv_ind_gamma_asymmetric_DFE_dadi_cli --optimizations 20 --maxeval 400 --check-convergence 10
# Log(likelihood)	shape1	scale1	shape2	scale2	misid	theta
-8917.572028400868	1.7054942670705309	0.01	4.083637156894956	0.22091624215532696	0.0445792071273581	26919.143139612435
-5568.871993114139	0.6021724968689767	4.126365809517695	28.613662019312095	1.1002813343640019	0.04212151234478956	26919.143139612435
-6016.972673132617	0.889324715878116	0.7902267879256102	10.566154874611899	8.513942013918465	0.045191224366534694	26919.143139612435
-5495.7713855457705	0.7549816105928211	0.5312281998588159	15.578376655236452	14.442864962020309	0.03611246153148097	26919.143139612435
-5232.080029727724	0.6145345971475813	0.801519539367286	26.527407961525196	7.67432146250025	0.0351848680464787	26919.143139612435
-5014.183401102254	0.6044619216017229	0.5040348364044402	27.404950469351093	15.719209318578526	0.036510570437754596	26919.143139612435
-4995.82922428004	0.6157182832375998	0.4478705984842192	25.792400803712052	19.903908863976447	0.03609696811931396	26919.143139612435
-6221.119275912926	0.8330912567405411	2.8244269377331688	12.818483007346552	1.6411029131005295	0.0450857880052171	26919.143139612435
-5082.569671965319	0.7174249305334539	0.284353553944985	17.151948116630958	49.4222815572388	0.03519457571228914	26919.143139612435
-5221.451227938111	0.7411215256043094	0.3190429921501773	15.657304717476157	39.20175370085347	0.04237887437751006	26919.143139612435
-5675.335379500586	0.8414932898409511	0.5225159598473811	12.232229858246411	16.81181465858342	0.037582389340811276	26919.143139612435
-4225.66850317742	0.4339829526368481	0.31129041694491094	74.14882140134458	36.38793618127478	0.03188686511875971	26919.143139612435
-6124.340836440229	0.8651706588097268	1.3703052140658452	11.837807667960629	3.79713233705323	0.04011088937729103	26919.143139612435
-5789.597457944298	0.6899886621916078	2.488878458309728	19.74671817410571	1.8737181603310504	0.03836328020317201	26919.143139612435
-5124.517758372354	0.6289773092197223	0.546335599854853	29.19160402124511	11.32546755766216	0.031180882967112127	26919.143139612435
-5540.265646644926	0.7653116278224444	0.5370812273476981	14.827405028182133	14.371779570497038	0.037251860390080965	26919.143139612435
-4500.645429150103	0.5048784802227185	0.35184308703070044	48.80054875360212	28.544650226612063	0.036615146649992096	26919.143139612435
-5063.632207734507	0.6369616005124522	0.4356813024902816	23.531288650894975	20.051440522947345	0.03502928638740781	26919.143139612435
-5090.816171282566	0.6156907518836853	0.45426719978932434	23.95821694985849	18.836894142521558	0.04259235861432572	26919.143139612435
-4995.397378263794	0.6030557816853978	0.49050664588923415	27.728826410986137	16.355050209968724	0.03703578985838837	26919.143139612435
