# /Users/olivia/anaconda3/bin/dadi-cli InferDFE --fs FRA_GER_nsyn_unfolded.fs --cache2d mmd_GER_mmd_FRA_1d_cache.bpkl --pdf2d gamma --p0 1 1 .5 --lbounds 0.010 0.010 0 --ubounds 100 1000 0.999 --demo-popt FRA_GER_im_inbreeding_demo_fits_combined.txt --ratio 2.4 --output mmd_GER_mmd_FRA_2d_gamma_DFE_dadi_cli --optimizations 20 --maxeval 400 --check-convergence 10
# Log(likelihood)	shape	scale	misid	theta
-2046.7555478919965	0.4883367238290613	54.17391868941289	0.019848700296771868	26919.143139612435
-1669.504827603165	0.4073892879698567	96.55299829080496	0.017109816270939025	26919.143139612435
-1838.5357978035988	0.4443765889890664	72.46994817900797	0.018549633031634052	26919.143139612435
-1664.306810214056	0.4079438793034009	97.60718469240337	0.01679548253387806	26919.143139612435
-1434.377196708619	0.3498376766744977	166.1120711411542	0.01478610068832106	26919.143139612435
-1566.532287914043	0.38327201437029396	119.0983302290328	0.01567691804493087	26919.143139612435
-1328.2821353155605	0.3193690323442669	238.41818295809986	0.013537226348537238	26919.143139612435
-1273.5577048489602	0.29994732349884506	306.290793966855	0.012376231970697553	26919.143139612435
-1755.9386652686803	0.4261600583935953	82.78195274021692	0.017936170943545635	26919.143139612435
-2015.4020825127805	0.48207493585020367	56.41527602456891	0.020076184478354138	26919.143139612435
-1581.1649496062787	0.3482463282652437	136.43366770108386	0.014514763846431437	26919.143139612435
-1448.7939492125547	0.35366229886071965	159.42773685939846	0.015208473611033198	26919.143139612435
-1245.0750749676731	0.28590049219585245	378.5872790979422	0.016379318519591027	26919.143139612435
-1407.825912510594	0.34250661105004954	179.92101797484193	0.014483155435487666	26919.143139612435
-1308.7676085948588	0.31242953881058166	258.7758028356236	0.012965594624095383	26919.143139612435
-1390.028229360741	0.337453749463466	190.45100176099118	0.014211793306223667	26919.143139612435
-1561.059055883672	0.38201351131879746	120.52791985996369	0.01614218582723227	26919.143139612435
-1331.1588960338786	0.3196230955158809	235.60064543591315	0.013560687298613778	26919.143139612435
-1292.3750159193978	0.3067467693114213	278.8773827124778	0.012774769439739495	26919.143139612435
-1217.9203477879892	0.27648696251705407	436.554865346024	0.011199106885249641	26919.143139612435
