-1222.4558771312725	0.4193046624288583	0.567097713825423	0.17667975946837414	1.2454244645658552	0.666048003691636	0.015774519850928752	11454.920248614639
-1219.0514687192845	0.41395749132835064	0.5715436052162503	0.18522281128177231	1.40379121529504	0.6848861868994031	0.01589745128360693	11455.759340051343
-1224.5020414577925	0.40913304333413963	0.5846425052546854	0.17729447307987914	1.4270711845007622	0.5018313694831361	0.015925013213266323	11432.1310367519
-1218.9971136927202	0.4133929061059977	0.5711221556817045	0.185525821992856	1.4122963628768814	0.6890558736133436	0.015900758268014917	11459.573186128247
-1220.6407585855934	0.41672837973739707	0.5664244193131557	0.1795971820684799	1.3027933640296425	0.6874287604860926	0.015736837275271257	11466.393172292126
-1219.0328591754574	0.41305990359819683	0.5704636461578584	0.18474781712018185	1.4074288611457142	0.6866973691784732	0.015843339946114258	11463.871560864474
-1219.0701858261405	0.4137631889542032	0.5706986308769195	0.18488690264699462	1.4009469776056498	0.6881632105280728	0.015878521962707087	11459.94818760825
-1219.7365991561117	0.41519361728215104	0.5711891006428282	0.1816199174792135	1.3545730973949321	0.6628444017596596	0.01582195934051178	11453.914753038536
-1218.9353814645194	0.4112868129171098	0.5737857706100293	0.187093874882282	1.4592369088489792	0.6736523173607823	0.01592622566637006	11457.548775487194
-1219.7238342509315	0.41509009140719444	0.5675771143337881	0.1818223011192516	1.3475665324710346	0.6916595669306357	0.015766503811307085	11467.750917328127
-1220.4426929580866	0.4166504107418695	0.564294266025653	0.18901652395154012	1.385063833206896	0.7809938777770055	0.015925063783922153	11470.099351973635
-1219.157962441764	0.4132851972404256	0.5690525650123018	0.18382595650762487	1.3927327331550616	0.690598971651358	0.015813792230623975	11468.723390334544
-1219.0418817153761	0.40908879181195285	0.5730970115677829	0.1861759816785355	1.477197720687844	0.6631349595587503	0.015836886177010994	11469.952139372583
-1219.047927512644	0.41111035971470544	0.5715210546749022	0.1837363516988527	1.4260643783226512	0.6627738509206095	0.0158090040859591	11468.58810020983
-1219.507667598899	0.40825312045325934	0.5749116306046061	0.18332811389369585	1.4674234410121205	0.6232036813550219	0.015772793772431903	11468.091173253035
-1221.065593329893	0.41279784739523784	0.5734737608694588	0.1774783237050966	1.3524578698102814	0.5979112743846087	0.015752421395418482	11457.538268008388
-1218.9220665378152	0.41199251110252316	0.5722475766663956	0.1859355150946855	1.4360680436229942	0.6786471977400655	0.01590389158947387	11461.0002034935
-1219.3326285039857	0.41535995307127604	0.5698681738908862	0.18424577720238824	1.3732586842292798	0.6952365266423266	0.015881057473299317	11456.74168790007
-1220.8510560039517	0.41822813239880785	0.5662874495596864	0.18032707413457133	1.292211070728599	0.6994561248628017	0.015801236646950257	11460.351950626113
-1219.6350108631125	0.4154822385708005	0.570489082799886	0.18222169294962534	1.355557543537866	0.6734617360010813	0.01585830453345089	11454.980829810433
-1220.871806931953	0.4202723544221086	0.5676277719854779	0.18258110096518754	1.2923495509203975	0.7165962109034494	0.015929580356785687	11445.697696151532
-1219.0105369897356	0.41048851411747844	0.5742397936602195	0.1879770179108079	1.4789552305857774	0.6718043849352753	0.01588077677263459	11458.686129535477
-1221.4738806654645	0.42183897327877334	0.5657213145575384	0.18373362627440162	1.2790951961944381	0.7463368687282045	0.015946245317786854	11445.770734225796
-1219.4070925947765	0.4140337321711423	0.5689544849829045	0.1824203922982998	1.3705705800738428	0.681790089531391	0.015800250654867003	11466.658667665663
-1219.2216278713136	0.412749485859505	0.5684012424599908	0.18288410950161002	1.3889948547309308	0.6853944177479535	0.015759393539434854	11473.886178322346
-1218.9192988159398	0.4123513240401154	0.5716000123145747	0.18630183373400272	1.4332557990621217	0.6870026805273829	0.015890644157501663	11461.726377395602
-1218.9165441638102	0.41184921554710135	0.5734250570052202	0.1869372052190916	1.4497647111262797	0.6771676682103067	0.01593838256709071	11456.618022988503
-1219.7260243228711	0.41678253439264923	0.5706681409809086	0.18302551032454423	1.3469695854379695	0.6837142757508758	0.015885911812219787	11448.457432777455
-1219.130160013503	0.41234957416699114	0.5728322613117802	0.18379701404838644	1.4146995585006705	0.657730825810659	0.01587077239968748	11458.422427708887
-1219.1837686681934	0.41214603571069525	0.5705442232588984	0.1827221664340617	1.4011536602142147	0.6653916143480175	0.015809913824467618	11468.423898890642
-1219.835307988857	0.4174792461941297	0.5688838655576958	0.1836579779472472	1.3395358685602468	0.7056132159518671	0.01590711772568434	11451.943184899415
-1219.4109437650409	0.414222852816717	0.57089576597942	0.18251608261614716	1.3752911043952467	0.6670912096408969	0.015812100726490946	11458.506068447134
-1218.9270790093053	0.41190084305218433	0.5739291275027977	0.1878481122966792	1.4586958778612193	0.6805290247664336	0.015968828960376318	11453.993648476022
-1221.2330742562037	0.4070145017480602	0.5808385792489644	0.1818476942565308	1.4883240431492935	0.5640505700523194	0.015978967289209764	11452.06888009433
-1218.9507663186232	0.4135461689791012	0.5720330126467272	0.18680154151887246	1.4240566871911746	0.6926534572770395	0.015946071482804032	11454.794038518598
-1221.6886310416967	0.4179430243314813	0.5701067947841193	0.17755249606334633	1.2785690077205762	0.6449811488066335	0.01580897974935531	11448.89133482118
-1221.233660152718	0.4194103622917455	0.5653027508662115	0.1807007118721545	1.278455099759811	0.71438230031727	0.015736873067244736	11458.970660120427
-1219.9620205059227	0.41634535237994597	0.5667521175348513	0.18222439776652988	1.3336866882229081	0.7054639344200375	0.01577029129448349	11465.411820154031
-1220.1762847067203	0.41793725429463824	0.5672595426057061	0.18294786398825813	1.322866551643803	0.7138929097699669	0.01588219382352476	11456.536072493338
-1219.0705674873975	0.4107699259675172	0.5747407973570999	0.1855427039505106	1.4552809301960707	0.6521713064628865	0.015918102261863572	11456.962709296615
-1221.0263864328067	0.41902743027964723	0.5653835638798955	0.1811027878623676	1.2866514813060164	0.7168427518844231	0.015792806540073888	11460.058127688491
-1219.4554529690915	0.4151412104719324	0.5687678945739564	0.18327693540506124	1.3641630781292688	0.6946580102612601	0.015834023201037578	11462.304929930711
-1219.0519277089488	0.4118066028356427	0.5724057718909303	0.1841371753658481	1.422950078954678	0.6620497350101316	0.015886425179162146	11462.127489784763
-1219.0372235608866	0.41052431614713614	0.5743553362318998	0.18576916530996634	1.458893904889664	0.6559270884391656	0.015883673363286048	11459.327636181895
-1219.757342478587	0.4128351611927463	0.5689391490926515	0.17993927372995247	1.3617017269089449	0.656435677622423	0.015714653102617278	11472.95383743923
-1220.2237798809113	0.4184911750088332	0.5688692842035041	0.18276775028805933	1.3187011585272077	0.7017406214690406	0.015904250852953775	11448.29810769147
-1219.076319992068	0.41360070107597713	0.5693256842515697	0.18598308894961463	1.4088385905964529	0.707285936979385	0.015863350841350536	11465.269705558238
-1219.114058251119	0.4114436695423393	0.575183347788776	0.1905761821523169	1.490286212116089	0.6907506533151943	0.016042477666678517	11449.68109074903
-1222.7643156570512	0.42208827054340714	0.5654462552298322	0.17892534485030015	1.229657174217038	0.7079415343445117	0.01580256526368716	11448.470164779374
-1220.3540503886088	0.41489640910440506	0.5729729281477545	0.1797589047406594	1.3463220686262196	0.6306776605366423	0.015846143518107363	11449.52542210194
-1219.0056013077008	0.4114939059285402	0.5717203997647196	0.18430786466944468	1.4270564810186988	0.667069891019984	0.01585137156823317	11465.925058470173
-1218.9935092934738	0.41084351909190664	0.5718665527759131	0.1844550600769149	1.4367655245180053	0.6650659408995708	0.015832784993466343	11468.04548975802
-1219.009883431366	0.4131181174066134	0.5710522730629378	0.1849975830466254	1.4109073619816852	0.6841158987229029	0.015864879491019484	11461.265626618559
-1220.0435643528945	0.41791247709206686	0.5686393098384551	0.18302291296457202	1.3277673614874494	0.7033702974335143	0.015880999680793022	11451.404286058107
-1218.955682189207	0.4127981905863167	0.5711269935921398	0.18573467969924107	1.4214733290723953	0.6883288372171379	0.015876463254389017	11461.943879416023
-1218.9505862376311	0.41185335971454273	0.5700221883216342	0.18621357381553702	1.4341401329917676	0.6968123255073022	0.015850724972815828	11469.85346029235
-1219.1166707565767	0.4133292335077937	0.570253285403172	0.18396352215387823	1.397120459157161	0.6822117844738219	0.015861926461545533	11463.925597063193
-1220.662901379777	0.4171648040376741	0.5669270728508379	0.17984036556121769	1.3012823495127446	0.6871012470816047	0.015656835954265123	11462.611608600335
-1220.394114809722	0.41933617946266577	0.5689075777678666	0.1830332634596117	1.3113321126271182	0.7067170900838431	0.01593815868018575	11444.518663002678
-1222.1011793489101	0.4015737815109548	0.5812154480816142	0.18550337807279668	1.5903822599202422	0.569885822407813	0.015806665653124725	11471.776278082114
-1223.2213136774867	0.42159826771274955	0.5655281599439064	0.17732974938486623	1.2185648502447668	0.6919016272349263	0.015805511500806356	11451.023399544512
-1219.6958093002308	0.4170933188433116	0.5692181878778244	0.18400117139231764	1.347888517059415	0.7046072681407216	0.015922788269750743	11452.102996197362
-1220.0613108431803	0.4095136493976547	0.5764204601582181	0.18141077135380035	1.4388269012226167	0.6003115618708784	0.015865579166037376	11458.184082115642
-1222.089803126436	0.40501156577421776	0.5802405554829958	0.18001456883184533	1.4944434780822622	0.5430598653164581	0.015793246614059914	11463.640919225172
-1223.1004583802064	0.42061595464539536	0.5650565009036279	0.1766604334339444	1.2227930901439839	0.6866743167409672	0.015820657785452687	11457.162097227543
-1218.9444147584686	0.41321843125337315	0.5716031589901346	0.18661542191555897	1.4254771532990083	0.692688674489977	0.015907136595260638	11457.890554370075
-1219.0265844231772	0.40974513773766175	0.573931170143897	0.18654054128206402	1.4742932103630215	0.66242309667091	0.015893366223513616	11463.82359814537
-1219.8884930527943	0.41707339236491164	0.5663974886880409	0.1861400089487246	1.3592289731238503	0.7437117568646351	0.015862546990293755	11461.717777699885
-1219.030493873082	0.41240680884201697	0.5697250539705414	0.1843597994615436	1.4104034919925994	0.6861536354467126	0.01581490349868614	11469.59323801241
-1219.614235234517	0.40843121687269	0.5723088774226242	0.18091590757539838	1.437285446201304	0.6221996674817738	0.015701333833950407	11478.261375829288
-1223.0421865431003	0.4227112075287787	0.5636757966343748	0.17969786840377508	1.2243620970197067	0.731095583579671	0.01581117663928635	11452.103446874266
-1222.2236133960685	0.422485162984213	0.5625750587388968	0.18573763013325562	1.2814344859746432	0.7886836252622162	0.01589544978812078	11453.890631579834
-1219.617533791676	0.4149858075890222	0.5674946606682324	0.18240474543735044	1.354248486972637	0.6966464735234713	0.015776640882740577	11468.196000067723
-1219.117632458852	0.414059292602685	0.5719496758545881	0.18455514600979783	1.3980416733640983	0.6767500663652782	0.015900559709662445	11454.16758389515
-1219.7363487122789	0.41624226490036065	0.568089813238088	0.18287382583714223	1.3453016676467195	0.700143770754958	0.015871916513612715	11460.473300345662
-1219.73832544222	0.4166309673443571	0.5692102443913263	0.18297167702483982	1.344551444299806	0.6940345214041244	0.01589415832975488	11454.605171093173
-1219.1519531327779	0.4142445102618141	0.5698833715610665	0.1847279382874101	1.3913197614493187	0.6950459562507177	0.01587877456034626	11461.09596109209
-1221.0015510187595	0.4188554178619773	0.566663160021689	0.18041329081577048	1.286040014215451	0.6999083251664634	0.015814988790285665	11456.333228671818
-1219.4638800125638	0.4143146735179395	0.5687274645358701	0.18235548497255963	1.3655733003114099	0.6843813580800027	0.015802109441599637	11466.382265770495
-1429.7033881893888	0.4001955821830085	0.5065701380779382	0.1088513857803419	0.020397318015607648	0.050308676255523314	0.0125101031529211	11734.650693030771
-1219.3257889517636	0.41020301031701667	0.5763414451915948	0.1848762706677268	1.4605011115152333	0.6330384422199377	0.01589590645054703	11453.711518253935
-1218.9120184605852	0.4122026883907713	0.5717546703568214	0.18681524162801996	1.440016095637986	0.6900366610767713	0.01590756887621971	11461.51553254839
-1218.9344519009842	0.41125816158990963	0.573431083732071	0.1864874375056301	1.453267634154739	0.6713865877713824	0.01591211542507274	11459.334719296554
-1219.1220421967382	0.4130846688802944	0.5692060276172333	0.18396952028993832	1.397057798464679	0.6898431528951434	0.015819642339518325	11468.912896905542
-1219.8069273649235	0.416809611421855	0.5694887752602175	0.18276843480882515	1.3406541047509144	0.6915186093740611	0.015882595371846536	11452.942468910489
-1219.829141018165	0.41452711347382165	0.5679440317776948	0.1806708622944155	1.3451091096689274	0.6764929080695808	0.01575459267083388	11469.282266426311
-1219.1662428665975	0.4139982763253	0.569848202799426	0.18421411259006476	1.3897842845016561	0.6900196794337731	0.01585205926104372	11462.524537674983
-1219.9665020575053	0.41781404256276267	0.5681494005942871	0.18371636252834317	1.333673218504581	0.7130714872439851	0.01587901345164242	11453.286608310716
-1219.5007752852325	0.4161175370312705	0.5700951398441415	0.1838248647971228	1.3601077538906168	0.69424197166229	0.015898066082592945	11452.99313493835
-1219.1729446485278	0.41111569491763467	0.5744672081074773	0.18425769560876729	1.4382941977919266	0.644842309714922	0.015919775139214262	11457.222715967013
-1218.9275710546394	0.41241665869180966	0.5732685905398086	0.18638947577865345	1.437925524060756	0.6759811607962924	0.015944124785277073	11455.10769990854
-1219.0858359221825	0.4108909287455843	0.5732914007845895	0.18426116193195252	1.4382866544002646	0.6524935053208079	0.01584998136994071	11462.5700844385
-1220.3945613322003	0.4190628249185957	0.566399719268324	0.18458345591747874	1.3219793992099553	0.7380930598893087	0.015975765262567037	11454.227881409159
-1219.1109365321472	0.4140260740320427	0.5701810525089562	0.18485101120094602	1.3958092540727853	0.6926068893089802	0.015878005961427154	11460.814250339283
-1219.3421553072515	0.40916187109812724	0.5764219668696737	0.1856752039067377	1.481160753044505	0.63481900538969	0.015901977324682442	11457.36219842901
-1227.7051876234923	0.4010864012111306	0.5813941629340622	0.17236451907499323	1.4737831752540484	0.4491468622844419	0.015448140651316434	11479.664451808108
-1218.9826071316252	0.41060719284771935	0.574286545055957	0.18714572498770443	1.4695195336997695	0.6677945140730931	0.015929149143890774	11458.504956909617
-1220.8769220922113	0.4196692224144585	0.5690657931740966	0.18123063765350786	1.2912555328259205	0.6920006013625949	0.01600188770933924	11443.606008954415
-1218.918885525339	0.4114440780977751	0.5721322227627742	0.18615239582081908	1.4451443152864734	0.6770706807251169	0.01578582306273376	11463.590746342423
-1218.9814576653557	0.410592758304865	0.5742430061393481	0.18712527029196646	1.46968999304423	0.6680817969671828	0.01593320723447619	11458.746737055435
-1220.2096167500904	0.41768699638894147	0.5683591397246394	0.18191597739309642	1.3193675241963014	0.6951930098305222	0.015853087579218484	11453.988452810676
-1219.1533535133958	0.41103731560219076	0.574184519174157	0.18422183903965578	1.4385700150978467	0.646307403322933	0.015881564031468464	11458.629683418934
-1219.268708686742	0.4113794051916616	0.5743222167758845	0.1834779970841184	1.4280336517944396	0.6404661729992333	0.015858477215331956	11457.079930009333
-1219.3499391209648	0.41336751462225924	0.5687099506508916	0.18232971156562094	1.3767572817373557	0.6808338221706692	0.01577247645166917	11470.41356007854
-1219.0915771042214	0.4104066178397888	0.569673323064237	0.18284154719872245	1.4221430047134183	0.6660745366975288	0.015736284330946596	11478.939344253346
-1223.0901531762106	0.42236932893658713	0.5653437222042762	0.17857045405192315	1.2208714840647075	0.707611833760646	0.0158355758381478	11447.935512844855
-1222.0509045458632	0.4019877404336178	0.5817905223631189	0.18602107538204513	1.5911190170629346	0.5720583521839863	0.015893605843207054	11467.564123096367
-1219.3500494698956	0.41263402363979407	0.568311776251237	0.1818337781350509	1.3805284015075954	0.6766996285459288	0.01573976204680538	11475.214948945275
-1222.3850937892837	0.4082438700541291	0.5785626669496111	0.17694146329615443	1.418658958997621	0.5407273125113554	0.015839362925956155	11458.021192750864
-1219.1754293206093	0.41150612957034194	0.5706077852276424	0.1825635119812852	1.4078382769913997	0.6613457704749461	0.015802035941768933	11470.95011384508
-1219.9350854557983	0.4164404969956499	0.5673832074389683	0.18214698385243833	1.3341912732280163	0.7001242183796602	0.01580346563020923	11462.684630340935
-1218.9871798345416	0.4118999729077298	0.5733043439375084	0.18927809458445877	1.4688043807973141	0.6961886852291201	0.01595959206841225	11455.594211038895
-1230.3303083319156	0.39669920394368663	0.5832896586676729	0.17257676788028126	1.5414721601712036	0.4190873148707777	0.015500488559795427	11490.929249047904
-1219.0047352646588	0.412387063441111	0.5704300589718664	0.18456236506437748	1.414256353828308	0.6825464550441069	0.01583474878266396	11466.913395550677
-1219.056981807534	0.41141700787275026	0.5743057501494176	0.1851224512397166	1.4423609951865342	0.6544019916306051	0.015953769454484405	11456.098912098438
-1224.7262352101238	0.40267318098342775	0.5812606838223553	0.1762846447579518	1.4919870087759544	0.4927927644362459	0.01565261668086649	11471.599895972395
-1219.7461331348977	0.4174466547941229	0.5691295411197251	0.18429137482376012	1.3457629830854918	0.7091940336515332	0.015887342286415727	11450.81400798051
-1219.4284886617156	0.4144857797304862	0.5715326221649173	0.182698981756571	1.3739126219391384	0.6666382857884252	0.0158856106004068	11454.975253349654
-1219.226758442197	0.4148907529335971	0.5708438274336162	0.18437896796149872	1.3831090405660997	0.6867687918858613	0.01589102015907374	11454.94695708237
-1224.2111727111815	0.41842108938342726	0.5660502658769568	0.17288270034364295	1.2149024538582636	0.6322267799539291	0.01556980850527321	11464.279215907598
-1219.1672615851128	0.40995857317458484	0.5733589775415657	0.18404750143613552	1.450836350058022	0.644373516772662	0.015819470470325652	11466.301036624398
-1219.2264037961236	0.409586414643627	0.5745598408179292	0.18437486800227718	1.4591009801505028	0.63939002251927	0.015862797009374652	11463.246415619766
-1219.1828128335533	0.411138306943999	0.5716855725760784	0.18275213453702008	1.417366216751073	0.6530959825500346	0.01582260540507864	11468.339764551245
-1219.0294666688567	0.4136411444873402	0.5708186712489678	0.18805696791156695	1.430501150311008	0.7122101557494459	0.01600000038506143	11458.33490220948
-1218.9819413950704	0.41285471385651706	0.5703902294670201	0.1855743775484962	1.4173301559818894	0.6931022103637129	0.0158894249543175	11464.58431584299
-1226.3011325388413	0.4254705634779188	0.5622537087277325	0.17587362149420455	1.148629604714268	0.7189830121909904	0.01581361449344458	11448.371837678185
-1219.0186000015628	0.41191357487432373	0.5724823760858702	0.18451418331745886	1.425462190489683	0.6648420829826316	0.01586160377547142	11461.189464024565
-1218.9779032200777	0.4095044795170706	0.5717663970038854	0.18544022002009183	1.4615055357030666	0.6691208725044397	0.015786755384451064	11473.60219735454
-1221.6351397187718	0.42025652906629596	0.5653941172884596	0.1803450886623854	1.264577498325436	0.7160551150912184	0.015818328224222182	11455.379786638763
-1219.759587437174	0.4077162707498258	0.5739903893244934	0.18152940452726637	1.4556843366199752	0.61243196853737	0.015761763499484726	11474.64677303061
-1218.9582974351954	0.4124202100221432	0.5726081220169338	0.18545814915190084	1.4289961108103235	0.6731716965441715	0.015971963706999673	11458.07973453331
-1218.9590222344216	0.4129616232418185	0.5712011165049028	0.18585621087940174	1.4205462767317854	0.6895399112439412	0.01591466642421839	11460.915681206792
-1220.2824875044098	0.4183561951012988	0.5684076309351693	0.18240328386550264	1.3158425271206602	0.7015735615276801	0.015868114436702142	11450.781798208809
-1218.9195748876741	0.41181348232751985	0.5724910056852708	0.18606129563718238	1.4404795864585065	0.6768450842187334	0.0159046192906204	11460.76246111659
-1218.9095498295926	0.41215023223669217	0.5731100538387041	0.1869008373032404	1.4447101856928277	0.6809651411448757	0.015955137874584108	11456.57169257574
-1219.1128422258766	0.4113867665844508	0.5737103438999605	0.18423216078609309	1.4330735113219815	0.6511235450372848	0.015860692712372827	11458.932673064786
-1228.3052678659517	0.41517478160126475	0.5710016727891378	0.1674523493982949	1.2064579886703692	0.5311211966717905	0.015645663311301114	11462.362587632386
-1219.4045316462361	0.41512108270209297	0.5691049634777714	0.18351319718509032	1.3678462926738961	0.6939550259065325	0.01585738709436729	11460.996389159627
-1220.3983686467789	0.4162762545478233	0.56903698838479	0.17980133605246557	1.3182317227945197	0.6661941022983867	0.015739427277425378	11458.407188177607
-1220.5633031014377	0.416827823104387	0.56848992333951	0.17965864540013066	1.3081399644796041	0.6741845114514138	0.015809283730543765	11458.32176091069
-1219.42706369376	0.4101184590364159	0.5738798397133019	0.18231853742898885	1.4316476464621783	0.630392295589861	0.015892638180625144	11464.652071126047
-1219.372273251518	0.40877924509467095	0.57554480994083	0.1845642717726055	1.4738340016151819	0.6312158218384325	0.015899053294777452	11462.870535743117
-1219.6515956399376	0.4111242848941883	0.574469107589017	0.18167172256609135	1.4147404733421656	0.6230603303955233	0.015857358050755714	11458.568647540873
-1218.9376295435509	0.41347258209958304	0.5724312830861397	0.18697358203541709	1.4280908533812477	0.6907258965755011	0.01598522001097564	11453.503463932137
-1218.9206085287553	0.4114740785072825	0.5726279595011081	0.18611476509209796	1.4454419029833858	0.6751735070935379	0.01589178180917676	11461.654147829648
-1219.6303456830587	0.41645395729313206	0.5691413715788586	0.18352868057595798	1.3513835549241486	0.6984685560141816	0.015889935596052444	11455.295183753104
-1219.0486893413042	0.4115024116457055	0.5713325305950702	0.18375444902829077	1.4204956122378285	0.6657441200771421	0.01583749574442571	11467.637916373162
-1218.9849983773784	0.4106825002444708	0.57408085666994	0.1882231879465708	1.477048604375929	0.67857234568322	0.015957501721434557	11458.403167422905
-1219.0167185392286	0.41044120059542416	0.5746919936171936	0.18695264508787096	1.4710444332160348	0.6624857367642732	0.015929418676762792	11457.775633563744
-1219.038048580937	0.4131975344404104	0.5711125840053671	0.1846076915832763	1.4085601647843755	0.6786550739714122	0.01585650578330978	11460.855506071344
-1219.4038333398566	0.4143644087257471	0.5688302365989976	0.18276874967395862	1.3698530128535238	0.6864205202909164	0.015840371314022796	11465.52547976238
-1219.799236164844	0.4177465266874271	0.5684175105288399	0.1849371722517003	1.346483517593824	0.720339875703522	0.015914170581826072	11451.878906452084
-1219.011678097907	0.41384369288040945	0.5707200797034835	0.18575462285059863	1.4106039337578284	0.6929119703256881	0.015960810057567578	11459.012344050481
-1220.1978308420234	0.4184071601558023	0.5692431816512713	0.18259955643502782	1.3199131423631596	0.6968965392769917	0.015913047956611415	11447.334234548394
-1218.9729933525032	0.4115043793821775	0.5692573475647834	0.18539743295619315	1.4294570728909533	0.6950384645460529	0.01578374530088416	11474.670150566375
-1219.8139393245856	0.40997594164752776	0.5771947679446379	0.18293338950068266	1.4487210309945828	0.6090627023800431	0.01590936320061645	11452.541352258912
-1218.9454503853453	0.4126279583503028	0.5707429593278692	0.18632254979203836	1.4277220230023533	0.6949496161167115	0.015891361520127403	11463.803443044722
-1218.9140910973813	0.4121021807625963	0.5715228043080387	0.18678277254074907	1.4402656724136305	0.6910218460096298	0.01589994078837772	11462.83420496627
-1219.283161148992	0.4140362025568364	0.5704511811914335	0.18315524952017692	1.3814532553724803	0.6763244006639217	0.01582483281687589	11460.63946499382
-1220.5167527549397	0.41914539063241374	0.565468833246151	0.18617520396298187	1.3321478815792753	0.7581390171512368	0.01589204038920981	11456.555321174046
-1219.8104393773042	0.4158807646842339	0.5684266840053311	0.18190596461432942	1.3415075503443403	0.6881371881918101	0.015805658867542583	11461.215174933064
-1222.7432360842618	0.4224868634331572	0.561886589955018	0.18221043097576958	1.2459153238919611	0.7663360897329675	0.015825023711130957	11458.401404934397
-1219.0401390446157	0.41400859632347276	0.5705247656701291	0.1860899219084645	1.4080024606373704	0.7000381375942438	0.015922783495467333	11458.936924480851
-1219.5451620467918	0.41343478348079854	0.5695962882453628	0.18122012153484163	1.3686103060101649	0.6645171115079366	0.015761751453006328	11467.358762225293
-1219.437963378943	0.4099548174908059	0.5761668921018813	0.18406578247179872	1.456092630149173	0.6262538070899282	0.015884742831815485	11455.841620788951
-1219.0539862259056	0.41200987464677763	0.5711465558040503	0.183823516139259	1.414530076957171	0.6693625746735972	0.01586937481847221	11466.164924894894
-1219.0719795731125	0.4106310078390085	0.571963190528678	0.18365686279923024	1.4321403665244747	0.657349214406853	0.015770075928390647	11468.987609567384
-1219.2359897732047	0.40999758450728224	0.5737716959898985	0.18352350292072797	1.444058168068632	0.6396875952297875	0.015816346462015633	11464.913417578606
-1218.9147002050802	0.41192869138485405	0.5713506556748603	0.1863510381811426	1.438240174200489	0.6883901788512291	0.015885120420313398	11464.447904419954
-1218.9260419960915	0.41139034787330286	0.5734796595021443	0.18689871567912766	1.455423824830717	0.6746375123031917	0.015926350969976993	11458.370254994128
-1220.1718051566752	0.4176218005921866	0.566824269883799	0.18280393948786877	1.323956500788605	0.7158797014057036	0.015827848583498092	11459.579705500193
-1218.989582771417	0.41174011704032554	0.5724023476384156	0.18898677006555065	1.4657956435065795	0.700495287749629	0.015960183192498152	11459.877344960847
-1219.1940617474388	0.4148845490042387	0.571279677101171	0.18462293035307542	1.3866979329282558	0.685718798835677	0.015991169378316385	11453.207676527367
-1219.164418874661	0.4138471441275079	0.5696630945494423	0.18413947736107777	1.3903535483650236	0.6903261809850799	0.015893443809634995	11463.896136998253
-1219.418021823527	0.4160993505592363	0.5694286149864486	0.18489493370206433	1.3684497201250405	0.706899149923163	0.015926946321757493	11454.969156113113
-1218.9924547502765	0.41145303205771866	0.571646788490268	0.1885826933071405	1.4636195926398934	0.7025383650147391	0.015927747931621345	11464.20441520507
-1218.9704895156751	0.41329121512384864	0.5708723932978721	0.18678884695217934	1.4241467972329946	0.7002522201519632	0.015901142013514096	11460.271565306892
-1219.8463142751639	0.4148855129208183	0.5667420723341258	0.1811423612827459	1.3418202454137236	0.6910057983303609	0.015740237703949552	11472.040857834454
-1219.663061520349	0.4070533636915834	0.5767789511198356	0.1856537016045848	1.508274851238196	0.6246534068616814	0.015751115191568788	11464.97957056259
-1219.161471280277	0.4109234969867865	0.5745248315604193	0.18442420182343378	1.4425117548136341	0.6450366352890375	0.015907235052802764	11457.716462828475
-1219.2038806386356	0.40958886810712664	0.5752128855335608	0.18522756243643726	1.4685580318010063	0.6418881978233567	0.015880573358569162	11460.343645975452
-1218.9665263822276	0.41235617647285466	0.5709751365659096	0.18505629911354995	1.4212916348955082	0.6819121403028887	0.015883600617511144	11464.721560048989
-1219.0905475999991	0.4134906746450112	0.5708719007164803	0.18433732231332473	1.3997132545438813	0.6821334434671449	0.015875086627975696	11460.745260770815
-1219.0986915930341	0.4139693204367337	0.5695094634388252	0.18556674650126276	1.4012344203796632	0.7031358357549218	0.015880712649231934	11463.215232991592
-1222.6157866544377	0.42286225030649055	0.5653818471822438	0.18052353898143345	1.2353738783934536	0.7257331423219252	0.01588939903778085	11444.674010218156
-1219.9594501952292	0.41750551713787654	0.5664691327425991	0.18643727001422566	1.3571162391726228	0.7467922626182485	0.015900291534304452	11459.476496975223
-1220.4114476567129	0.4102966104254983	0.575044762150132	0.179379729445804	1.40495332717341	0.5959671982161092	0.015730833736600097	11461.106959927123
-1218.9634298178066	0.4107692136511684	0.5728835832087651	0.1881651603638065	1.4721957494570024	0.6867714154785715	0.015924084544925467	11462.601774254308
-1218.9400442840838	0.41226038832183665	0.5708675349009309	0.18569373880073872	1.4271670780507892	0.6878267140313485	0.015870740969725478	11465.211600952247
-1219.156285700588	0.41336029595010065	0.5682113055976546	0.18468370339700835	1.3971022898675216	0.7041135666790286	0.015809774891196945	11471.15890082207
-1221.0790621146834	0.41975621567624	0.5691212752903169	0.1805983439870576	1.2846842100719813	0.6848852080536374	0.015973720404785327	11443.36855222527
-1220.1862399915253	0.4161906760448035	0.5667998424857553	0.18074787165102918	1.3224937926657052	0.6920621674505465	0.015819586635202	11466.623722563367
-1220.2620296785947	0.4075180910787075	0.5793607163050704	0.18396206565310894	1.4949531119947073	0.594340486922362	0.015910742452830685	11454.27453092183
-1220.0000920026412	0.4073190893871939	0.5782373270891472	0.18463237677371505	1.5003702492157294	0.6054970984070155	0.015860601978051937	11458.899150208414
-1219.027401514177	0.41380887617550743	0.570508823725671	0.18592800915236127	1.4092240983616846	0.6980070855108144	0.01588578433123855	11459.920109657403
-1219.3844168784162	0.4115870988777384	0.5735685157396352	0.1824402798454884	1.4142648926574033	0.6380428094707291	0.0158775273601953	11459.58149515123
-1219.1113458496875	0.414274470068865	0.5695575418379708	0.18608380380809617	1.4026754285939784	0.7081295420264028	0.015898319028559437	11461.483643594851
-1399.201141229077	0.403956632256288	0.5186940447595799	0.11406867732550148	0.1601328143061428	0.07785801832176643	0.012279423444394998	11685.780496853526
-1218.9387513142528	0.4127139081497504	0.571341338897369	0.18727558434574998	1.4364774722836247	0.6986752803039328	0.01591828791419408	11460.681035760927
-1219.1111914939659	0.4140576290177656	0.5693133957137542	0.186336189366128	1.4061509742808231	0.7112386432209364	0.0159007393412946	11463.193570765638
-1219.339862700344	0.4151835530732041	0.5690168770531435	0.18854486784304958	1.4108847836644818	0.7351426797401835	0.015952350884559388	11458.420422649238
-1218.9117721129219	0.41158036587571223	0.5726961512754996	0.1865039316711619	1.4477738326943783	0.6783601111299475	0.015907367768272618	11460.747154178933
-1220.6724172978181	0.40540220325641957	0.5797827857796682	0.1848630610136243	1.5309524589627244	0.5891003746442104	0.015879207450031952	11461.124167782511
-1219.1097553861318	0.4129754566062075	0.5687554822282123	0.1843081946832129	1.3999411524570022	0.6955423696903386	0.015803258616169345	11470.903755596188
-1218.9821252705847	0.4109980563170849	0.5739375218819568	0.1861390164978324	1.4531869180189656	0.6635803825258622	0.015924633276946803	11458.66800069843
-1218.9342016554483	0.4118224952382165	0.5730189141466299	0.18598484588567393	1.4410660278928584	0.6722649284193513	0.015892803983302197	11458.769518862688
-1219.5295153707193	0.4166731194766416	0.568661385046556	0.18613140192749733	1.370051594424496	0.7253813737422822	0.01593572377311114	11454.815225318216
-1219.6471598524445	0.4169963721459851	0.5690478473788073	0.18425642467107686	1.3514534145412853	0.7065221445051421	0.01589809659357215	11452.979805465782
-1221.3369346465222	0.41943209245646357	0.5674928951462564	0.17969485458087103	1.2744950952605012	0.6901531849219923	0.01583610234596167	11451.292311754127
-1219.5243701157453	0.4144398405335899	0.5680514306896652	0.1822249170689756	1.3610836006909677	0.6887181231451935	0.015771954531822185	11468.462701038357
-1221.9953644945138	0.4016395036977955	0.5817090712244071	0.1880647187365954	1.611246168576827	0.5881574090842702	0.015879282444492493	11468.362296535068
-1219.0908215861123	0.4095673829152023	0.5742160264316012	0.18570264284717364	1.4701802897911604	0.6524863903347676	0.015901154869245863	11463.92584331548
-1218.9169882180418	0.4115775263363843	0.5733053784088898	0.18706640956164206	1.4540854042075864	0.6780074426166742	0.01594836472429614	11458.146640772527
-1219.3139206105463	0.4126223689159852	0.5673978671100468	0.18230898378153698	1.3824375699651277	0.6878630150380478	0.01571486392194652	11478.483643207763
-1221.1684927652527	0.42122650296375547	0.5657332553692554	0.18455263135101105	1.293571750874539	0.7501005658728054	0.01586549607317196	11447.75679352698
-1221.1893697877094	0.41987317588357764	0.5689628162346468	0.18042017266148888	1.2804244890636838	0.6857983851005955	0.01589450319670649	11443.602155970868
-1218.977425776413	0.4117405965695926	0.5736262416034065	0.18910319124586905	1.4701714299745017	0.6922193033960861	0.0159897239080708	11455.150170108203
-1225.68030045272	0.4244089769562674	0.562156121761939	0.17578444734215087	1.1612757741983706	0.714086474052119	0.01583579529831945	11452.972233743198
-1218.9849742512756	0.41039131854838357	0.5736768478751785	0.1861212615749789	1.461505362616554	0.6634484019530613	0.01589626833336376	11462.266521386127
-1218.985255617826	0.4136592067041331	0.5720521136979588	0.18589312489301119	1.4148786232863575	0.6854601093904009	0.01591727166892891	11454.73360563483
-1218.9131174477136	0.41128190380975294	0.5725702164011063	0.18663214475859138	1.452133515211984	0.6787821529387843	0.015907495356693762	11462.409181578807
-1219.2885589225557	0.4159169796357694	0.5709604279723527	0.18512987546119747	1.3774869812257151	0.6957409301112237	0.015970211258899917	11449.81114219133
-1219.170852846192	0.414274340514201	0.570317452759278	0.1843269147952432	1.388923150743303	0.6885738374311998	0.015904036176632632	11459.544996373452
-1218.9416043161023	0.4121372946400574	0.5730173522411578	0.18854115047314754	1.4585940240434685	0.6937129708290574	0.015993180503969976	11456.068076081114
-1219.1917995055574	0.410289434052691	0.575915823481548	0.19022215886356078	1.5035593920907877	0.6789487733035989	0.016031503217018097	11452.023671684517
-1220.5265190383916	0.41849433252299884	0.5677167567276323	0.18163289354430195	1.3049227206814782	0.7012759216939535	0.015826222056703084	11453.230599999177
-1220.0163088464217	0.41702517721493443	0.5697730931081316	0.1818682016787578	1.3307034361890342	0.6822534466788542	0.015853071255555417	11451.481419470309
-1218.9116942092758	0.41141582104323604	0.5724364955773136	0.1864274943919961	1.4483795636618846	0.6787671842789975	0.015907293123068326	11462.458719930102
-1219.0119089043155	0.41256734800129796	0.5742794371262632	0.1899501435911171	1.4688778376680482	0.6967755551695279	0.016057894528257486	11448.684464183969
-1219.0166912199	0.4133640165745945	0.5716911318936242	0.18505526917474752	1.4104831847083932	0.6806831016783075	0.01588947351441134	11457.794135693111
-1219.7034642930466	0.41480210517854815	0.5679654163443021	0.18151880337204812	1.3498136896799238	0.6848998429944871	0.0157391245342645	11467.640394598182
-1220.5132600720071	0.4176436369467019	0.5652244114584222	0.18974898166073745	1.380857905753333	0.7830101478849945	0.01595377995604599	11461.955533750766
-1219.0243573140467	0.41069942238533236	0.575173447424968	0.1870867639157665	1.4699717097099605	0.6614264375648248	0.015939569652910546	11454.801157131526
-1219.87982348737	0.4158648917416382	0.5678914030757028	0.18167314589078906	1.3376463325689851	0.6899768640157061	0.015793299231777663	11463.40833393747
-1219.0528114553224	0.4121144934230336	0.5712719733786047	0.18389183253013006	1.413985563537743	0.6696315507811889	0.015832920111832103	11465.225600584188
-1224.1526152637364	0.4246788052431469	0.5603919697228124	0.18198816224297823	1.214443137050741	0.7834615906765344	0.015816450551663596	11455.149527968513
-1219.7228479616956	0.41102434604712995	0.5732406069159064	0.18077642650688497	1.4051895669211623	0.6237711107216339	0.015756756320796803	11464.015415160013
-1218.9715848258884	0.41125395887835836	0.5712035326111575	0.18456138612610629	1.4305260498693968	0.6724806920902623	0.015820876492885202	11468.764027664727
-1219.1258263709913	0.4141043782371671	0.569170781572227	0.18569511944710532	1.4002482767829258	0.7071934598311211	0.01587233513098836	11463.86488029119
-1219.1098402977855	0.41408911720605374	0.5703327142622651	0.18485079334141707	1.3958176838887502	0.6916584099067588	0.015847181676141166	11459.976939976616
-1218.9198751426943	0.41223932925391843	0.5713784710132352	0.1868988432763764	1.439371332442971	0.6934454878519984	0.015902001024857	11462.739589390267
-1219.3722012913813	0.4139883151873269	0.5681480396921549	0.18287188788032058	1.372642281055153	0.6918604347105867	0.01579219503249211	11469.663660539663
-1222.3631943938663	0.4211857549265002	0.5659656933830025	0.17887367081194	1.2412039990277783	0.6996885912951856	0.015863705759435073	11450.228439310134
-1218.937137039489	0.412161827382356	0.5713333488071554	0.18554126672095528	1.4283485673579122	0.6826112742864905	0.015867735912915827	11463.940264924993
-1218.9504076931355	0.41231328721742	0.5711017119773275	0.18537290218933256	1.4242534643040905	0.6837655478782162	0.01586695387403406	11464.269539587349
-1219.2436553717273	0.409121325992014	0.575711393636152	0.1857829114915321	1.4803098611591763	0.6416319336770664	0.015875180955210125	11460.16596340216
-1218.940318431351	0.4129962095044424	0.5717205162465734	0.1874243898332034	1.4353403932392443	0.698544655310359	0.01590438418747639	11457.980586296002
-1221.6113625499822	0.41965312880600547	0.5658797404490808	0.17951502883632728	1.2645927266666965	0.7014845049634297	0.0157871243952268	11456.4781358075
-1219.1895032333387	0.4088840745777104	0.5753780796089651	0.18795043909082593	1.500484662093184	0.6607791500734567	0.015982622516652847	11461.296158403851
-1221.3223642321002	0.4179147027264339	0.5707335738401897	0.17846613843821366	1.288816875746809	0.6497207053803028	0.015866529990927775	11446.215185796085
