-1196.7117769770703	0.4516781606317347	0.6547065801322967	0.037939119108331046	0.19088369831800098	1.6554576486696206	0.7957890819710597	0.15225017820547032	0.17412343895762925	0.0184086195616394	11198.944882308897
-1196.612977303123	0.44764937168103175	0.6582551814033251	0.0019525369183001683	0.23193836083043123	1.703047081166493	0.7737556337827759	0.1513041310530064	0.17513708374426823	0.01844917174125324	11195.794417719524
-1196.686157850574	0.44872354395926334	0.6573931634723764	0.02928186220061678	0.2001654767505468	1.6836150813451114	0.7668315652869986	0.1513585645445321	0.17369312439189874	0.018370253666347456	11199.704763010921
-1196.5864564495537	0.4503135791803726	0.6563183555172697	0.011573044361413248	0.22125352825387307	1.667772984480454	0.7918750940632846	0.15163062903850735	0.176241146134707	0.018435714765336345	11195.066771447831
-1196.730127875565	0.4474604240033519	0.6585115750740803	0.0008268523887734818	0.2298311881274799	1.6838421451384231	0.7566027720942485	0.14737254501881503	0.17369054231039863	0.01832795589133987	11196.640797679613
-1196.587736666322	0.45042607284784886	0.6555665036084661	0.004816372824066762	0.2286491545907388	1.6663040041304966	0.7953062916928296	0.1507992925776741	0.17444306022895562	0.018455411586287038	11193.839597904178
-1196.645464958522	0.45125545205955025	0.6557288786606104	0.02736364616414906	0.20311111419172811	1.6591670318042155	0.7873582211962702	0.1527682346266423	0.17366982048555032	0.01842110607806518	11194.990537171347
-1196.702559130489	0.4504759517826146	0.6529046101765602	0.00877031991486751	0.22171044058507394	1.6417785772365614	0.7921943063960643	0.1465016508905973	0.1705160489468685	0.018358029425617366	11200.649446373602
-1196.6287187051798	0.44962913854094677	0.6578986808740005	0.034192054332431054	0.19733776681182905	1.6925247121313605	0.7840403613242051	0.15372743107352677	0.17659962669843218	0.018447616306996397	11195.343684331554
-1196.940889262864	0.45326345172163957	0.6523514223618054	0.013824008862608187	0.21482113947539735	1.6106458965134727	0.794638747069094	0.1500558823820244	0.17052887010444165	0.018357680234124166	11197.163656101271
-1196.6451178970365	0.4485847285031081	0.6594976801390185	0.029427216074767806	0.20332541611538657	1.70656321426069	0.7778304108091391	0.15405893100917376	0.1782464190010674	0.018446548226584793	11194.149019923027
-1196.6805838268613	0.4513615693583301	0.6541806065002315	0.010527017324771756	0.2221341783746668	1.647650993181316	0.8046039398305632	0.14897317414671415	0.17457340721257142	0.018438404573668785	11195.07362480881
-1196.6271899717517	0.44887981055845705	0.6592673668686206	0.017284437714473994	0.2165843470942867	1.7037094196456102	0.7735318396359792	0.1554071155848999	0.17591840121033453	0.0184799253347316	11191.144276923582
-1196.6168532205852	0.4511735104960228	0.655871682905528	0.012267843341221336	0.2202629341607328	1.6571206972199692	0.7937877413376129	0.15131029104309332	0.17503548049955459	0.018470527788189382	11192.314452809585
-1197.0138602593443	0.45375022981198276	0.6528875149155711	0.013297353996470345	0.21513700394497282	1.6036236792416059	0.794294914352288	0.14928830973667587	0.17146108866914975	0.018359609737748018	11194.203327511548
-1196.6748461056827	0.4517074465967776	0.6547528994461451	0.01926447881303423	0.21201116509017176	1.6461287260691904	0.7961126242529352	0.15063044660686234	0.17372909177157583	0.018422142673080042	11194.172519788191
-1196.6071536048935	0.4494247427771285	0.6574037291897374	0.01842140605326429	0.21307282686387718	1.6754803583474203	0.7771677258326473	0.15089977786262251	0.1754355740406462	0.018413889741113017	11195.509316534888
-1196.7243673099802	0.4511792779963103	0.6551086117800192	0.04278750658709167	0.1849552810109022	1.6652925053872936	0.790734345208726	0.15315515801596882	0.17422546586225082	0.018377924603020956	11201.61257496948
-1196.6146920405636	0.45122605745286465	0.6550750406985048	0.015047262621142319	0.21755402198173845	1.6593568714973104	0.7970948791386024	0.15270059079192652	0.17428577214531427	0.018431968321424456	11194.908530574538
-1196.6063705341035	0.44819059486251533	0.6585208879920801	0.013133634205622195	0.22079067762378066	1.7029739594013722	0.7761902458813695	0.1528866812573284	0.1758630213749846	0.018456643471162496	11194.55098866911
-1196.7286277500962	0.45112111641067854	0.6547643748158298	0.04353895414852724	0.18429817822557576	1.6664407299019204	0.7939386767190728	0.15297257321840205	0.17424321067658086	0.018368196480466982	11202.674939618231
-1196.6776333012533	0.45168259615080075	0.6551559276543543	0.006806367629317735	0.2245124733742434	1.6435609041823092	0.7907317163003406	0.15099606825364953	0.17375016694746453	0.018421154235377664	11193.279770001136
-1196.6329019363004	0.45066968728562024	0.6549564843100535	0.015856303157197264	0.21576294079011515	1.6545816345563535	0.7926017447893985	0.14931013097017787	0.1737122411773682	0.018396664569169212	11196.084607526655
-1196.7016818369268	0.451754568399628	0.6542427818377947	0.027480886718171525	0.2024061024518635	1.6452335839420416	0.7954746185333125	0.1510678212651862	0.1734141246802189	0.01838225738160236	11197.616574444288
-1196.694653008035	0.4514023833352361	0.6546904404141676	0.017878231095132976	0.2124723211089126	1.6425456525085906	0.789728310737019	0.14956143138766814	0.17287836731144385	0.0183887688955295	11195.506817443873
-1196.6928802098232	0.4502279881964624	0.6562787215873688	0.04303341233252056	0.18608987242297823	1.6874670151680924	0.787437780967713	0.1549366471289581	0.17498669750526075	0.018420066140927158	11201.022824962789
-1197.4868387577148	0.44493087012571886	0.6607516150874634	0.033118680218217476	0.19150769760699943	1.703749255105823	0.7143647780159831	0.14570395188577573	0.17123760513209502	0.018279513889928028	11204.262737920031
-1202.100695918644	0.45677590377912336	0.6332128971039778	0.00027529162342334836	0.2117796646394693	1.405419125635921	0.7978150676190644	0.12616060760969877	0.14279310822650534	0.017843894334977954	11231.606184084849
-1196.6911729632263	0.45053488313674955	0.6563547590934273	0.04237479548732	0.1863902193953144	1.6792751792801566	0.7875854951485363	0.15376088759485737	0.17533599146030432	0.01839962912425104	11199.756463452843
-1196.6483052880865	0.4498588341934004	0.6567455045030932	0.03528744747004266	0.19432251970319983	1.6776031741183546	0.7825623897539171	0.15201915269574445	0.17563256968300295	0.018390868183563763	11199.25467110461
-1196.6837315375774	0.4500882404859942	0.6548740413989214	0.03645302962321158	0.19275649238408718	1.6653037015926084	0.7948647427579641	0.14889292401810142	0.1752837702577821	0.018356308862351435	11202.76891480053
-1196.7638692511146	0.4507923043878913	0.6552048444843226	0.047806080992858165	0.1791648338863664	1.674435610920023	0.7911750806278042	0.15308546686491273	0.17448970344862072	0.018364289669548065	11203.807333930561
-1196.7684432897415	0.45204679746293475	0.6531338944459663	0.017191192939675245	0.21279206406659223	1.6306890106703495	0.7979957445951619	0.14944106972846208	0.17257070965112584	0.018379770489958546	11198.532111909224
-1196.6093054856713	0.4499589476402707	0.6560022425245224	0.026508803592214608	0.2047186153820409	1.670587867002621	0.7891194287234312	0.15040326626165032	0.17510588348422143	0.01842271398032691	11197.655961455905
-1196.666255202424	0.4476969487079142	0.6587739920469512	0.0018228712953848299	0.22993040787724048	1.6918254032532944	0.7630787092421566	0.15048634131815158	0.17573067278053606	0.018398139859282996	11197.261282445894
-1198.1096672257331	0.4508834456319446	0.6427096766105234	0.00019269259035622154	0.2196811263669511	1.5505264684433726	0.7696483610418811	0.13677804361324702	0.15248689937992585	0.01776128085483004	11226.079243886528
-1196.611593626471	0.45091801258069286	0.6556007378473141	0.025220917880790606	0.2064867374050723	1.665946236571913	0.792882577949911	0.15283182523330713	0.1742641651357473	0.018434220309146543	11195.475281059973
-1196.835434548302	0.4523676211986613	0.6529869957212519	0.023360750696202633	0.20568580692843716	1.6238318168795565	0.7985997693999254	0.14807868224862253	0.17241405966663367	0.018343339135068207	11197.994986892169
-1196.9558060690997	0.44579656562380426	0.6604211399756715	0.0008293238126891304	0.23209074234872287	1.7292680421801363	0.7447465573500351	0.15434551302420463	0.1727539384594357	0.018398383983648743	11197.010578480029
-1196.6129452325508	0.450820851703323	0.6573850187634284	0.026096562110259933	0.20592504596381006	1.6802159355215684	0.7840862210612863	0.1570805844146488	0.1756228257755815	0.018459278898290115	11193.549623870229
-1196.8844542552047	0.45361258045246833	0.6520644180694045	0.004732004170581638	0.22626035147197782	1.6176079724097938	0.8082998201904105	0.15143024232971075	0.17155254406613413	0.01841341539757679	11195.031481670156
-1196.6305430012285	0.45091572296319654	0.6562291240543041	0.03320357478178391	0.19829414630990563	1.6743289973942952	0.7970132428128138	0.1537599055705903	0.17649464568510406	0.0184386597090652	11196.093859032379
-1196.5757184315758	0.4492782995131257	0.6579750881268742	0.01752578636868366	0.21629902704015355	1.6920989910831639	0.7850519950610468	0.1533945435650905	0.17676862139777438	0.018465480211850925	11193.479659572995
-1196.6092871721507	0.4513866211611098	0.6556232171677336	0.009087180960402579	0.22415834444354799	1.6595428853082543	0.7975042610586056	0.15279153731942222	0.17504587488849097	0.01846075777357792	11192.256737442423
-1196.6393147804536	0.4496941469725312	0.6575325993880922	0.026928838049993947	0.203572306192357	1.670159797883592	0.779903188627716	0.14904733763888925	0.17668780733838338	0.018419206722969577	11195.220132206985
-1196.630635988239	0.451259251314543	0.6560856178248072	0.020390244906264007	0.21125173699423438	1.6567932716388032	0.7921106969433298	0.1516969125906174	0.17563763180845843	0.018447994960078883	11193.354285778081
-1196.7506289146154	0.45167846183562016	0.655497424898249	0.04684130571537333	0.18124296392463873	1.6718176368815465	0.7971806668706715	0.154842772488364	0.17537712915189996	0.01842203504426475	11199.807621153268
-1196.6886817167644	0.45194786135585757	0.6549930311423948	0.034649269686337004	0.19508294942219456	1.6557627744441146	0.7959460678982728	0.1537167279448373	0.17430147784642339	0.01841848761623949	11196.892253831305
-1196.6656102645838	0.4495443347176455	0.6572411763337659	0.03434347444605675	0.1950956295009242	1.6812299843214458	0.7748678885297211	0.15224795277361494	0.17440791112332651	0.018419857911911232	11198.091486198568
-1196.8804263930992	0.4526885824271208	0.6525687423886666	0.009727793751809894	0.2196887125674422	1.6159354336789735	0.7966610140263953	0.1484206658917242	0.17103541900626518	0.018345383623828357	11196.800854408137
-1196.6490850156613	0.4492090207970819	0.6577526535456837	0.01934210371888346	0.21153658498300623	1.6781457029383446	0.7689525577255267	0.151861888487496	0.17401078422065705	0.018400157668703895	11195.413113612156
-1196.6194062863347	0.4509650230017646	0.6550523312794044	0.01956811676217394	0.2121515269593554	1.6591826089152606	0.7926859532844762	0.1517330142783069	0.17337203868019768	0.01842531649044231	11195.719776824708
-1196.6120058137844	0.45104346000235196	0.6549263490198735	0.019054309384287683	0.21450928567415883	1.6689183678454733	0.8031708888376793	0.15360451979524067	0.17456225046048324	0.018448834927776023	11195.398715234569
-1196.7040769625319	0.4477770381889813	0.657660205900299	0.029237446252862714	0.20171192872527396	1.7053755252738683	0.766803686295402	0.1532603384450206	0.17276945561815513	0.01839720029321026	11200.50473500412
-1196.674977748521	0.4520409424923815	0.6552952005593344	0.007029373537864126	0.2259060108768944	1.646701328675303	0.8028928261260841	0.15137805120598974	0.1762341963009461	0.0184419657395963	11191.510855496515
-1196.6839993057063	0.45190390080365045	0.654248049009261	0.022919925325058654	0.20824968695413262	1.6470736322796768	0.8006250550505428	0.15192358981951068	0.17419662665301272	0.01840116333177783	11196.532645026948
-1196.702639805971	0.45043389779588755	0.6565049410505053	0.043781113213372434	0.18694028546721517	1.6957130778881429	0.7966458565273519	0.15593053097137632	0.17610013004638428	0.018437159175229645	11198.614239781316
-1196.6771712005118	0.4507362468322494	0.6559352026406321	0.03746184804084792	0.191336916003093	1.6689424272350346	0.7848940411091725	0.15325904193262455	0.17438097283202264	0.018394826857896472	11199.432901509042
-1196.564989246725	0.45045871004526866	0.6568717435824226	0.005986620453793664	0.22858379486472372	1.6799065862570137	0.7918598542406086	0.15417945703647376	0.1750317326108213	0.018486779726662	11190.433491578238
-1196.5920483096038	0.4509507190060241	0.6559642958463081	0.006684482744057978	0.22684669520739123	1.6648040993030742	0.7946326339897093	0.1517842202685227	0.1745131224314168	0.018435060617190437	11191.105333674892
-1196.662472431491	0.4516905592685675	0.6540311106480776	0.0005990602007693518	0.23141017196787714	1.6464363453116067	0.7962075896911599	0.1519208084107959	0.17213563929899187	0.018425992968105508	11194.970574698322
-1196.5800093320927	0.45051079395347965	0.656356303285133	0.007794664886104234	0.22533520054747627	1.6686227901178479	0.7908167239742604	0.15258586574874633	0.17545823227539656	0.018435675582986807	11193.606993229023
-1196.719367561684	0.44778072715325096	0.6588783437459889	0.014942122904659802	0.21608648649621592	1.6937713428069907	0.7578473496070472	0.15163326098711033	0.17442604066800943	0.018394452899930507	11197.244326460142
-1196.8948343889194	0.4527077769480938	0.6528132379993841	0.021555645156869058	0.2063910986416015	1.6183638669522162	0.7877706466289099	0.14962272894251613	0.16940757104590567	0.018340880081315142	11197.258998104813
-1196.617871864296	0.4490843992757053	0.6564420413357561	0.028385137279788055	0.2024518914820389	1.6843144290529433	0.7793321791486147	0.15174924679467253	0.17375798663052947	0.0184068157838371	11199.692228724592
-1196.6018704176709	0.4509150860461132	0.6551792063577563	0.019510246696498253	0.21305297237288218	1.6662574905548342	0.7962714638882048	0.15332060566402347	0.1740961074075768	0.018437340798364	11195.959527404728
-1196.8337934264655	0.4529715774726934	0.6521274215754703	0.00883510888260722	0.22273034256401664	1.6252626863834296	0.8111710673691127	0.1503528800185991	0.17233684787326628	0.01839052576805498	11196.395074250284
-1196.7136604788532	0.4525571847739408	0.6554087459141157	0.028024000202729122	0.20254455818773814	1.6440837284358654	0.7976014974214111	0.15216820211992535	0.175268191929926	0.018437194731120765	11192.027477560147
-1197.2939543108273	0.4540660050364625	0.6484958360596528	0.02257657375775081	0.2034914510417914	1.5832526005903933	0.8076642803716432	0.14726690003936965	0.16793514519278577	0.01824384445154329	11206.61667335196
-1196.637121152124	0.45128930230378905	0.6553599490127875	0.023683071312147228	0.20766818561560269	1.656518728449235	0.7939045689290319	0.15156964104145393	0.17433519061557165	0.01842789871090687	11194.683479804304
-1196.729191626743	0.45094255911900083	0.6559678883703277	0.04644677448430321	0.18198334645538203	1.6814641416771063	0.7932905572483334	0.15488240301992828	0.17543007934944918	0.018405123623384437	11200.584005254164
-1196.7301162535355	0.4520335594657995	0.654432942183178	0.025362568708956014	0.20448598721511224	1.6393688111573188	0.7957345019722973	0.15059756744144748	0.1741598568487397	0.018389047059405358	11196.460168578007
-1196.5736154366944	0.44987831130107275	0.6570592512843193	0.011156495139404728	0.22425487667645916	1.6900430072336294	0.7963538821458014	0.15403587691662532	0.17641997417953034	0.01850071099856098	11191.959125263595
-1196.760912186685	0.4518878112110109	0.6531857004982531	0.02368780924778598	0.20566842381225622	1.6337184740117319	0.795627919283504	0.14930536404017689	0.17183926722457632	0.018368401572741812	11198.949143500568
-1196.6091555676217	0.4495452716151424	0.6584436140121626	0.012067298496792183	0.22069352742721762	1.685595205573468	0.7736145764015547	0.1542271990516521	0.17538341074348482	0.018423318524509118	11191.889864300018
-1196.6216697992263	0.45131596630756765	0.655854364232082	0.012801710122196724	0.22023742750551392	1.6571756576030658	0.797062547019067	0.1508675424843833	0.17524780111483787	0.018473664505453756	11190.88447953336
-1196.6385697061305	0.451366998941232	0.6550154322448355	0.012067834726392642	0.2197791661627668	1.6516582857236806	0.7932498154981726	0.15170866298471264	0.17378306618193975	0.018420186040910558	11194.632166684672
-1196.604871654795	0.4488183908356821	0.6569067414674382	0.025005393243463344	0.20699831101141403	1.6908386362413164	0.7798065625357534	0.15216334989439864	0.1739399598089716	0.01842029925638563	11197.920863867868
-1196.7038786731464	0.4516961460414715	0.6537978133718869	0.018112673136293164	0.2120827458003712	1.6412503635939393	0.7925981981239651	0.15145778276215788	0.17218014455655634	0.01837599321893246	11198.294162551578
-1196.6069630882	0.45073552229758695	0.6554237429878812	0.01862765932093791	0.21350011990959586	1.6628231725528155	0.7946422214240471	0.15189314867246492	0.1751118170582294	0.018430452047033478	11196.532054812365
-1196.5897951363663	0.4507916446947926	0.655506394913226	0.01310498885324011	0.22086671885583062	1.670686229228909	0.7990886629337617	0.1528902579688178	0.17441800599317522	0.018466743007089323	11193.230338360114
-1196.6078589832987	0.44991931210158836	0.6544436026871356	0.006528490801068682	0.22568245012222543	1.6616313649236327	0.791609786383759	0.1490404995801287	0.17210933543496854	0.018406033623306294	11198.161308549215
-1196.7687584575583	0.451284155308794	0.6526561105542827	0.006027204510876476	0.22392559173426088	1.6300272019074502	0.7935933042793425	0.14699601925227734	0.17058488785240347	0.0183625046306575	11199.628022820407
-1196.638970610929	0.44877095361083036	0.6577831120440778	0.018755260979578983	0.2121127811300137	1.6783479836075985	0.7703337615715302	0.149764561999724	0.17522427713506458	0.018396792128723742	11196.748900304945
-1196.745768129559	0.45141494844272967	0.6535006910218134	0.012940554231694539	0.2167063198284689	1.6337152528218362	0.7903245338962402	0.1488036886830686	0.17170289924723808	0.018329373435783888	11199.063927492201
-1196.6830351780618	0.45018531060421235	0.6561588285588487	0.04165662923786743	0.1873488997252076	1.681753474488204	0.7895008259575086	0.15354396624667985	0.17608404892651447	0.01837843038022889	11202.002502483889
-1196.617650127619	0.44970216773420163	0.6549686491561151	0.013717681764954692	0.2179277122038929	1.6611434006645414	0.7899767164602354	0.1474269758546302	0.17365647316515812	0.018400261645004044	11198.427203434123
-1197.527536144995	0.45707669464607215	0.6530026359692964	0.01488425511347097	0.21348328551511825	1.5680573276640521	0.802084708408011	0.14749901211388153	0.17017916564652055	0.01840483871560303	11178.695945209152
-1196.6059411315887	0.45007013313708244	0.6555080281060518	0.015801647215988923	0.21590301076467888	1.6627895323910113	0.7887820752826955	0.14951395876738952	0.17424269266220968	0.01840762865409663	11197.05362927858
-1196.6659454523274	0.45195000971586385	0.6552525342789908	0.022696031296407886	0.20851006341495498	1.6498004668862167	0.7958606305844744	0.15267479948472107	0.17490103453741107	0.018424932634989965	11194.099707819702
-1196.6682700694353	0.4507260556234362	0.6554363125559606	0.035666991266626064	0.19348044504479278	1.6642543408288641	0.7883466606206015	0.15161872835335777	0.1741341960731674	0.01839607589995908	11199.325605171092
-1196.652288500919	0.451034855228098	0.6546939745236172	0.016098536761225492	0.21515348730846706	1.6498067796940468	0.7931676102139346	0.1501883655607938	0.17406577790644334	0.018398718295598044	11197.086714234321
-1196.891090839209	0.4526425697210355	0.6520947700119127	0.00498133980185193	0.2247835751036885	1.614901613467557	0.8015025015363586	0.14770645672808935	0.1715404259208655	0.018354304293512622	11198.0136824957
-1196.6648561053914	0.45101639837545415	0.6549163176820489	0.026030345983509607	0.20395958953731685	1.6522896170570873	0.7895389337639502	0.15045040994995212	0.17348013077523197	0.018384405730680595	11197.71410351388
-1196.584300474104	0.45058551443594014	0.6559457240096044	0.004482726816746128	0.22915814518614364	1.6669751748226922	0.7948140834189329	0.15127485301180346	0.17494625060407076	0.018459921895611103	11192.457386291759
-1196.5971661124843	0.4495196859904007	0.6569691679638038	0.0264276355530585	0.20526112142537745	1.6808229705581803	0.7855314658807285	0.1516500469833305	0.17616192823693572	0.01842113440780486	11197.237482255707
-1196.657644983274	0.4517191483001888	0.655522358199573	0.02472366213377387	0.20635926683639103	1.652456232406295	0.7943924305397675	0.15207896166945892	0.1749532079545794	0.018428803095912594	11193.820500104746
-1196.8860893696515	0.4519503429137011	0.6532219382094585	0.021895907713892653	0.20561800352074927	1.61951206758556	0.785468349269477	0.14736929229738926	0.17081730756021477	0.018354611236846098	11199.272293094848
-1196.9043555362814	0.4532149080507276	0.6529429169491746	0.014259946000056103	0.21559043028625088	1.6141038372880963	0.800194423867954	0.148056315310985	0.17157410006266868	0.018397248767039208	11193.017515471192
-1196.9648500187427	0.4519119017045433	0.6528861674394766	0.01977098275123392	0.20753506884405915	1.6106616394778248	0.7889580336283734	0.1444396803197596	0.17163864212895721	0.018265834128097357	11199.73149493707
-1196.6515987397156	0.4501513444878357	0.6556081460528278	0.03649006929019459	0.1935001379104771	1.6745091852360132	0.7922959678399727	0.1510336301108413	0.17506864668151786	0.01840538995743392	11200.048640281007
-1197.1699974449311	0.4542121040029228	0.650343650951988	0.005850384590889576	0.2231714321789565	1.5911385117505739	0.810788799771127	0.1463376394226843	0.16998262004013065	0.01838955584857981	11196.653899750843
-1196.5879159002075	0.45079591269172614	0.6559882839885272	0.010726031263628383	0.2226363310998113	1.6663934601525006	0.7951044628474357	0.15236872508476806	0.17525789550921358	0.018455385317588512	11193.020150723776
-1196.6500474267393	0.4496604108372395	0.6576962662871422	0.029375243274409223	0.20093016925413273	1.68218059330054	0.7733130660660116	0.15379177733448599	0.1750144022458426	0.018404843294752837	11196.672493066684
-1196.6100355475664	0.4508421473304144	0.6549441282770909	0.006080362094303363	0.22671024533440348	1.6585131600441338	0.795679712290898	0.15098417640918668	0.1736314144523935	0.018432250412223204	11194.774103463706
-1196.7356619422658	0.45226619853006644	0.6542028068540202	0.03701888028272533	0.19216038931085047	1.6497026688979401	0.8010463506402415	0.15274012303426626	0.17414090956806252	0.01840380713064706	11198.24458909688
-1196.7583732219346	0.45116053445837523	0.6545991208797087	0.04403380442390129	0.1831539030587047	1.6598828740705471	0.7939983577861125	0.15113951967207126	0.17453357198127656	0.018359210158632955	11203.094175288925
-1196.6531328791336	0.4507912573006752	0.6548959084270759	0.034864701631197245	0.1949470413107227	1.6672318408720503	0.7933378065707026	0.15292584947659424	0.17412776385937395	0.018382791775204934	11200.799899781183
-1196.67468409891	0.45094440392402324	0.6557259274775903	0.040250448679088696	0.1893307874744681	1.6743338159625862	0.7941518003507274	0.15382001200703155	0.17522126026658896	0.01840834172075163	11199.086200002977
-1196.671137223784	0.45193401173151887	0.6548829828723155	0.020994434770134875	0.20996584786364075	1.6478870668254955	0.7929937367852409	0.15257720148854548	0.17343765336326472	0.018419139287268096	11194.369287564308
-1196.594858767112	0.4504558012931028	0.6564898776804181	0.025930965726043472	0.20643855396396446	1.676045764256383	0.7930662424012459	0.15331068033516168	0.17618435964642426	0.018446027980428333	11195.357147278737
-1196.6293304450369	0.45048952354355487	0.6558513195507362	0.018715806799227488	0.2121484937735748	1.6592155413135743	0.7835325899631456	0.15073310805252893	0.17370616562701138	0.018406242032885323	11195.863787102018
-1196.8502677856723	0.4528339583352369	0.6515150366822237	0.008337246889693301	0.22255672755069428	1.6221447966617273	0.8080723769272491	0.14977669876072322	0.17048574121752666	0.018395982047332157	11197.891365085736
-1196.6667308347128	0.4483949740447417	0.6573926781748087	0.013243052918889445	0.21752025847787415	1.6780193581701508	0.7653596509456735	0.1486810103776255	0.17294320076445505	0.01839256266324936	11196.838592969565
-1196.6655444633486	0.4513828450551186	0.6553219052633577	0.03502137595527114	0.19491575831218072	1.66226397716357	0.7944782406932556	0.1529358254535221	0.17459649037809447	0.018415574198742606	11197.334641490977
-1196.6729834773218	0.4513295547414249	0.6542333567888406	0.025491371016114213	0.20488403013383585	1.6497151485310262	0.7951462661976725	0.15068105522627848	0.17316768009161168	0.01839747928378159	11198.084742754087
-1196.6703840455957	0.4516381822467942	0.6541152364606653	0.0021619498203902547	0.23025346326734084	1.6460168635432122	0.8018846964207975	0.1509636443772005	0.17417658171285638	0.01840555030349229	11195.584024575452
-1196.6584912121318	0.45082326143992	0.6551061128113624	0.03067083305478522	0.1989761226714483	1.6584841413536222	0.7896102850127568	0.15115923252116115	0.1742990123399904	0.018390181499902136	11199.402581688313
-1196.6236735855782	0.4503712490198529	0.656047206351333	0.029914879720057987	0.2007391646044909	1.668900073391774	0.7890805274354405	0.15171322288461683	0.17534651673181095	0.01840476768245899	11197.802870319794
-1196.6119898719005	0.4491334688245512	0.6566734205505107	0.02547312710959851	0.20550773084026158	1.6787697878475758	0.7794890713627125	0.1501236609722415	0.1743294749278501	0.018402309957197167	11198.054509803416
-1196.6904252251113	0.4482436687376316	0.6586858847186965	0.03399197881406321	0.19639473483349085	1.7009156677126016	0.7700136876963958	0.15236176154980619	0.17628202881121582	0.018415437929855377	11198.623255120563
-1196.7738928540514	0.4473492402528696	0.6579960628400455	0.026781334712956382	0.20197601591585365	1.6883482200073792	0.755507839151243	0.14819936203014647	0.17324511986572463	0.018357629269542475	11201.570452357919
-1196.6429779406594	0.44931320987195844	0.6570049382017075	0.03190510906048801	0.19808817109295235	1.6810505047424158	0.776954547504535	0.15121323992375804	0.1745305836398688	0.018405690709671	11198.431755679429
-1196.5854403684255	0.45028277085954643	0.6559833519737345	0.00045070562019455454	0.23322642592958948	1.6679059134200385	0.7961215222216754	0.1505592664914683	0.175870031134299	0.01845854651438039	11193.792114497255
-1197.0747029357435	0.4534400466194547	0.6513989320607814	0.012655728279129294	0.21531446089370723	1.5976014310991584	0.7989873158732795	0.14715634715129525	0.17042094528148236	0.01833123760905432	11198.692513579703
-1196.6016186054794	0.4494413783319831	0.658332544473102	0.02565676577414805	0.20820582521895037	1.7002408327980165	0.7869847575076165	0.1554847954112935	0.1773846585694037	0.01848774590404402	11193.334003072994
-1196.6443036186984	0.44789758810202107	0.6574959157429461	0.00038379028873669906	0.23153806429860105	1.6886999961653226	0.7663330614358206	0.14999011585047206	0.1728444353879375	0.01839603909003187	11197.364323825183
-1196.6124722242312	0.45027394742813115	0.6557882983822226	0.024009169974375553	0.20714108064236153	1.6661812699836525	0.7872413163688251	0.15093447572975432	0.17420562094662065	0.01841576526818823	11196.883150334208
-1196.7002008602922	0.44947937125434867	0.6568309192462439	0.04320423172801685	0.18625035823059385	1.6967311113936756	0.7859871931166695	0.15442044615606404	0.17588688894350343	0.018385345025941066	11202.01000021748
-1196.9247514884014	0.4497264207172655	0.654346922691383	0.01039111749434515	0.21649199504779562	1.6259047101653161	0.7681700954475469	0.14152296738177653	0.17076057376671394	0.01830595166013084	11201.143131580433
-1196.6201724947205	0.4509442205828278	0.6553674325776722	0.024417046529268776	0.20908511739825636	1.673955950994536	0.8046695580802868	0.15404592557353664	0.1760866902626688	0.018451809761066227	11195.965649914415
-1196.598880769081	0.4494517895923443	0.6566958231184905	0.02726972925531204	0.2043533411599465	1.6833638983891885	0.7843249573435249	0.15217818715286824	0.17496927677177543	0.018425554550164404	11197.694106326766
-1196.6924601837975	0.4514904554659564	0.654325071467702	0.01267130278175285	0.21811608474176622	1.6413349157522734	0.7920114486976315	0.1498551011831965	0.17281549090520526	0.018393025773316574	11195.947335761848
-1196.6117238391234	0.45073176515408914	0.6552702160057846	0.023633688221202896	0.20779512661103453	1.6651019687418374	0.7903726431926499	0.15258611897849714	0.17337639238775707	0.0184144706936408	11196.79368832564
-1196.66754351092	0.4481381069542903	0.6581182864193433	0.005768490527794075	0.2253721180048413	1.6814055938160741	0.7638287208021277	0.14885087030266608	0.17445581483059908	0.018381757500841228	11196.40491050484
-1196.6071403420929	0.45102473380969116	0.6563314605329483	0.023774884911572224	0.20822313808486614	1.6664797328302485	0.7925012131026231	0.15322807311678097	0.17587517176021134	0.018445999918674738	11194.025923773157
-1196.6876472006388	0.4505458928057619	0.654942560998841	0.03999512166269717	0.18870742286548264	1.6692544590800977	0.7916726602234178	0.1517082122265446	0.17378160120605995	0.018379039361976757	11201.823567696527
-1196.756887484776	0.4505871567025799	0.6559542250830608	0.04859362556111245	0.17913751208505935	1.6858619982311143	0.7907071266177937	0.1545408946948415	0.17510299858330758	0.018379952060548526	11202.366238039327
-1196.6510833152229	0.4504592433380868	0.6554733003229453	0.020560399044245795	0.20978210886670548	1.6540992524650113	0.7853280249655773	0.14904533510206733	0.1740082290608257	0.018389927839658426	11197.154722108018
-1196.9933685262495	0.4530955415755834	0.651304811782396	0.006906031590185566	0.22240944819371689	1.6051556546937995	0.8041365547920749	0.14661071097417078	0.17055380948564908	0.01834251843887123	11197.955303198733
-1196.5942346870681	0.44997924033522835	0.6556733661196541	0.02171104010804487	0.20999146259326	1.67147943426177	0.7875486709700937	0.15161404901014103	0.17378100564498195	0.018411193804162524	11197.68921425687
-1196.6588702314048	0.4513580832001809	0.6547001037429627	0.031140807211189364	0.19896098903665832	1.6586187538881552	0.793826121711614	0.15302982443728516	0.17348873877448856	0.01839833500401572	11198.496882359614
-1196.5752332408833	0.4505405619709887	0.6566663216534266	0.00988328860059565	0.22375878685351777	1.6714410863485787	0.7921414354860682	0.15244483058221475	0.17567528544295727	0.018472084101871903	11191.716980850439
-1196.5817761997582	0.4500754563952711	0.6566013068187646	0.020245070513096812	0.2124557897040139	1.6760211947799062	0.7908934689537338	0.1524417791754498	0.17597760548700186	0.018448020671998216	11195.355857865748
-1196.607762857424	0.44855859715913116	0.6562610858075936	0.0015929967261000967	0.2299960651874062	1.6739246417651523	0.7758165794086817	0.14824815831440982	0.17331744078130867	0.01838039592208282	11198.787948012578
-1196.7276488250393	0.4489110738416276	0.6546951136584344	0.0037867230279137955	0.22685212767400004	1.647643042766911	0.7856193758469125	0.14079038251581727	0.17326392380084524	0.018338393299557967	11199.048239472839
-1196.7087669898413	0.45125126682325273	0.6546149918406898	0.01622648416560418	0.2145638516332373	1.6405315182560039	0.7941719930927783	0.14717516904149625	0.17373944636462968	0.018410019014305782	11194.852667872805
-1196.6606327089326	0.45163911202035034	0.654752835833406	0.028422494518640252	0.20241989063494992	1.654981559778635	0.7967878566759982	0.1522725434987092	0.17360165336463007	0.018420497046391884	11195.771973383533
-1196.5805806933897	0.4495713180204222	0.6548139428101549	0.013226475300608663	0.21993664564969484	1.677769774902684	0.7929362492092223	0.15212991440774815	0.1728015029291954	0.018423503741014317	11199.52844024197
-1196.6826107092668	0.4496572498584606	0.6562347269893489	0.03869473889297405	0.18990145883140208	1.6798199251545447	0.7790540635451872	0.15202267664513994	0.17375337095709584	0.018373695969893758	11201.315604009045
-1196.7004671337834	0.4512787710051647	0.6553224313661624	0.03250866303514162	0.19625713263964706	1.6524375619012142	0.7876102725373922	0.15158900114288357	0.17477083751079903	0.018392614836736397	11198.998159133153
-1196.6873630664559	0.4524546732151504	0.6547529611654127	0.016402110818990772	0.2158143019202251	1.6449314234639454	0.8023660556598029	0.15285066429155977	0.1748066524311385	0.018454907632565194	11192.449858816539
-1196.7596784262341	0.45356443914079986	0.656320265719424	0.016061422196752984	0.21552963944206205	1.6342311034179504	0.7949756786676491	0.1531555666502998	0.17564998532285603	0.018479045623794436	11184.900360414797
-1196.9995132192696	0.4538657133860979	0.652456246611305	0.0009130380324802288	0.22877850719019285	1.60415690015961	0.8032513645587824	0.14898812240993334	0.1723489512366856	0.018382151153555265	11193.8151499666
-1196.6436267917384	0.4507423894710167	0.6591653844894892	0.03561629786039762	0.1971478132637296	1.6941560232745587	0.7912427398347303	0.15661168724853788	0.17980141451999868	0.01849305688485773	11189.813206169518
-1196.9507225297207	0.4529963037650568	0.6526520056890878	0.024404553380854146	0.2035155174481567	1.611537807444619	0.7981809264432966	0.14791134093884917	0.17266293782524272	0.018400164732798395	11198.617191587397
-1196.5870075527237	0.4489495663962741	0.6574964671924571	0.02136111232529242	0.21157772130281477	1.692051158203293	0.782314751913985	0.15250269346466652	0.1756213615464082	0.01843779910403524	11195.933026180553
-1196.824074395209	0.45300061046058643	0.6525187125034776	0.02944121935659003	0.2008865743358264	1.6328350546009192	0.8117107033500379	0.15103867702791718	0.17270995344265677	0.018397748434856587	11197.1824864757
-1196.648162680336	0.451504522224135	0.6549052827068448	0.02268853143294479	0.20867627326135202	1.6534121500694927	0.7957291896719291	0.1517000832999424	0.1738929270386333	0.018438686897935173	11195.075463873403
-1196.804562451011	0.4524797865991169	0.6538126518208737	0.01918427731812363	0.2102940079169689	1.6263015238858023	0.7934065238571124	0.14932915373252686	0.17241895579759586	0.018390006774757668	11195.084271919724
-1196.582308848528	0.4498834870939552	0.6564689001964739	0.001382376833660892	0.23134318178727115	1.6685171347599344	0.7866864425561312	0.15021911967163476	0.17515581331791838	0.01844026627446051	11194.292261816616
-1196.7471818785357	0.45193715207733526	0.6531895251489479	0.020691937304449192	0.20972949282844067	1.635958310401361	0.8023194663393838	0.14978477550316327	0.17333315612887018	0.018370873226699155	11198.958904971274
-1196.6226007418627	0.4508441263717316	0.655684016163292	0.02959658327813411	0.20149253840394357	1.6675558225534515	0.792486827639778	0.15272982485808298	0.17462306204580066	0.01842468569276832	11196.53435734624
-1196.6097706303	0.4512059962979391	0.656104583642889	0.025229785270424278	0.2073722491379399	1.6685048438437515	0.7975867633781598	0.15334075948700715	0.17592322143321065	0.018449253697844645	11193.178640005604
-1196.6640390514071	0.45161905726488205	0.6544176996691838	0.012905381085944644	0.21864189090247776	1.6468959014672573	0.7959140902693373	0.15173043791853938	0.173551087792223	0.018372905680036383	11195.953006358524
-1196.580840383884	0.4493058357948927	0.6552282221243424	0.010227191565239373	0.22340870365313117	1.6785790691181879	0.7932681292637442	0.15010158694272227	0.17324221840348958	0.018432902523651516	11197.438847354919
-1196.6350734882647	0.4511390668914618	0.6546447767629748	0.00589135475391978	0.22639873889277354	1.6519523718012814	0.795144217160979	0.1504961960082957	0.17298778935134843	0.018431537267594646	11194.472551005225
-1196.5753809986277	0.4491617413364158	0.6580061666648663	0.0036232441020825454	0.22999369247664725	1.6870040702502511	0.7793471818555656	0.15226207099033484	0.17565317847843828	0.01845678866393806	11192.378985881429
-1196.5877380362163	0.4495175576865178	0.6574225582894883	0.021809109466513005	0.21064645464484763	1.6852598466073077	0.7817464124937631	0.15318175908608692	0.17547369253292233	0.018452342230113297	11195.064275738552
-1196.5849553704784	0.4505497358210498	0.6560536151322485	0.015338752322756694	0.21732221687866024	1.6703229355740088	0.7892058410377917	0.15345756116456574	0.1742021986369497	0.018445181033694722	11194.545937655472
-1196.6693695136664	0.45095618072227917	0.6544101966958518	0.026894311941190283	0.20279690291086214	1.6520396004991142	0.7910029138550478	0.15090884133858468	0.17340338746474643	0.018367355131670003	11200.348644008754
-1196.6601154499062	0.4510551194212276	0.6548423348674152	0.03549535873637733	0.19491620672510368	1.6674602562564478	0.7986991277961429	0.1528778642464091	0.1745577986794111	0.01840232963414137	11199.349413910713
-1196.6586263453933	0.45062055692793174	0.6549365815823277	0.032261280367034066	0.19748871874790955	1.660858352013689	0.7932643595703479	0.15065260943359676	0.17466488344728295	0.01838917374643099	11200.527152371642
-1196.6321477049496	0.4510046963698272	0.6559116247731059	0.03248573385077508	0.1982953257422268	1.6692349167181153	0.7927680272925292	0.1535490515421205	0.17525452647027384	0.01841862033207938	11196.654500165749
-1196.662628428352	0.45080117004839	0.655623058713658	0.037132115435493836	0.19234684300955873	1.668861677816538	0.7913733549204369	0.15271189901672144	0.17500683582652718	0.018401729594668934	11199.391792435876
-1196.6062345982155	0.44837535559068786	0.6588914181404485	0.00038241777552477723	0.23335503911212488	1.696982870444645	0.772549053131071	0.15202633528890408	0.17565972436581329	0.018480689046156844	11192.026209082595
-1196.6324409850747	0.4488100741884522	0.6554538025736715	0.0044871587954104595	0.22664042974829116	1.6634186893352432	0.7796082880305107	0.1455994400307669	0.17265026890629181	0.018379449554747254	11198.840319816754
-1196.6975463082013	0.45152123861330273	0.655336391267336	0.04025082338027701	0.18853970610881202	1.6654411077954965	0.7913748783246828	0.1541052604073483	0.1738593220382985	0.018393433247323166	11198.329501840231
-1196.740797345294	0.45088991466422207	0.6547606784949926	0.0454618413077617	0.181914886324888	1.6711002850854733	0.7914374536008367	0.15317770716981047	0.17363733828864608	0.018376231565023937	11203.69986629103
-1235.770622744797	0.42770078882934753	0.5672712071960132	0.056487681056019076	0.10415013881544853	1.046708335260526	0.6331488371038864	0.0058893557570069794	0.03226633999280464	0.015501949362850724	11443.085267209208
-1196.6224023345676	0.449349130494606	0.6576906088003562	0.028215892728360965	0.2026787289714204	1.6823795879237036	0.7776780224796598	0.15168374305457838	0.17591610614971168	0.018424519503972777	11196.416849198678
-1196.799770734723	0.45252820834591634	0.6536462495582482	0.02065991052986217	0.20894039924991883	1.6273283202608584	0.7972932618930181	0.15008848455990584	0.17328231657157672	0.018379930731970043	11196.605664161314
-1196.663568376171	0.448359066953607	0.6569778818438007	0.01117617842684588	0.21947503871505603	1.6767390153801796	0.7659055990606652	0.14883340835129147	0.1725079533312965	0.018378663742440498	11198.279056222938
-1196.581902477611	0.44919118316580187	0.6582224601293718	0.0026909563183239614	0.23193901050651777	1.6944582699167916	0.7799024720265537	0.153420968129569	0.1745134021667758	0.01847060618357091	11189.60166731394
-1196.6478110209027	0.44876073419359663	0.6575697237263043	0.030478809342726197	0.1999513544542462	1.690415384367002	0.7732809740170734	0.15243118406824296	0.17495547307422168	0.018392239739323517	11199.301784351295
-1196.6226178067818	0.45036839432169373	0.6557575074190262	0.027847931022091293	0.20282967029305277	1.66642224842606	0.7877179822162429	0.15115499818748765	0.17419959898232656	0.018407278238924848	11197.358007395944
-1196.6126230594332	0.4509018787927834	0.6556105002968501	0.01860057932226143	0.21316794729344032	1.6606657006662553	0.7901595209408779	0.15195325418047032	0.17410975870720408	0.018423179244599484	11194.88200424845
-1196.694610404447	0.45179200723247886	0.6551255554512169	0.03355280576296173	0.1964663811756672	1.654229776968665	0.7994845011589242	0.15249923519894665	0.17607912619038177	0.018416289634294796	11197.538210050614
-1196.914460063762	0.45414337244353814	0.6542941626555866	0.009529884479282947	0.221221836531603	1.6140666772558923	0.803028438311626	0.15106702302246586	0.17480805381909498	0.018405562530057207	11188.724058561169
-1196.573613770212	0.44974104495664935	0.6576540506794967	0.01934297283335636	0.21448475273356313	1.6878066196589416	0.7880956474897979	0.15337649769104963	0.1763535686399704	0.018467291988228676	11192.294918380057
-1196.596678156705	0.4500235921241458	0.6563436129679512	0.009896960658657973	0.22208463024981076	1.666034081005025	0.7837046419225366	0.15080713466342405	0.17462647319355765	0.01841793220753571	11195.309902704641
-1196.89227257139	0.4530208938042875	0.6530059492232292	0.0004658757141137932	0.22920818468963627	1.6142528324299195	0.7968530963753437	0.14895840067935281	0.1719250728799717	0.0183774626991716	11194.786736785854
-1196.6990444592939	0.44849204485985106	0.6589207040593337	0.035451442893027735	0.19525032654743024	1.7055053669281302	0.7710995878822413	0.15425477617099295	0.1764496669537582	0.018423083776992363	11197.753168611718
-1196.6495921486046	0.4508794752116946	0.6549035022972304	0.023721865230756763	0.20674123773366268	1.6542369460822008	0.7896013146369468	0.15027924603477238	0.1731444579106561	0.018396631832116116	11197.176235184195
-1196.632077339103	0.45139696938710505	0.6556472516420662	0.023263374181480976	0.20854611639400575	1.6599670942210627	0.7970283243269067	0.15343522552372924	0.1762684443530813	0.018414664440217644	11195.766590908115
-1196.736752116445	0.4511441516475802	0.6546646435875209	0.042561089956353305	0.18486426061769973	1.6613865195770534	0.7911521265910965	0.15218958254288695	0.17377499812215239	0.01836009160269172	11202.663330033036
-1196.7272328437766	0.45260074608621004	0.6543329746043952	0.02303883871105265	0.20745832014513008	1.6388870483942846	0.7972542548205878	0.15260397486273936	0.17341308795538637	0.01841703134971874	11194.343113934552
-1196.5776535575305	0.4492944185236918	0.6573279312919184	0.016311761625076665	0.21661751456350073	1.6849940539211217	0.7819954744856595	0.15230383184560817	0.17527841535340016	0.018444244617484753	11194.859457588711
-1196.6961787992868	0.45089461056801644	0.6541355322958046	0.0011923735647814387	0.2291264335940707	1.6410202133507485	0.7874741135873391	0.1486902432255992	0.17223576605194824	0.01837938358028793	11198.245836114464
-1196.62027706263	0.4509289242356565	0.6557002633501436	0.03026274655714101	0.2011508746076785	1.670396580166212	0.7947427681120666	0.15357165957634542	0.17496099158274106	0.01842642404612927	11196.512918452981
-1196.6018743875575	0.45098555469134993	0.6559110701822091	0.005106817781315817	0.22768195009671915	1.6602102960151934	0.792536341942913	0.1522216401990659	0.17517782695821726	0.018443005531362872	11193.28289150334
-1196.7118238707162	0.45212454022978	0.6548511535936117	0.03608207115055258	0.19304938053526408	1.6524276397146178	0.7952132488810638	0.1533917656583002	0.1740348623079309	0.0183981475630384	11197.080072501676
-1196.615590542426	0.45106790255148516	0.655067939098441	0.003800500682157443	0.22883416654997824	1.656210478170501	0.7946501155708653	0.15151058848383295	0.17381092551175836	0.018426518717103105	11194.240982427647
-1197.5351544933715	0.455566386202898	0.649229424389671	0.011550775634756571	0.21579969587104889	1.566289592949295	0.8154146517941252	0.14682967583350537	0.1702190886160499	0.018333909470680615	11198.527592122402
-1196.6810818941667	0.4513807636045534	0.6550309796738523	0.02305208737631679	0.20704345825631928	1.647091543437061	0.7901085920797521	0.1507187240967394	0.17402227881169366	0.018377019858860325	11196.599775572144
-1196.8929288704833	0.45120475457181036	0.6499631243512309	0.04338825638280033	0.18215205306665525	1.6413571973247598	0.7980430012290944	0.14885273782230934	0.16678878194071	0.01829228772908955	11212.127884431762
-1196.67583379271	0.4494573633895361	0.6564914152336425	0.03154868017649299	0.19743406936373742	1.6714692311494632	0.7737341699109512	0.14973889523132897	0.1732630406308922	0.018373606094781572	11198.992147827908
-1196.653470102909	0.44819705595864184	0.6590579404402445	0.016461762172704134	0.21532920918935702	1.6904377550721614	0.7661162611438801	0.1501360426035999	0.17603558691126414	0.01841429394543566	11194.281635677438
-1196.6591802232501	0.4492344170063061	0.6558177520731739	0.0006070683286924751	0.2297346659482265	1.6584311842189694	0.7743935253911792	0.14716983534485606	0.17278498980747756	0.018361442476306233	11198.371867636259
-1196.6239451033773	0.44970368078435347	0.6570847311073676	0.0010113340791810756	0.23062814980529547	1.6693481793190135	0.7736026930827095	0.15097557566179176	0.1735973704882273	0.018411054797072467	11193.622075411091
-1196.6219477985894	0.4518694454426218	0.6550975926968555	0.00925641999481421	0.22431260701602465	1.6584022547547763	0.8001721304182238	0.1540376941464027	0.17372500670539645	0.018473216087016398	11191.245735067187
-1196.7815817353164	0.4466591003364672	0.6580241115985046	0.009863369428902993	0.22017849550444274	1.6895278949843426	0.7522228715302184	0.14651817156598332	0.1720113934287404	0.018381004175849095	11200.226963254758
-1196.6202499904748	0.45077943984690894	0.6552625579590099	0.017551383662876063	0.21413225582192078	1.6578532207285663	0.7918785991267022	0.15072117134528484	0.1740558364773757	0.018431989555429778	11195.79646023922
-1196.5842539960722	0.4502982625934805	0.6560678311557336	0.016086114953121535	0.21749665248255384	1.673262836378063	0.796130668914181	0.15151792721507457	0.1754346876919302	0.01845312358539012	11193.822220269836
-1196.8739063488454	0.4462491157597992	0.6598340383179107	0.0004047494451707286	0.2298706273749064	1.700463334607812	0.7439028639145624	0.14894073007958075	0.17467347193577043	0.018361289215040134	11199.51782178698
-1196.626915258933	0.4501635646224704	0.6547828909445645	0.020477396141433252	0.2103343805078611	1.6640145986047108	0.7836292311599655	0.15124882114948915	0.17100016746564872	0.018386810701405774	11198.51453255396
-1196.674024900603	0.4513865385879575	0.6541425539004965	0.027150686494921437	0.20291152940213286	1.650965706792115	0.7932754890270214	0.15152546688207502	0.17240170759329554	0.018390762684478187	11198.439086745999
-1198.2535129406074	0.4453905571532364	0.6607638759728863	0.00598471039191009	0.21504286827197835	1.651298655789645	0.6918282011428091	0.1402728343497384	0.17452527149561306	0.018290621591909105	11208.50181042535
-1215.0167668960305	0.46069416472949465	0.6250112343329677	0.030709672924820512	0.16236755676050882	1.181724166778447	0.7624167117706218	0.10246477045201081	0.141447806538283	0.017339254404219406	11256.23459104489
-1196.6585948386828	0.44893452020441466	0.6573746915364772	0.03681341669583542	0.1945952985345159	1.7018176744581337	0.7844424766898601	0.15367855166717959	0.1755596685033597	0.018431271572293233	11198.784983984677
-1196.737717893683	0.4516167228129771	0.6534589952782119	0.012883947495319237	0.21718770798009673	1.6345371204284578	0.7918630024836263	0.14917627464070568	0.17138126093002445	0.018363823373215835	11197.681410071646
-1196.5818787190158	0.44918265150756076	0.6570665149778181	0.006633724641560545	0.22598544982654933	1.6816246754721187	0.779503009990514	0.15257583774292632	0.1755681055540931	0.018404860451564163	11197.242531070815
-1196.6551558388187	0.4505840934927566	0.6544817189427995	0.027745179872960983	0.20273796730613142	1.6573104945250898	0.7949225836917878	0.14910111669614512	0.17368318739209967	0.018380270453334083	11199.236742025316
-1196.708803428326	0.4526328303357107	0.6559558712855176	0.020268794448966697	0.21052901219892922	1.64376579244235	0.78963811854061	0.15438690233300623	0.17478467877906576	0.01842799591534392	11190.912497381047
-1196.5812373892381	0.45021454160007884	0.6577899342611221	0.009634115297590187	0.22349038986370365	1.6734452459881157	0.7849387448202574	0.1524002521788604	0.176961213009007	0.018458038658480162	11191.214786280138
-1196.6348932374005	0.45191367570540075	0.6554424813172075	0.01625306066026768	0.21634450013068546	1.6547590138854444	0.7978625657337047	0.15341257709419365	0.17497603283859808	0.01846556909207167	11192.126627860463
-1196.622051607785	0.45052769307098356	0.6557775196587506	0.022275767413495594	0.20889019183783186	1.6611624096490034	0.7876917535462243	0.15023163453416613	0.17401126870123	0.018414377012221844	11195.307359778759
-1196.5969199004198	0.4480829387082572	0.6579994539169333	0.005321437117860639	0.22796802171855815	1.6932187278070716	0.7750211464775658	0.15012190518372795	0.17513746712486214	0.018440587846109233	11195.148427959277
-1196.7794156211835	0.45276474596928246	0.6537113894733473	0.014897853275045992	0.21541153485408104	1.6295416481308242	0.7927871768515313	0.15083596407878236	0.17088808837730987	0.018392262527848518	11192.638903283774
-1196.6815599659928	0.4524770131079528	0.6549559504053434	0.005215703395259311	0.2269046454952777	1.6438673983905274	0.7955833052741762	0.15390062619061742	0.1736013849817985	0.01844440068984034	11191.475284884424
-1196.6009411996115	0.4484715081651097	0.6578615201934048	0.01101825481791675	0.2218025864028341	1.690696391183815	0.7739480332810099	0.1513468673222202	0.17464855489352282	0.01842417650101361	11195.223108813956
-1196.65382975272	0.45095810329216995	0.6542307876363024	0.03214855900233624	0.1983718950913957	1.6637624512083664	0.7984579431733699	0.1525541212773092	0.17345104964821756	0.018408374944352317	11200.543873439083
-1196.650991098078	0.4507460448823905	0.6563586605399874	0.0370835339796536	0.19296390027478832	1.6738939042553032	0.7903897777670297	0.15311023920396255	0.17564806318090123	0.018418989932734536	11197.09866294922
-1197.0276117826058	0.45203133241208704	0.6520250458898005	0.012596748069322065	0.21455261427687383	1.603359346719702	0.7892447673497438	0.14378924526510253	0.1707381689567099	0.018314448716574443	11201.244510019404
-1196.6184806721503	0.45045853583636924	0.6555537903560208	0.02476237198825695	0.2061268039884889	1.6640253964569038	0.7880944217530905	0.15137824245303305	0.17405661835270764	0.018401042531815834	11197.524576024667
-1196.6090903458016	0.44870669957960896	0.657636832180574	0.021425018129633527	0.2106138865988702	1.6902976261116887	0.775204647529896	0.15194460800312448	0.17472451299142325	0.01842031611133181	11196.566061126283
-1196.7044012491965	0.4509681827237806	0.6543288184842876	0.021911402322532882	0.20751171575579852	1.6433167035090945	0.7876577784015775	0.1484410751533898	0.1725305045009263	0.01838765705337107	11198.646688465236
-1196.610716457258	0.4499764161375923	0.6554080938953407	0.006877795759780935	0.2246235955387381	1.6605582720690357	0.7848138954548931	0.1498335604508214	0.17356244139094093	0.01838434300547663	11197.730923506286
-1196.6973335632028	0.45027370508434356	0.6543036266935685	0.013227587540403566	0.21660648772307653	1.6442960442739332	0.7841170017955945	0.1468291147732168	0.17207811302757706	0.018398644449616378	11199.405602756322
-1196.6360514873734	0.4496158868095888	0.657034619102599	0.03574442129516368	0.19515354854879216	1.6909818088902646	0.7852618431202759	0.15395069137486067	0.1755062880770663	0.01842295941121756	11198.338313373197
-1196.7472103669772	0.44793062836485237	0.6574780375635286	0.01821225117725966	0.2116782196859551	1.6865275948531022	0.756641390946435	0.15114056560174216	0.17135547756114738	0.01836160245492568	11199.819961703304
-1196.6072572797416	0.449931426515124	0.6557419023540556	0.02641887292270847	0.20463021904167536	1.6713423546722412	0.7878490469818742	0.1511138560647056	0.17440386459788915	0.01840128202123243	11198.748476771752
-1196.5915752859078	0.44989243407207635	0.6554509371133584	0.0023769623849150636	0.23009482402725917	1.6645310632571721	0.7898416747710191	0.1495305461771798	0.1742460983932721	0.01841502058681267	11196.777884893947
-1196.6227043885265	0.449761852021213	0.65677128929516	0.03292830138567007	0.1978378715065713	1.6831966923972874	0.7842410376399669	0.15286999285378172	0.17510161464132004	0.01841411991325816	11197.9076602797
-1196.5818348447124	0.4490608304853867	0.6574022679711226	0.018989241910842457	0.21370466587687068	1.6845876889770368	0.7833169273771919	0.15095835047090117	0.1761723536885313	0.01843714953850528	11195.756017568532
-1196.6623505775674	0.44979368359607547	0.6542969976759645	0.026717474808500143	0.2027994203940457	1.6568723830882217	0.7881922782056531	0.1474601860762988	0.17298202388894482	0.018351613320187126	11202.685024569966
-1196.6344666760815	0.4509262938089567	0.6559617898248258	0.0341397533676598	0.1967192818756796	1.6724335279392946	0.7939597439465088	0.15366233070453658	0.17534255337204507	0.018426272191497704	11196.726738751895
-1196.5686905034731	0.4489459871791314	0.6583082715500331	0.0001	0.2344514995202292	1.6933193594949967	0.7832818978254814	0.15231427900801262	0.1767057943083489	0.018487545309599344	11191.704174400806
-1196.66322996421	0.44838445841175106	0.6603783532007951	0.017946492765911787	0.21837524659357327	1.7218023220533845	0.7846876759562891	0.15692009352137024	0.18025054402378016	0.018519870878067706	11190.643602864619
-1196.772299911582	0.44696118541170987	0.6602948375290453	0.00615533231410501	0.22692258795721643	1.714239223341296	0.7548702805842149	0.15284454355141844	0.17455549368568807	0.0184351498803461	11193.403009588154
