-1196.5689794474342	0.4495805892613376	0.657605673987482	0.2335971365753399	1.6823861314593502	0.7819967729470321	0.1526080709602924	0.17534980752723983	0.018464823594359213	11192.02705545733
-1196.693830599946	0.4477421197054207	0.6612779834780971	0.2353049664233123	1.7169724781596438	0.7656653714211396	0.1533996177482422	0.1771670322410085	0.018500650604867053	11186.267228812992
-1196.7625975119595	0.45227995749153915	0.6532021015044547	0.23031866213184266	1.6325100295261712	0.7902672171230154	0.1521136165731253	0.16967004730470653	0.01838234118423989	11195.94276238549
-1196.746636472471	0.4515369820687346	0.6537239663956095	0.23031840655821942	1.6325354484426655	0.7947897963330534	0.1488075191942983	0.17392910908306866	0.01835699255554637	11198.861167358107
-1196.5852826977523	0.4501769651283591	0.6561656899158665	0.2327870787920373	1.666741855876326	0.7868988267208098	0.15063229959931926	0.1740175601607366	0.01843995421340911	11193.225003991385
-1196.6391504372327	0.4483273405513033	0.6598126865173942	0.23352606072708898	1.700025361998484	0.7676194137103626	0.15330312236697355	0.17676585598399658	0.018467051054301645	11191.382335759288
-1196.5763988546785	0.44980357655412073	0.6562397551377163	0.23282397146479647	1.6707957921613024	0.7865121261014216	0.15082355415817994	0.17448435607866672	0.018430437268138665	11194.961803321117
-1196.5895879866314	0.4509133322533474	0.6554312730350089	0.23425408062456685	1.669125918736859	0.8006311291338764	0.15372710007677337	0.17524537400464554	0.018442604702468064	11193.899101308634
-1196.59255394586	0.45005327898549347	0.6546164479765875	0.23250267329516708	1.6644978396082	0.7919045549014967	0.1507750547747432	0.172793811653883	0.018410749693804133	11198.364014799374
-1196.570979339424	0.44865730895372224	0.6575109866752256	0.23434405005587347	1.6898220296709319	0.7853769227368672	0.14994434552718883	0.1757256458154846	0.018457684306294783	11193.262553206454
-1196.857715013253	0.45306762897441155	0.6532678174071277	0.230491471824005	1.6182737381249073	0.8009196406285283	0.14933694274389173	0.17286703200418332	0.018416080366187762	11193.571497845654
-1196.594737256533	0.4505274239642737	0.6548590478913175	0.2326500575073198	1.6634436676078166	0.7920020928280302	0.15238995263947233	0.17283188447439823	0.018421192887484856	11196.631426527183
-1196.5692775615034	0.4499894702514935	0.6560275994211008	0.23362579050463259	1.673620140905032	0.7928862127735722	0.15185978862473645	0.17520137244113596	0.018449795882880923	11195.115374227564
-1196.7172556684527	0.45119795281317104	0.6533235564566339	0.23030868607961405	1.6369765350554573	0.7939442505907764	0.14938673048815146	0.17281198704541947	0.018344058149387506	11200.878053975008
-1196.572568632284	0.45038009703288023	0.6572923578691763	0.23362782914574554	1.6735992867590699	0.785791998694712	0.15249705723295615	0.17502197626963772	0.018488454877423892	11189.535541611469
-1196.7710807336907	0.4514725383508538	0.6528149508694471	0.22950857477597394	1.6296902503282422	0.791705653787135	0.14902154983256885	0.1722871863263923	0.018288145858460225	11202.015740499974
-1196.7865073116604	0.45200476168594467	0.6538299746829858	0.22981684215695014	1.6273865755533217	0.7891403203554014	0.14920523174916947	0.17177932978765728	0.018375077268940623	11195.68653921327
-1197.2557102704252	0.4547902662086336	0.6502051706348325	0.22710207407404787	1.5852610488009102	0.795722430780855	0.15044215503929395	0.16713863956349617	0.01842062751400559	11197.997688451956
-1196.665920772547	0.45202645972652816	0.6545063707677092	0.23299558561932207	1.6480994874223187	0.8039261444654474	0.1525637911278007	0.17496601974290948	0.018437196985964667	11193.657481837748
-1196.583186457689	0.4502781449204368	0.6556572054348008	0.2328225049046657	1.666575334502593	0.7915709008591962	0.1519646293129187	0.17489842374712378	0.01843196881193523	11196.314043456669
-1196.7462047346585	0.45156446900365205	0.6537188013697197	0.23036102140114464	1.6322216965172032	0.7921071198820625	0.14809711148392835	0.17204799424080322	0.018393339950451316	11196.378133523378
-1196.7115587803778	0.44896663648171836	0.658475751853648	0.23059263235081195	1.6695993633680346	0.7614733017033034	0.14833071370807752	0.1741391372959227	0.018415997749565906	11192.107129901151
-1196.5889488133655	0.449641175532133	0.6582326349128936	0.23341769607441204	1.68015379440632	0.7774304199934926	0.15153518907124566	0.17490871875045344	0.01849012976240208	11188.757121409939
-1196.625936855025	0.4476729614832139	0.6560863309382332	0.2318920264447685	1.6817909757636522	0.7737739875080157	0.14632567992915502	0.17174580807415943	0.01837183114168903	11199.4544400763
-1196.6592424656237	0.4517653328032569	0.6548097846617227	0.2319900402108128	1.646612990484908	0.7926776211770253	0.151619510283328	0.17255039742359404	0.018452238311987924	11192.226045584172
-1196.5681526839217	0.448871769520875	0.6571598993959181	0.23350041311735767	1.687370952865103	0.7823048983165299	0.15204627047677508	0.17530057882696645	0.018433028245578593	11196.028417683052
-1196.578569418833	0.4487418880301965	0.6576596486625502	0.23315685290799232	1.6855573568080129	0.7785288355359112	0.150792464221878	0.17543605302907245	0.018444249072613175	11194.631591799713
-1196.742394131321	0.4481269520488481	0.6561394998957799	0.2291539722145383	1.6582762014975796	0.7646228957930783	0.14321074910322215	0.17224413854088858	0.018295622907548884	11200.160643293584
-1196.5936369516512	0.44868432164951627	0.6576887836064105	0.23327491736417996	1.68910679174789	0.7749599555048481	0.15145659351992244	0.17393458525464492	0.018458852109489145	11193.556954799238
-1196.5815974719392	0.4492907869943487	0.658801176697573	0.23527580235969345	1.6997511531214606	0.7822506413916167	0.1553618147462818	0.17646548048254873	0.018488341112452976	11189.412693327584
-1196.7081066729902	0.45221758553262825	0.6546103498727243	0.23198067019663798	1.6380638234157525	0.7990186319680994	0.15037048084711768	0.17406935842296803	0.01843324416136497	11191.781693195637
-1196.6336384793185	0.449797972425479	0.6579045170899827	0.23152564723487432	1.6671917761153496	0.7736463726630106	0.15058852519788918	0.17593801334300221	0.01843736015771853	11192.649416905795
-1196.5749929859358	0.4505705419276029	0.6565830559337624	0.2335735243197984	1.6697105004322124	0.7900232067382935	0.15238428696030737	0.17477860575582688	0.01845777913973413	11190.991090124176
-1196.6015093056394	0.44875722052221545	0.6579936697551526	0.23263733567344427	1.6850228384059245	0.7728791473000728	0.1512087324602348	0.17485657543815186	0.018429729447848618	11193.989134098329
-1196.601104483233	0.44959888813561	0.6556808787317147	0.23160208205605123	1.6666521009103321	0.7809560173012966	0.15054212844451684	0.17310576521956597	0.018397335138868518	11198.069945820664
-1196.658485997143	0.4479187112590503	0.6579637826779187	0.2318385531316559	1.6907244396223378	0.764028014066822	0.1510596424017328	0.17363244939737527	0.01839977370644675	11197.323209715549
-1196.714158609724	0.449123144274984	0.6582249383977996	0.23039118304039244	1.6667245958604906	0.7621573596864278	0.1485332969702287	0.17410527379904858	0.01840597140772979	11192.780705775258
-1197.0140053773605	0.4464395389830895	0.6632816180881338	0.23652774190386436	1.7484148298926545	0.7510324676540925	0.1588400529589031	0.17926389274857815	0.018451350350374488	11188.32660295901
-1196.9318156085706	0.4529904072457769	0.6534374898089258	0.2290793004652444	1.6108024084550265	0.7914682181720545	0.14811280581170294	0.1718003751052724	0.018370387837120722	11193.664122476132
-1196.814001913674	0.45372991878284114	0.6537670631044602	0.2342250183059896	1.635174934360548	0.8195161657117248	0.15287853559966358	0.17526483284356734	0.01849429698634336	11188.129971267359
-1196.773082798867	0.4524688592444173	0.6556086026508793	0.23066269748104784	1.6302007810308976	0.7892740955238504	0.15019362487321522	0.17485923549261911	0.018443851504041903	11190.184978603913
-1196.6209748165147	0.44856840367787615	0.6604462660542207	0.2350819543372687	1.7057654014988073	0.7731502730227887	0.15355484617695053	0.1776491337106549	0.018512867351791144	11186.818619823473
-1196.6319784329141	0.45032428273831976	0.6546735569295412	0.23159844409084757	1.6537239264910057	0.7884772303388946	0.1485270941561423	0.1722855570826868	0.018392652116389602	11196.479577859274
-1196.590519976252	0.4480279273300819	0.6579510232580116	0.2337386752421403	1.6985142034011673	0.7773396968597589	0.15216183922718815	0.17594861304337403	0.018441808305806648	11196.954967778756
-1196.6179048472172	0.4503767628967789	0.6542763813538494	0.23176730219855857	1.6568323690554174	0.7902943419812479	0.1504294021249486	0.1720557451195652	0.018391271594386922	11198.474819252508
-1196.6504179576887	0.4503140780655461	0.6550868182463455	0.2307640087017013	1.65103211573715	0.7837312977587394	0.14907349354122748	0.1731687100543697	0.01839222728712376	11197.68968614737
-1196.7008653775836	0.45267083360285937	0.6543679796164066	0.23356209511167975	1.644102644527534	0.8084718369812908	0.1525885468500406	0.17456591171503952	0.018469293564667325	11190.350824630774
-1196.6383976381983	0.4506814127376461	0.6545252344983468	0.23137072574080836	1.6513558531431627	0.7900733713242862	0.15024140620059012	0.1731055629269232	0.018341425538042338	11197.96538474768
-1203.472007473704	0.4592951206054012	0.6374561588970531	0.2122828966860325	1.3748412985202672	0.8264637722100269	0.1252874416181759	0.16974258671944847	0.01766945187809569	11232.914143898684
-1196.6099602013605	0.4485230135575272	0.6577192306822229	0.2319705343748493	1.6812489882489412	0.772256917694688	0.15003197537858917	0.17539996633208735	0.018409691423008922	11196.60360963693
-1196.6205286770553	0.4507114700155686	0.6556131488848419	0.23193739060791	1.6556226766215452	0.7873926746797046	0.1502497751334764	0.17369329422702084	0.018428578690550125	11193.806667238334
-1196.5888492484683	0.4479379571065559	0.6577741460741406	0.23318552235553144	1.6896410601094525	0.7788904975641808	0.1486987813803966	0.17665395297162473	0.018416565863349457	11197.052306645477
-1196.7334602730975	0.44981687702437406	0.6543356896940141	0.22923531256888913	1.6403623418558588	0.7798998235603561	0.14501743123325314	0.1726678613612993	0.018334288611295036	11201.266197298375
-1196.6046294891607	0.4502179030189958	0.65502524914066	0.23193840211770342	1.6598304128971568	0.7898474370225804	0.15042870387577562	0.1740807113368822	0.018389399871819076	11198.22784668361
-1196.6051906593898	0.4488633767613304	0.6569413168152911	0.23169636889804443	1.6746084028993942	0.7750592998916928	0.1496001275689949	0.1744155631212925	0.01841540928818394	11197.106776809416
-1196.565867375151	0.4507568353713563	0.6574841153597659	0.23480597493861222	1.6778725781818637	0.792591874770291	0.1543453835735471	0.1765801302470377	0.01847887533066378	11188.330762862266
-1196.9241014532374	0.4535688614395228	0.6518722696786742	0.2325168145056681	1.6213911950190294	0.8217485370758542	0.15050712226561422	0.17423571307109642	0.01841363106152985	11195.309096586383
-1196.6376551409276	0.4509212611118399	0.6544823161330328	0.23195773796469954	1.6511663121122062	0.7957413486545324	0.1504746534967523	0.1741346977710262	0.018408649233188464	11197.415201438767
-1196.6532725643954	0.4507491262161099	0.6543436238444456	0.23118558578787146	1.648094786421374	0.790059376915445	0.14948898341700487	0.1724489873979866	0.018402020527380814	11197.46116878767
-1196.9058088428264	0.4526215331796072	0.6526993591936119	0.2294062534936323	1.6128607264729626	0.7961057697019217	0.14698278621683378	0.1713113410367342	0.01837813505377185	11195.803534494367
-1197.199553974246	0.45195981993939377	0.64909038713781	0.22666819916215725	1.5891990142902148	0.8001356716780913	0.14108579969120713	0.16797628409012605	0.01825606385282887	11207.672897884306
-1196.6501123770136	0.4484449833295695	0.658995054886483	0.23289437160662674	1.6960384764015501	0.765664272554818	0.15355190920092987	0.17479330923423475	0.018440294745844195	11192.964822323882
-1196.601946033677	0.4480164697664284	0.6590755636979805	0.235063982967849	1.705680842703562	0.7785020766396727	0.1518526678281168	0.17672051007413234	0.01846383373438784	11191.584511421539
-1196.6180503518262	0.44807587995072595	0.6572983107329367	0.23174570088753255	1.6828943326785482	0.7707582469247809	0.14911669055515775	0.17438736636175914	0.018395088728222528	11198.504921177257
-1196.7866492568705	0.45272376375620915	0.6538136315315594	0.2311302287504126	1.6267838454770605	0.7999795645253209	0.149976444982342	0.17333750595603592	0.018424096242723283	11192.913177326054
-1196.6199042799344	0.4512972413774245	0.6557888565830693	0.23244022954902804	1.6563130701969926	0.7881204864598187	0.15217522034730604	0.17312737225237373	0.018432685040594025	11190.924409806652
-1196.5654227861635	0.4500238849384017	0.6587810319585914	0.2354217623445896	1.690559836171328	0.7864541882863425	0.15413326308907777	0.1767242429361835	0.01852833959892796	11185.771813015437
-1196.6836500987383	0.4502504034347094	0.6534717252521619	0.2305633207460012	1.6437980414784286	0.7908011360039988	0.14673179066230324	0.17184470487518738	0.018353768216696185	11200.834447952599
-1196.566820406401	0.45030126108917906	0.6564819476781653	0.2349888221065734	1.6809307907716675	0.795058165478755	0.1534500493191243	0.1746640189351184	0.01848784843439683	11190.756266453407
-1196.685526502802	0.4514747585300738	0.654243094097709	0.23150374635631962	1.6414428695347854	0.7958243687073586	0.14948659060684708	0.17337746072594776	0.018412883823614504	11195.378775194122
-1197.1970590932801	0.45289951335176476	0.6487549774543363	0.2272512055492601	1.588561687591477	0.8026377422919168	0.14389056566268094	0.1668050759453459	0.01825015572685668	11205.047280993322
-1196.6361986801253	0.447486660501286	0.6598342606827795	0.23364708435864653	1.6990787689309457	0.7709152613142872	0.14830583864038213	0.17819859425925574	0.018446570829494857	11192.28967974528
-1196.5992317016735	0.4510950997256187	0.6559438983663519	0.23306103472255155	1.6605252677231326	0.793515082745773	0.15239912495971605	0.1750298529913212	0.018451592244587953	11192.211873129078
-1196.575147088883	0.4498168765836591	0.6561104120170532	0.2327239954058702	1.671558382772129	0.7873318021381931	0.15188195567312052	0.17504560143174713	0.018410187425525353	11196.801687729716
-1196.8519093446175	0.4523333343885818	0.6525417226442773	0.22980901567971293	1.6187342921917927	0.7981226224595103	0.14772969661362034	0.17168210015484517	0.01837033635050496	11197.683278116348
-1196.6232430084733	0.45118888964350734	0.6555322103668062	0.23269285950236765	1.654544824451662	0.7960207077481913	0.1512271280333163	0.17545522300911376	0.018442940265205637	11193.436569284537
-1196.6962351333277	0.45166871973601697	0.654232972738029	0.23115808132031704	1.6395718749433836	0.7930546434910543	0.15020222335158756	0.17268981732146946	0.01840527380252226	11195.043448702016
-1196.7150948122887	0.45087013010263866	0.6534461283103034	0.2302415702441326	1.6374134159737532	0.7915528018933617	0.1476793016522203	0.17236416501769802	0.018356185104248916	11200.19187677554
-1196.5911683024556	0.45060645645377223	0.6559853358617583	0.23323169096078106	1.6635836098805594	0.7941198407909352	0.15104835494559146	0.1755132190144359	0.01845321334642267	11193.216791195564
-1196.6848947584986	0.4510505124471998	0.6540300074435758	0.2308382054470942	1.641866787060613	0.7919393960632447	0.1490793534612728	0.1728027484097536	0.018402790418077443	11197.96999060402
-1197.43757838025	0.4451824666235835	0.6570423557918242	0.224942464115761	1.6715760104483472	0.7168824196435912	0.14168929508586686	0.16515616872224026	0.01818653928057329	11207.274746500572
-1196.5806555379004	0.4485693539105322	0.657629124766285	0.23326370233618884	1.6847892068976538	0.7797469985777711	0.14914271636544058	0.17550911135742495	0.018449630883416147	11194.154271010952
-1242.5431258028539	0.437838181691095	0.5647409833519782	0.1690584797810829	0.9407206691747866	0.6948042481866717	0.0032714603516744963	0.006556057149082504	0.016083695899912643	11386.121734060467
-1196.6097859405936	0.4507101521948017	0.6555842636398493	0.23227154632815325	1.6575449510801212	0.7901590800703623	0.15074038492833133	0.17424711032847254	0.018432285204270493	11194.267404536955
-1196.6742075707525	0.4506939737638341	0.6531205215831432	0.23103373129614288	1.6447856626963129	0.7961789161513295	0.14911438229790622	0.17239487106067297	0.018368317801889536	11201.770738016652
-1196.6090858461312	0.4486921515631821	0.6541930867860446	0.2311304701432765	1.6677509496003378	0.783145728204801	0.14870639653006168	0.17153778624542088	0.0183363874813911	11204.629598248603
-1196.5628328439625	0.4491876461241694	0.6575760367784664	0.23410836008889319	1.6872757114050634	0.7847915251026161	0.15213158561763487	0.17597567793944685	0.018468335038962138	11193.120980386631
-1196.6195233550384	0.450731664592459	0.6552405579859116	0.23201347048777274	1.6550764173230472	0.7902185916682364	0.15040665021192906	0.17369663438734187	0.018420994804566528	11194.99943234129
-1196.6261285407345	0.4480027092467659	0.658414291964425	0.23227477276909725	1.68765505530105	0.7689878438692677	0.14903987482157302	0.17561228548256455	0.01842062186803591	11195.289790484629
-1196.5649679613366	0.44997320905480725	0.6578742808544314	0.23426894867632983	1.681819962798719	0.784952878321281	0.15261007984256458	0.17549294632902568	0.018489498788391547	11188.645297692223
-1196.651642664727	0.45110300219292415	0.6546656956178183	0.2318228250080616	1.64780829473172	0.7945551821184756	0.14972069338028215	0.17390379271611695	0.018417659467344607	11195.544799425463
-1196.6104106919765	0.4497054088997738	0.6544982742811096	0.23132383706227352	1.6603084071683076	0.7875570429116763	0.14995388340339683	0.17315768887527738	0.0183713672314546	11201.779497219377
-1196.5954586031842	0.4492060145423883	0.655855588304615	0.2318144909207194	1.6694463760311016	0.7807782305574479	0.1493190197370118	0.17328657571298767	0.01839758449362509	11197.983380613154
-1196.599635907427	0.4507516101496469	0.654850427658693	0.23289670087438746	1.661935386470454	0.7954575119441273	0.15193330653277637	0.17340192146359235	0.018470181726908622	11195.638415016974
-1196.6239581298116	0.44794280858936364	0.6566207317699446	0.23111724757451346	1.6788175686352258	0.7711930849403519	0.1484561002612793	0.1740007994640221	0.018364720584175303	11201.497338965644
-1196.7401211615186	0.4472071711290096	0.6587889349174711	0.2310012162774541	1.6926408063605791	0.7547648213450512	0.149330911206451	0.1738190164626458	0.018386645557371836	11197.604066946436
-1196.8356473179965	0.4524251740028352	0.6529939405607625	0.23015835307278942	1.620610929605485	0.7984667159277018	0.14785148265974452	0.17216523351698496	0.018382027182842983	11195.791670252296
-1196.5921224854442	0.45019009204816335	0.6558481105460829	0.23264252029329643	1.6634932259117008	0.7896093654024737	0.14996407503781212	0.17450115309102726	0.01843832077318514	11194.497289103738
-1196.6212229449989	0.4513657909205202	0.6557135660937013	0.2327131694142455	1.6543743406229119	0.7934273658730645	0.15150995918901594	0.17450497895896	0.018453296958493563	11191.364176111281
-1196.9151248426256	0.45174077281606967	0.6522964962697302	0.22877130665470002	1.6129722272040594	0.7947367898156307	0.14426093360926903	0.17157836016874464	0.01833093827213326	11199.944279396366
-1196.5635929286493	0.4496932124594094	0.6565058399453538	0.2335064228916065	1.678756206168737	0.7877289806838894	0.15264418480470782	0.17496257378271918	0.018438686697847713	11195.141924776437
-1196.8202151077826	0.4469579205737982	0.6582955453453705	0.2291794190587983	1.6843640363308092	0.7487830982904864	0.14856892812873665	0.17361192685510365	0.018354682440368253	11202.438823668186
-1196.6209111074331	0.44848251004310147	0.6562752232628456	0.2311039063191263	1.6702450010553116	0.7752505174919139	0.1471689377594812	0.17389148699195364	0.018388075347662836	11199.585967323887
-1196.6360024318933	0.4510555233686105	0.6550332771244629	0.23198686707966032	1.6509550100304795	0.7930851860121046	0.15035376089724659	0.17408559189937528	0.018419847494147684	11194.835376967998
-1196.5993838699703	0.45074048124931165	0.6592526702605667	0.23757909710027306	1.7005614642145428	0.7962361345865488	0.15877927373182044	0.1787903597313392	0.018558035402800304	11183.172145224084
-1196.6484650203445	0.4513806600294016	0.6554110239445349	0.23231031387375337	1.6486461125824177	0.7930455147656439	0.14963601729313353	0.17379226697211947	0.01844247420992411	11190.97461429288
-1196.5742385864557	0.44990781612679714	0.6569588002438838	0.23305040928391507	1.673466805554951	0.7843211789099814	0.1517104365556844	0.17512565900034274	0.018444362918308546	11192.98546544341
-1196.5983449895343	0.4493450180765631	0.6555929385781425	0.23146953019233948	1.6676156287618247	0.7816244658443086	0.15050725328221468	0.1737945998564835	0.018382530356274164	11200.22057283616
-1196.6579313646512	0.45098573662479424	0.6544195545491622	0.2313807316570053	1.6466364298677993	0.7918251998544361	0.14957062116701444	0.17293882751237313	0.018398207732106073	11196.499082242515
-1196.6495417131334	0.45125256983277	0.6546425444789793	0.23178586223708106	1.648070593363147	0.7929994338423151	0.15055843137550726	0.1731743619815962	0.01841673244616053	11194.975516053026
-1196.5978131355598	0.45007283958076966	0.6551220169398883	0.2321404571140779	1.6627484006816142	0.7917903622674616	0.15123376555722695	0.17501209113404695	0.018397626865570123	11199.631959336637
-1196.6097005620331	0.45154874655301946	0.656200855307806	0.23341396088425204	1.6579966048996042	0.7954650701144016	0.15251661478462436	0.17532961526717689	0.01847779061199557	11189.380959938546
-1196.5970399853236	0.45014824464019904	0.655081934334769	0.23227131676478444	1.661851000301101	0.7910279712350168	0.15043626963887577	0.17399536647943398	0.01840631884374528	11197.706817104887
-1197.9376463512142	0.4571473383959222	0.6502400837709869	0.2244569109820444	1.546735008142629	0.7913375318092511	0.15098846476101502	0.16788597094862742	0.018390410215618113	11194.346539656153
-1196.564471822079	0.4498903498158688	0.656865960519365	0.23373807417257153	1.6770920275618248	0.7877957744759666	0.15186734925937412	0.17507552642063054	0.018467423056351396	11192.333605854781
-1196.5919795593638	0.44815153911611955	0.6589499430310103	0.234528567350597	1.7012827558082246	0.7785938576046565	0.15164105036280554	0.1772636415483191	0.0184933832419904	11192.726079558952
-1196.7375306440827	0.4485425459531284	0.6622796694414697	0.23408134916640766	1.7094611038383656	0.758882775135453	0.15493085207997534	0.1774898509731584	0.01864462143928388	11183.173458133491
-1196.7130993985559	0.4505632636144569	0.6533911966665191	0.2301067295776614	1.6384871294468	0.7889158813277892	0.14727589075203432	0.17156185364814744	0.018366350532837007	11200.716932851836
-1196.616959024434	0.4505934602157686	0.6549614737184839	0.23190080772778454	1.6558788654346668	0.791157598647983	0.1507123906928018	0.17396778904995494	0.01840196159657732	11197.144450686807
-1196.6293588280282	0.4481055700550005	0.6596657084780444	0.23445674895061294	1.706071150009772	0.7708799276518888	0.15296222263018958	0.1761707136770117	0.01849010753566827	11190.43076198363
-1196.8052661306458	0.4521760365177031	0.6523397878820377	0.2302023082864197	1.6246632074616643	0.7973955851408475	0.14873442117715546	0.17025423622619693	0.018360333804399536	11197.664184514091
-1196.5955347338042	0.44954927406731215	0.6553836330543571	0.23164674787487405	1.6663292600279467	0.7837858774349745	0.1506037365202775	0.17358161314800943	0.018381528377675618	11199.717169239471
-1196.682977729965	0.448035970424853	0.6617942975599401	0.23401813608699057	1.703976341339251	0.7668161049407146	0.15288675977639266	0.18143360899686492	0.018466715743265798	11189.269232838664
-1196.5811554832653	0.44876473786991045	0.6588255982506419	0.23484096722170794	1.6990214703720277	0.7802745435915487	0.15303309328895548	0.1766598559621415	0.018482449496779605	11190.631784574127
-1196.6517268837422	0.4508309957124852	0.65449784747947	0.23174477990211897	1.6483488854514372	0.7953666505483674	0.14907555418519605	0.1739809403906167	0.018404582921675114	11196.935715887737
-1196.5937610754822	0.44937447132632247	0.6553937574856536	0.23184263253415605	1.6694687301911875	0.7819678736128374	0.1506134327547	0.17263201937350028	0.018368118769446315	11199.125153235904
-1196.5903971625298	0.44950388944654945	0.6561894527670394	0.23197583266191157	1.6691091696829916	0.7828896772106555	0.15054629226328844	0.17483564972428506	0.018408033361335063	11197.804570240161
-1196.598503885885	0.45041797810689627	0.6553171040872643	0.23234167276245743	1.66170111198905	0.7918212385222034	0.1518087199173284	0.17472782424334876	0.0184073508367951	11197.431443833062
-1196.7564937670481	0.4524341134750469	0.6544051887777558	0.23120139886955213	1.630685331426981	0.7971726169764436	0.14984898871487162	0.17386021500581703	0.018453288304662408	11192.327229506167
-1196.7520218751345	0.45193600851464055	0.6540210064861339	0.23049810555482675	1.6312521619067686	0.7921464016561798	0.14905860839889218	0.17243869114022614	0.018392042961590395	11194.742585638714
-1196.7304830677094	0.4514035451080754	0.6534340595369574	0.23062113814865975	1.6347133201602326	0.7932653183512546	0.1479539601969216	0.17141828077649807	0.018378580818376095	11196.838973816944
-1196.629367893199	0.45062582550755154	0.6544936730573233	0.23169961059345934	1.653007884109358	0.7928307673670693	0.15019081419676886	0.17371315060281242	0.018388974673587376	11198.321677430587
-1196.622047204946	0.45012272243569984	0.6547245036464648	0.23126647979046924	1.6560993144839562	0.7874462478004426	0.14993889189961226	0.1732971478668104	0.018380133716977092	11199.599315196163
-1196.570445227836	0.45064076406855785	0.6567451555224588	0.23497758974676025	1.6810111634585205	0.796543801227035	0.1557642763390761	0.17622509820510718	0.01850020342110184	11191.70851041542
-1196.699679017339	0.4484661819573016	0.658394967678719	0.23133002072866599	1.6815328643649456	0.7600122626578667	0.14957682425775545	0.17280776281135118	0.018426898577394584	11192.695485943192
-1196.8673079527357	0.4513799642868547	0.652189785223173	0.22867334396810052	1.618047703404178	0.7930977729559482	0.14546517076666984	0.17166852428286672	0.01832154587502298	11202.777529236586
-1196.6800840090402	0.45117152986871695	0.6537387766469109	0.23207430480426097	1.6446926445284622	0.800672875997947	0.14870132808646924	0.1734237528022404	0.018430241713378866	11196.856597687716
-1196.6640047870765	0.45182502547563774	0.6554403938968644	0.23234400114116577	1.645839404356731	0.7952966211618675	0.15071535634594	0.17375621990691498	0.01844013413627562	11189.867077694149
-1196.662454056965	0.4506761110473657	0.6559128902936495	0.2308900470082233	1.6501354931161527	0.7810850142097907	0.14946107105304166	0.17353501359267998	0.01841317481632625	11193.903626557227
-1196.6843960335345	0.4516151938153943	0.6541210866264037	0.23148344761428827	1.6415852563794457	0.7956029001600656	0.1503958123404782	0.1729283578717893	0.018405437240892483	11195.485456738415
-1196.8070962266756	0.4458235009239742	0.657470277214572	0.22966813195092087	1.680382915637854	0.7556320167019458	0.13970699029257785	0.17286390893505924	0.018415604859891885	11201.959750205375
-1196.6739598061702	0.45087642760597146	0.6544581245769848	0.231142890083123	1.6439967000147155	0.7921038535468239	0.14831882885822645	0.1736107296220843	0.01839352700185955	11196.948809670363
-1196.5807503692317	0.4487724223238158	0.6569069260075194	0.23250337806163096	1.6817043811903172	0.7789261429035366	0.1511372570941227	0.1750405349004255	0.018408637857013015	11197.975570440556
-1196.5963965050507	0.4503370484699414	0.6552912518627629	0.2322480652322437	1.662015779247772	0.7899019816108643	0.15142521186141258	0.17407832562376016	0.01841540202118356	11197.069885320507
-1196.5943970313226	0.4496250781593956	0.654880548781344	0.23184181867062525	1.664930923646141	0.7872084214540982	0.1501802352144538	0.17313127435816433	0.018389778430624032	11200.09383665263
-1196.6200968809808	0.45135769124029074	0.655479371485269	0.23262755007040478	1.6550099460547019	0.7946210589977007	0.15232811643833905	0.17485441432726195	0.018445963562617594	11193.248233472877
-1196.5771415136194	0.45100064165104614	0.6565967993104598	0.23450729903061918	1.6715898493253047	0.7971529256429059	0.15388461460833266	0.1761357593223136	0.018489283713638133	11190.152063842452
-1196.6263823869224	0.44799442235850834	0.6578129531570138	0.2316466071763337	1.683655957847947	0.76963972734031	0.14913957458609559	0.17571374570734405	0.018380903000129723	11198.54017761075
-1196.600201282295	0.4505875875141191	0.6551534760888402	0.2324761249207532	1.6603861241671392	0.792186187107767	0.15148130935082524	0.1739543710155428	0.01844379100027061	11196.119754816682
-1196.6188458720335	0.45069954395733114	0.6548059792063784	0.23198712968705557	1.6552653985503856	0.7918865511457253	0.15081284338362114	0.17351121027422467	0.018407552564293366	11196.751725210748
-1196.7189910665127	0.44788890428649475	0.6590227736832023	0.2319021865428632	1.6946836866090493	0.7571656850650464	0.15130776012931835	0.1733434900726439	0.018430573173662042	11193.623883126662
-1197.36348968005	0.4553217746172183	0.6510144222047103	0.2279193607686035	1.5757192940258475	0.8053307968631388	0.147181282893579	0.17015863990948704	0.01840576787994523	11192.592853235232
-1196.6048749028487	0.4507312942627262	0.6550258686821708	0.23262038736687746	1.659344758410946	0.7923151228034866	0.15106800126928774	0.1729387957356193	0.018431072397089337	11194.487325788466
-1196.6443559525137	0.4510160536035418	0.6550685762390522	0.2314499009978108	1.6504621598970313	0.7873278892135052	0.15072914146512822	0.1727353470387719	0.01841674292954146	11194.669788630088
-1196.6647592237955	0.4508388298231574	0.6540585454323022	0.23088385725371427	1.646012989948076	0.7900953907190019	0.14977726450345014	0.17241324017328563	0.018395080155279086	11198.726697707945
-1196.6528348857412	0.44772523712362056	0.6592288510430172	0.2346376678137169	1.7133036534636052	0.770696428287145	0.15430817123124452	0.17526129367532664	0.018456302195340567	11193.186381413105
-1196.6057315906069	0.45028115801125784	0.6553812400365563	0.23200264222697317	1.6594639538394615	0.7882457842453756	0.15012996448294513	0.1737806836430895	0.018414004482273805	11196.172951652954
-1196.5952288511623	0.4500664185037701	0.6553091536329438	0.23215614664099274	1.6627731662999845	0.7895328482667053	0.1505879139863575	0.17423779712583365	0.018403981704646834	11197.78163836273
-1196.584299247481	0.4499761914246537	0.6559752240775774	0.23427042199825987	1.6737834690137119	0.7985208157546886	0.15056515646894775	0.17648225220777655	0.01844737819143484	11194.645214690468
-1196.7536119416945	0.45108638325673706	0.6542697511068034	0.22966763199098564	1.6327962537097993	0.7870892986315484	0.1473645220787235	0.17335279564800585	0.018357204167908883	11198.221982509205
-1196.5959332041107	0.4513047527659092	0.6557722506396207	0.23387219134901877	1.6632563516445722	0.7977187230851441	0.15314080741267652	0.17531536734464692	0.018479059164031558	11191.45003518105
-1196.6067963772425	0.44897206665032946	0.658132444277637	0.23334840478301527	1.69273700635562	0.77315169156249	0.15447733422211915	0.1745695230873548	0.018462434175658966	11193.548022703724
-1196.572271425044	0.44935372817233077	0.6585006911300116	0.23400732807320201	1.6879810356734328	0.7805690195068554	0.15293085981382462	0.17677254416178978	0.018471386780439653	11190.817339628851
-1196.5654014114705	0.4497356165135209	0.6561986331382985	0.23371927165406414	1.6773034167700973	0.7922214348161908	0.1522550426377487	0.17573715874246237	0.01844333335034406	11196.168527065074
-1196.5749809195286	0.4497492963968571	0.6556881028943627	0.23278293335344352	1.671087926419204	0.7885693365357148	0.15128852838508705	0.17419414704772385	0.018418720074842146	11197.167034415366
-1197.3003046432732	0.45464044160034334	0.6492279384571962	0.2283436282107366	1.5810816551305842	0.8116590925264395	0.14662175556357715	0.16886649471399648	0.018327439525986606	11198.884000622964
-1196.688252674249	0.4505425755513994	0.6550817240307181	0.23021522730653077	1.6462795717397187	0.7798031368875001	0.1488968691229114	0.1721905151601487	0.018365812176388073	11196.61450164695
-1196.5650625946892	0.44950491381942304	0.6565810476388665	0.23363607676329662	1.677823526931808	0.7895433858700941	0.15094073343196415	0.17570639545658573	0.01845232610853477	11194.938685621775
-1200.0680967840096	0.45564513719184274	0.6393320994237354	0.21497334251248415	1.4633036374265769	0.7830588118273485	0.13420493597186142	0.15196972159828134	0.017987703084848355	11224.905809579619
-1196.7200792225597	0.45129964885027396	0.653341346619276	0.2304935323257051	1.6362705994763895	0.7937403061644477	0.14904938002436735	0.1720411198489023	0.018370383330056823	11199.14328823142
-1196.6114578580914	0.4508380246079747	0.6556674195550796	0.23284915840831943	1.6577360761167808	0.795300374934042	0.15057587385544266	0.1755592547170067	0.018441069692766293	11193.728358698043
-1196.6937695602733	0.4468274171621654	0.6591004781957328	0.23330782538626382	1.710187096713763	0.7626850454760183	0.1507791388406725	0.1743651549521658	0.018456450579370943	11195.895666638186
-1196.6038664875405	0.4484085040256947	0.659402600478932	0.23493328613443346	1.702601507086934	0.7759308410040368	0.15188048065099352	0.17625244845310256	0.01849214898954416	11188.693276316097
-1196.6648396518221	0.4507303952745416	0.6542365227739446	0.2307851183360292	1.6465604386028962	0.787619223364482	0.1494673467826489	0.17204363603719866	0.018378071001214673	11198.116848720418
-1196.5809323194312	0.45086723486170927	0.6562065685463611	0.23453417861875606	1.671387440761706	0.7990665793233604	0.15356426965561212	0.1759999695374924	0.018483224953654752	11191.606465613688
-1196.5784809524946	0.4492602973183645	0.6562326381075672	0.23234330129770023	1.6742467368817007	0.782937359964323	0.15091788566253372	0.1745966178757694	0.018411939721129537	11198.04554878659
-1196.6000605885495	0.4507957313757829	0.6546554828603092	0.23361454610369545	1.665144803199732	0.8006743871781361	0.1530004751596907	0.1741996336539443	0.018437180340375735	11196.512372126472
-1196.682010245086	0.4509952467752979	0.6540710647547756	0.23070885530366217	1.6427245047355823	0.7896315914675467	0.14934061655726547	0.1724696574281321	0.018368211131185166	11198.094543872006
-1196.6115038103574	0.44999545066877417	0.6548521126384088	0.2315061636625954	1.6587851456372997	0.7881856896148688	0.1501242563645244	0.17380219505310232	0.01838765878906291	11199.896549030529
-1196.6420238313694	0.4514770483936924	0.6550250725013584	0.23214961989079066	1.6498202217997677	0.794546000417284	0.15181334205056538	0.17423860409998299	0.018432026636490025	11194.138817688978
-1196.5705585423154	0.45000042846401855	0.6555789285842658	0.23359774335187666	1.6738185683957914	0.7929441607330621	0.15222410795248273	0.1741043905308924	0.018430195883572198	11195.834728129565
-1196.591052492891	0.45030688275025604	0.6560392619644194	0.23256715231574088	1.6640382956803648	0.7875519522892493	0.15077073389027257	0.1742188701729923	0.01843092989477416	11193.802196313187
-1196.7439148691192	0.44820919717617996	0.6571377397869151	0.22966801347737253	1.671982526162217	0.757477538198962	0.14838552888896644	0.17160069603171801	0.018365936846778858	11198.623709336614
-1196.631049848832	0.4493116735895184	0.658738444679264	0.23217552064654653	1.6797677810496952	0.7693115758614475	0.1521465918638003	0.1757980568042196	0.01842894379489437	11191.616586052596
-1196.5650203534833	0.45059206605859675	0.6573205317961685	0.23444548720594652	1.676293249387074	0.7912662757232853	0.15337788619395884	0.17591614992806073	0.01849661535752897	11188.796579521022
-1196.6282996592258	0.4492818142805453	0.6578071299786968	0.23184681000223373	1.6778293393030073	0.7700949035092666	0.15230837968036562	0.174376858370979	0.01840791022811914	11194.147547532799
-1196.6026551671407	0.44899212697075774	0.6571211109135403	0.23247388330362684	1.6818984657820375	0.773793362828287	0.15166393759281085	0.1731977320224867	0.018428870229911635	11194.993537731338
-1196.903381315195	0.4518811034174289	0.6523338952741483	0.22857224498277207	1.6147861976666487	0.7887647397187283	0.14577668558044435	0.16902280527639754	0.01835431425473788	11198.177344645388
-1196.7579565692672	0.4526004129180462	0.6549803544544184	0.23112483668633033	1.6311531103608237	0.7955935048406458	0.1508642958692662	0.17500876914106223	0.018437216940701943	11191.684833185196
-1196.5814187661572	0.44960949112033244	0.6559489755673075	0.23228427350713501	1.6703656613675444	0.784886757617144	0.15116109508546477	0.1744271154169026	0.018410871080622237	11197.752744777781
-1196.6300964927343	0.4508474648742903	0.6546698353525898	0.23174164139854386	1.652709417005896	0.7922247107440739	0.151134119146823	0.17366253893414427	0.0183999822970705	11197.410005772257
-1196.7389130098065	0.4478339208688294	0.6572927556884147	0.22951985934443922	1.67319635439961	0.7576528130543765	0.14744455471128529	0.17283979469081456	0.018362212980409725	11200.340364998567
-1196.8052783751177	0.4529220055205233	0.6535472413983218	0.23134098217991286	1.6252712669647005	0.8038132680565104	0.1501217815956789	0.17368386170238787	0.018430448571112378	11193.160183591084
-1196.7140026078673	0.4505464052210447	0.6538591824698474	0.23009328744259458	1.6384673442895652	0.7892074581307165	0.14663501368166082	0.1728695084221718	0.018361317887315605	11200.042843098761
-1196.7302920887973	0.4510263073742421	0.6524273952672929	0.23045362599392774	1.635909886217411	0.7949963674082461	0.14763874975816907	0.1701426549426519	0.018361837249844814	11200.542215857171
-1196.6320672890542	0.4507903374339036	0.6543484554657641	0.23180195038277937	1.6522725360942891	0.793605946675679	0.15058720413319543	0.17320429811664184	0.01840074791753142	11197.801738067405
-1196.8410401142596	0.45154471377199745	0.652695162829392	0.22886745042061113	1.6210230750535866	0.7892721748727877	0.1466080717297505	0.17074703995281157	0.018351230924125057	11200.015500269372
-1196.575745798125	0.4510404898357351	0.6565595843977932	0.23429845734009247	1.6730781499608265	0.7948714052786928	0.15534657025793186	0.17566480772664889	0.01848290058275863	11191.02925795516
-1196.72046355378	0.4510691694122611	0.6538175988743041	0.23038707614480688	1.636399178507741	0.7908694880412378	0.14770236952757007	0.1724746874344263	0.01838109753786416	11198.047229467184
-1196.593992447733	0.4504834197141981	0.6549629249081624	0.23357315208824445	1.665484470070177	0.7982467329717899	0.1512558725055184	0.17389252975923497	0.018418695381973816	11195.220210463918
-1196.8805160854633	0.4527311073706733	0.6529320223341432	0.22965253179177725	1.6154810134340554	0.7955126152691668	0.14790513437277444	0.17131301517153535	0.018381227775445312	11194.834926858206
-1196.6434176355356	0.4484843999071732	0.6564632450513346	0.23075394399923757	1.6727862931285626	0.7692903042608377	0.14876290866907108	0.17273054560948575	0.018359138312120115	11199.475853266715
-1196.7227300759216	0.448797505973717	0.6566114031452996	0.22969741236516186	1.6658932023107502	0.7619936240776138	0.14898179616032642	0.17132687451830592	0.018318125032126736	11198.244346740854
-1196.833947790324	0.45125334173558457	0.650934890305444	0.2290527154683371	1.624083761769008	0.7919573219819124	0.1467770615973041	0.16705470734987204	0.018316214749519517	11203.362285652482
-1196.616513517515	0.45006624290392594	0.6550358326144017	0.23167469986481792	1.6574934237008447	0.7875471090480438	0.14882511095991083	0.17315382703216142	0.018398695176657223	11197.182268394476
-1196.5732556938506	0.44965005662504465	0.6566739149489041	0.23287783692994735	1.6746992211721419	0.7839602815827876	0.15162745750413914	0.1748368064537886	0.018437149714193166	11194.898370896906
-1196.6021080932323	0.44985479565127395	0.6550767573983564	0.23170243781043842	1.6616146918478039	0.7877368930178004	0.15011452898427757	0.1739605045210213	0.018388080146234293	11199.513580953184
-1196.8930528325604	0.45258070587037563	0.6523674335366014	0.22907378424806638	1.6151947397413373	0.791183720036398	0.148289118461533	0.16916809637595548	0.018350221606770113	11196.440300163906
-1196.5809383241221	0.44993963045048174	0.6553800230228083	0.2325768548889829	1.6682618963120452	0.7894788344639599	0.15164375590939957	0.17404736012033986	0.018403292541230135	11197.911730815431
-1196.5963672789553	0.44927001171280917	0.656956492612072	0.2320444764781672	1.6764044806491496	0.7765267272429619	0.1520401438329089	0.1745272387190529	0.018411943906054523	11196.733942326882
-1196.5757284034767	0.45006541857125715	0.6557870010220764	0.23294081157746496	1.6699373612209902	0.7900677879841704	0.1520938247974982	0.17477296867666672	0.018421697673045242	11196.469051698661
-1196.7510606347396	0.4502034851320399	0.6545821458746235	0.22918304547437085	1.64061358218515	0.7749147338147175	0.14634036635761496	0.1703661338901178	0.018388954061692678	11197.715645201219
-1196.571084869081	0.44931478534081837	0.6573384985165717	0.2331478141004796	1.6813429309173598	0.781689254353327	0.15209741584091951	0.17567896583868273	0.01843382533613497	11194.657667341835
-1196.579400081754	0.45006265419479835	0.6560414870987858	0.232774076377612	1.671153804516633	0.7855900338233277	0.1524480253111783	0.1734307778172545	0.01843829401522184	11194.831647342608
-1197.1293489679006	0.4524179378973783	0.6512550850042371	0.22770679307376046	1.594156869285674	0.7983805629273026	0.1416481365507015	0.1710946962738325	0.018315077317963377	11200.28921159494
-1196.8279627209204	0.4519161623349507	0.6536258801045868	0.22923968314046214	1.6227540301920638	0.7874167435649699	0.14773914199534835	0.17144483241463132	0.018362672958458327	11196.293640638227
-1196.7206728109481	0.4507054968898973	0.6534787397337217	0.2301207144220056	1.6382711177056193	0.7870058900336362	0.14689488569250037	0.17038650546980863	0.018369593739916677	11198.437853450903
-1196.7637398748766	0.45143792731399407	0.6529130312280969	0.23005931258205917	1.6300147484881549	0.7934624954607992	0.14759783339932508	0.17115431666377753	0.018369893347414352	11198.871462446295
-1196.7401861749217	0.45130127887489907	0.653229594751402	0.23022510922348077	1.6331896730735034	0.79371861749452	0.14812863657074293	0.1721227739454186	0.01836558195255138	11199.37688844437
-1196.7834435562543	0.45232260110710715	0.6529687178523657	0.23146086909056515	1.628784318498653	0.8050212334772561	0.14874946560968447	0.1727839658924349	0.018413241969376846	11195.422460200452
-1196.6719798275258	0.45028254438846904	0.6546098474283489	0.23081597132917947	1.64632799650364	0.7875018189004659	0.14659277950600758	0.17293437728045016	0.018385090725665076	11197.387883325722
-1196.8348207739282	0.446854754494611	0.6585421682841678	0.22949851402557073	1.6862924931886698	0.7470739594307872	0.14779617291811017	0.1728509209755399	0.018337103468865357	11200.198581518907
-1196.5887584597442	0.4491903521164665	0.658206570017669	0.23318006773718056	1.6853955406296237	0.7756643033960009	0.1524113784746359	0.17534714507087892	0.01846596186550525	11192.029306596283
-1196.6446755423924	0.44871773495356054	0.6551319354045116	0.23069457304975066	1.6607257874830645	0.7798571814594317	0.14483872059914205	0.1727292759339802	0.0183775543315895	11200.460605602198
-1196.6325709666244	0.4487819986826187	0.6594562087656168	0.2329659169741671	1.6911386030466884	0.7679192550756162	0.1527873411700743	0.17651433225260182	0.01846520520574062	11191.106002099976
-1196.5894762703927	0.45050813492025044	0.6554758711484259	0.23302683578075614	1.6650396073975358	0.795029522529318	0.15228419238922203	0.17543644760429025	0.018423485379983586	11196.460205106947
-1196.5630679436297	0.4498048713721224	0.6582047138574184	0.23446435929757906	1.6846908243586785	0.7875212418694313	0.1531704724995198	0.17773183589600616	0.0184894450683344	11190.444241050509
-1196.8646669580185	0.45072462363181903	0.6524795224539689	0.22770293339852254	1.6249288062278069	0.7769715054455757	0.14642132893325796	0.16778553224715775	0.018298772481662486	11202.761188603128
-1196.7473652421288	0.45100197020645066	0.6533897090551299	0.22966520116137917	1.6329936612584273	0.7891553836959756	0.14774288542993483	0.1718706936305236	0.018346137940467758	11200.372300093031
-1196.6656019175157	0.44881144796592304	0.6579648584076543	0.23090049801567913	1.6717325283073776	0.7662646733047004	0.1486379900425742	0.17464356121993432	0.01840812950301521	11194.65399967212
-1196.5857429817213	0.45035800482337235	0.6555391601931455	0.2329946321920563	1.6652651509432652	0.79290283374519	0.15129239071612616	0.1745457941888462	0.018434051978870915	11195.313890084446
-1196.564548880971	0.44921713798089985	0.6562368840911612	0.23337561897428744	1.6796961654077243	0.7885989070515902	0.15129291053875535	0.17531353200101923	0.018424937734269387	11197.518422014698
-1196.6583742760154	0.45095262570846145	0.6544492070248115	0.2313119509344647	1.6471170805720265	0.7897550201344729	0.1495021457309361	0.17209119586987456	0.018397574494619116	11195.76519038764
-1196.5663000699242	0.44948690271614716	0.657924364945725	0.23418360822851467	1.686703293361211	0.7828378281529224	0.1526528351116623	0.1754112433848495	0.018464982102905977	11190.463384847033
-1196.602650761908	0.4497038198178753	0.65532353350631	0.23156753037162783	1.6625783758143202	0.7853630103218638	0.1498566130941513	0.17398786827209262	0.018391477482399922	11199.317659180393
-1197.0098687283917	0.4474484936584851	0.6612141357478618	0.22915617138456257	1.6803635003550321	0.7364616221433494	0.1464205446980757	0.17472837658340085	0.018365978702306635	11190.309092966407
-1196.598886951212	0.45044841902978305	0.6551267716869599	0.2324017197213055	1.6609230485738733	0.7921595679963477	0.15126775138344664	0.17422281772740802	0.018416663363500636	11196.981172287808
-1196.6452649273797	0.4511507991352434	0.6556604613346633	0.2317454089657655	1.649916634270106	0.7903826402777795	0.14995839870711752	0.1744651327336588	0.018436664002216392	11192.83442030654
-1196.6158963589878	0.44816922756903926	0.6585581233031312	0.23363303353610593	1.699247361607694	0.7713720478381004	0.15238817301759264	0.17474594654818432	0.018448084743920602	11193.485021784021
-1196.7169935880077	0.44794742134913407	0.659376831830748	0.23137846326471725	1.689876925069807	0.7572645601626942	0.1509771165297398	0.17530282507503667	0.018400178790640837	11194.724755219177
-1196.5819418939786	0.44943518438961816	0.655847188336469	0.23214315592607218	1.6713838889211676	0.7843294628179587	0.15119832008417874	0.17442252679064646	0.01839501272250505	11199.02672958178
-1196.592758898301	0.44897116764225187	0.6552123759187414	0.2315642641605491	1.6712650853025004	0.7817792075997003	0.15006370957332138	0.17305727374290467	0.01838037040233944	11201.789291168461
-1196.698498701779	0.4515265926806325	0.6542680913112939	0.23121558501795728	1.6391699804436102	0.7943515328398332	0.14927607768585735	0.1731710271548275	0.01839591123758508	11195.208570615208
-1196.6688908565732	0.45103004577668976	0.653906558592552	0.23102254110299342	1.6448613456703498	0.7921315289326946	0.1501902507976222	0.17246775701608189	0.018382123599117294	11198.62636166153
-1196.6141187233227	0.44992665605428	0.6550475794015533	0.23141044922359003	1.6593921549638349	0.7847200132563047	0.1496360794746555	0.17284004982913087	0.01838196585813042	11198.366070734539
-1196.5721820416318	0.44936009534216925	0.6560297975533521	0.23280485521248384	1.6752233621622552	0.7854727695402305	0.1508531198530027	0.17401191126724286	0.018424226890459652	11197.000017791794
-1196.6217593264387	0.44820873389907223	0.6602345199518649	0.23369420045778558	1.6945243238104413	0.7733040748552236	0.14979438028130956	0.17953604750599658	0.01849122861185935	11190.399471621371
-1196.7273305293668	0.4515085184511707	0.6531826599162054	0.23060747208025312	1.6350542447279768	0.7956267534446484	0.14921527413955102	0.1720396803420604	0.018393996854885464	11198.80495623068
-1196.6180968228018	0.4513401424926412	0.6552044677037617	0.23304923171722275	1.655995312621543	0.7952800405809332	0.15141411326236878	0.17339350615464122	0.018494571546890392	11191.499669682087
-1196.5792357424564	0.4496861794298072	0.6549904138610999	0.23284929562574297	1.670637415722371	0.7907717980487828	0.15088035099209132	0.1730654856481262	0.01840958140486531	11198.307139206343
