-1245.8876707500594	0.43800505369514287	0.5401885311071304	0.1806582148375172	0.990890091419268	0.015664501354093217	11479.00163139388
-1245.8539224874112	0.4378150295456663	0.5397900549946227	0.1814436590161042	1.0	0.01564729757074472	11480.951948103828
-1245.8580495844062	0.43806678322255854	0.5401526334635716	0.18141858336125427	0.9977387157489847	0.015707933100327944	11478.553010506494
-1245.8539378882597	0.4378631912247242	0.5398450264477339	0.18147594365209224	1.0	0.01565931284023392	11480.5302593866
-1245.8539165309514	0.43783945534309343	0.5398177696211118	0.1814621269244544	1.0	0.015648318202093395	11480.737409317826
-1245.8555056753958	0.43790379615996483	0.5399032311300467	0.1813220203746278	0.9982818858526089	0.015636127971309473	11480.215955333473
-1245.8556166882222	0.4379159411060743	0.5399335271825173	0.1813320702981779	0.9982311252303274	0.01565054726528074	11480.047897319128
-1245.86929449541	0.43805044806108534	0.5401621593135353	0.18103541869066786	0.9943347652683717	0.015662332660909377	11478.748938443336
-1245.8560137597588	0.43797750013130415	0.5399845340232311	0.18135364441630836	0.9981161964851786	0.015651867797897692	11479.587597854928
-1245.8549223361506	0.43781182854206774	0.5397920471592261	0.1812832602619201	0.9984969349600138	0.015643344384386627	11481.035223253053
-1245.8659941625779	0.4377893260607616	0.5398374047439171	0.18090333351527785	0.9950830377122875	0.015656496282221405	11481.122342566086
-1245.8539181313065	0.4378395320277936	0.539825203535331	0.18146119602471092	1.0	0.015650296332216783	11480.710819260317
-1245.8548624149553	0.43781291620216445	0.5398087632325766	0.1812802656794973	0.9985236777760833	0.015644450889070027	11480.972939697938
-1245.8817182239395	0.43757524322434216	0.5396681822584752	0.18043923101318807	0.992100173153742	0.015615162021507237	11482.853508443413
-1245.8539165916995	0.4378351334365258	0.5398119941339463	0.18145799999987067	1.0	0.015648794849366397	11480.779047219929
-1245.8539193212846	0.43785113558888317	0.5398206803589094	0.18146779174572217	0.9999999999999999	0.01564698551977024	11480.6740871466
-1245.8648458944776	0.43763028933447773	0.5396844407810251	0.1808252334213131	0.9955080770746649	0.015631850626745825	11482.404385862203
-1245.8805975112436	0.43727260407554863	0.5393022634382414	0.18028992665968624	0.9929228495146302	0.015596827715208152	11485.561254551732
-1245.8782468167924	0.43818816518538334	0.5401861437271395	0.18092552488168231	0.9928922303245712	0.015658340016829832	11478.106437328684
-1245.8539166669038	0.4378394713468022	0.5398153715296418	0.1814628133755613	1.0	0.01564832164932403	11480.745577862572
-1245.853928746359	0.4378382517465869	0.5397956890015947	0.1814473517683164	0.9999999999999999	0.015647926847622864	11480.831265715677
-1245.8539224450328	0.43783905600670564	0.5398209897170262	0.18145625117618366	1.0	0.01564580017718408	11480.731076672168
-1245.9666824091182	0.43682647801373015	0.538949820450418	0.1789830301516039	0.9834735665664857	0.015542853544525686	11489.276824358945
-1245.8539166969256	0.43784109063539817	0.5398191278450415	0.18146344042343007	1.0	0.015649971723656685	11480.7247922678
-1245.8576035799576	0.43807676514961585	0.5401619589693155	0.18141137791180922	0.9977994674312377	0.01562221920683221	11478.484318090166
-1245.853919307224	0.43782557048504794	0.5397942764561073	0.1814502162865358	0.9999999127142072	0.015648020622705486	11480.888171549159
-1245.8539167097997	0.4378385181360762	0.5398197226659381	0.18146125296457052	1.0	0.015648636943008668	11480.734853463866
-1245.8539222660997	0.4378594758422184	0.5398209475172847	0.181467661345121	1.0	0.015648756889944656	11480.637977536098
-1245.8539176506972	0.43783664310737247	0.539807851659075	0.18146024912745773	0.9999999999999999	0.01565042629588833	11480.786246363758
-1245.864397464853	0.43746856111307575	0.5394865234233358	0.18075268031942585	0.9959004173503914	0.01560920347509964	11483.855693214668
-1245.8563135138497	0.4379665052719742	0.5399950227311114	0.18136855843017768	0.9980334428246604	0.015655581378488204	11479.584647613714
-1245.8539249613127	0.4378462398706162	0.5398400465687591	0.18146456883274678	1.0	0.015646514611068845	11480.626831657555
-1245.8539169945727	0.4378349254837366	0.5398092792162335	0.18145630186384665	1.0	0.01564849693497223	11480.790768479099
-1245.8539174001644	0.4378329377175962	0.5398083829987492	0.1814551841037689	1.0	0.015649513226220733	11480.803084996985
-1245.8539183555692	0.4378335446894928	0.5398049631768274	0.181453199664381	1.0	0.015648031299905545	11480.814083884712
-1245.8808528127422	0.43739759898630565	0.5394740666833143	0.18035934910952	0.9925315300980523	0.01560896835536082	11484.362430102228
-1245.8539164168142	0.43783820018345604	0.5398141251393949	0.18146064871179785	1.0	0.015648473226084054	11480.75677559447
-1245.864760471923	0.43759629292807495	0.5396311396787162	0.1808147850796164	0.9955604930058177	0.01563659398088786	11482.747901696774
-1245.854600054959	0.4377336276465846	0.5397365013372972	0.18125207861589457	0.9986710096258152	0.01564732503994088	11481.589882554365
-1245.8542109968876	0.4375965089202111	0.539555519517959	0.18118074285363286	0.999068629308192	0.01563000239705728	11482.876927778081
-1245.854198432643	0.43757635326422617	0.5395322601278307	0.1811683353400124	0.9991385039743583	0.01562988162235492	11483.055533736604
-1245.853916532069	0.43783832800073635	0.5398141386955142	0.18146172865303595	1.0	0.015649246686609216	11480.755523859738
-1245.8542064605158	0.4375460551866108	0.5395022134081918	0.1811550307769853	0.9992118282278271	0.01562577785589292	11483.302145879525
-1245.8819202917007	0.4375806678036137	0.539649826712597	0.18044646676047396	0.9920501565502562	0.015600797141773079	11482.891160440016
-1245.8539171744592	0.43784353747800536	0.5398250427869075	0.18146623537837253	1.0	0.015649016207491297	11480.691386207454
-1245.8885482740784	0.43805960330842086	0.5402590986418816	0.1806777132981505	0.9907594023345613	0.01564670648943045	11478.501431237008
-1245.8542913211568	0.43762474221745706	0.5395882594750129	0.18120226446526136	0.9989470557408416	0.015632421540608923	11482.62296686229
-1245.8544088740516	0.43769829683560163	0.5396976588383844	0.181225122370632	0.9988156653574257	0.01564275972225579	11481.89969332304
-1245.8677503694366	0.4379337295160761	0.5401186739530864	0.18097605280339776	0.9946693791048017	0.015628931336412657	11479.443936203184
-1245.8542487978207	0.43803468297647696	0.539995030997837	0.1815772068614322	1.0	0.01566371631229475	11479.20147883774
-1245.850887365659	0.43748731322816015	0.5393333468127562	0.18148316386391694	1.0029207995606044	0.015622600499509316	11484.047497513595
-1245.85097583821	0.437957977319786	0.5399648993893479	0.18171371039604936	1.001642146192951	0.015693824285543702	11479.599263514532
-1245.8645743918746	0.4375320110885337	0.5395356023716007	0.1807745501278275	0.9957992089641813	0.01564302531732511	11483.394232776389
-1245.8547693521737	0.4377628341922974	0.539783206187504	0.18127034592385075	0.9985748031195744	0.01563747300115226	11481.284163202217
-1245.8546508979805	0.4377657419638844	0.5397551931244154	0.18126060942091798	0.9986334115149323	0.01563974205414142	11481.3805140763
-1245.869692798516	0.43780223303525195	0.5401073056820533	0.1809035812623962	0.9946004598452209	0.015643020251026128	11480.069471494926
-1245.850103093414	0.43772357476395446	0.5396400225278646	0.18160874554510667	1.0022228651964196	0.015650532992852777	11481.844105490825
-1245.8501390531549	0.43777871518527095	0.5397187136519901	0.18163080751740973	1.002093633253081	0.015654848264872914	11481.30954868583
-1245.8501132241997	0.4377053258806988	0.5395945955504325	0.18158946944387017	1.0023237636097853	0.015641720861052772	11482.100001551742
-1245.850413981132	0.43786705075978777	0.5398296789438409	0.18168218866112046	1.0018108439017726	0.01566024195318071	11480.495925610205
-1245.8503274010623	0.43785820409255927	0.53981041734737	0.18166971076548102	1.0018766289124685	0.01566003257354509	11480.612321308106
-1245.8522270651051	0.43775118106504834	0.5396406046110432	0.18184806132066167	1.0043296133285435	0.015652805135938166	11481.61583778449
-1245.850689321663	0.4379252307596909	0.539908373252604	0.18171064222646702	1.001650443971776	0.015654145212983205	11479.943763103513
-1245.850227211812	0.43782772964626826	0.539747744910844	0.18165180952108329	1.001980675539137	0.015642131110839386	11480.981507430955
-1245.8512052313317	0.437976071803322	0.5398718043779609	0.18173643503581283	1.0015084922868764	0.015637690060058447	11479.8411696769
-1245.8505773014274	0.4378927960754891	0.5398818150644965	0.18169455862518794	1.0017441809598324	0.01567360249707495	11480.189365288632
-1245.8549195423675	0.43781072680323724	0.5398085729495614	0.18128311756292612	0.9984978109280975	0.015638465647126298	11480.980359071487
-1245.850145501995	0.4377741834602912	0.5397196249016009	0.18163361891445326	1.0020818467159764	0.015655483408514397	11481.323404377652
-1245.8501334105617	0.43777887689788053	0.5397078559523705	0.18163281121792424	1.0020843159759516	0.015648911934891287	11481.34663458275
-1245.8549198851917	0.43782784447532286	0.5397614520717319	0.1812757877728886	0.9985469304643712	0.015660562833161053	11481.084042564615
-1245.853226720285	0.4378590007279941	0.5398420676574708	0.18152827382123413	1.0004409591901053	0.01563752690922319	11480.537620166588
-1245.8501000780225	0.4377138949117105	0.539629355441494	0.1815983253930624	1.0022726878973742	0.015640253371691486	11481.931296826764
-1245.852166389925	0.43779129892295143	0.539651740470107	0.18185123811655904	1.0041584752743227	0.015651351818507055	11481.399607049063
-1245.8654366071155	0.43772011065738275	0.5397600224001305	0.18087265927325133	0.9952423095516033	0.015621573025329152	11481.71666142984
-1245.8810071364314	0.437452348889782	0.5394981065749108	0.18037941623695974	0.9924289876182373	0.015615792045370063	11484.029738343665
-1245.850157761662	0.43771122395963397	0.5396441580213119	0.18159226930997188	1.0023109347119388	0.015631395454106047	11481.893910013332
-1245.8643721970598	0.437468549857691	0.5394729671942687	0.1807502987339169	0.9959194169981763	0.015612817564795238	11483.906561017147
-1246.5875120378585	0.4384980115736665	0.5414854887276747	0.17690356678137914	0.9497299420759715	0.015612945389433227	11473.747038758851
-1245.9368154967187	0.43761157674978585	0.5397800167228746	0.1797268903231433	0.9849064264314106	0.015576733661003995	11482.569463450145
-1245.8502866984186	0.4378298681723017	0.539810429992104	0.1816609404345647	1.0019299865046392	0.015644583707199535	11480.739000117963
-1245.8547367002734	0.437783743467034	0.5397711163828962	0.1812675885863711	0.9985869032112265	0.01564806740151008	11481.24151785507
-1245.8526564632903	0.43776202625796723	0.539629366883875	0.1819224797322223	1.0049970693688086	0.015652839053918885	11481.57890369305
-1245.9677998241593	0.4382410114247599	0.5406319720767103	0.17988656020543056	0.9818323294006985	0.015632154263805344	11476.68019592397
-1245.8520243435812	0.4377642356376784	0.5396897528832155	0.18178304853924154	1.0035085657595695	0.0156507439651642	11481.401195752595
-1245.8503645879152	0.4378773369059614	0.5398043658060913	0.1816759015080744	1.0018436532437736	0.015652270865875166	11480.548632793312
-1246.0558985976882	0.43667476548549566	0.5388778896598735	0.1781821735659057	0.9766706261459194	0.015542109805229644	11490.495331294687
-1245.8505399698242	0.4378850339272656	0.5397849096595365	0.18167474159711153	1.001828869391731	0.015665469624656758	11480.584935192937
-1245.852682354227	0.4376252065327628	0.5395037539219616	0.18192645904081733	1.0059671960375827	0.015651381697835576	11482.646423628872
-1245.8502086211797	0.43781059815499707	0.5397478153486762	0.1816467843874473	1.0020074613056924	0.015661757287864217	11481.057481501372
-1245.8542761233298	0.4376311073072898	0.5396044435830435	0.18119899976734188	0.9989628888321166	0.015625001569370724	11482.54005763139
-1245.8502190758395	0.4378287219369393	0.5397326180544639	0.1816484382210608	1.0019969318991588	0.015658613807663525	11481.034456221794
-1245.8500939465237	0.43772186286662823	0.5396308573915173	0.1816014827326485	1.0022585428986583	0.015644980555754216	11481.88990333113
-1245.8501411202442	0.4377102602203395	0.5396223196098541	0.1816065886169523	1.0022315263938146	0.015631019345376414	11481.965944677459
-1245.8501902694497	0.4378101211720089	0.5397465386482362	0.181647501428459	1.0020011570962155	0.015652338631677462	11481.063457632139
-1245.8515340556519	0.4373756894510974	0.5392239869725146	0.18143849017281927	1.0031660861879628	0.015617875888584664	11484.949072045898
-1245.966682176194	0.4368838587170566	0.5390398790690876	0.17901846559209927	0.9832434635704542	0.015546779232723672	11488.688101654763
-1245.8502456949084	0.4378346301534365	0.5397922317132823	0.1816580014311282	1.0019477500860525	0.015651235030776214	11480.78691966501
-1245.8542113347858	0.43760208661767896	0.5395679765632257	0.18118063898222453	0.9990736252602715	0.015634799038085484	11482.808548594638
-1245.865259770206	0.43769831562276146	0.5397331850678944	0.18086143215268746	0.9953063074275581	0.015624019717708803	11481.913974950165
-1245.8501278278968	0.43767070992176244	0.5395706579576192	0.1815786506729591	1.0023849181234499	0.01564068468837183	11482.341183940665
-1245.8539164495983	0.4378404481032454	0.5398180016323996	0.1814621013989437	1.0	0.015648881087826864	11480.732394309394
-1245.8707037422178	0.43819531956204594	0.5402581204094975	0.18107202578416015	0.9941286264946063	0.01566872360071364	11477.764043017814
-1245.9031904810436	0.43720557829722506	0.5392807088571078	0.1798862546785976	0.989640134357209	0.015586287063533101	11486.086927925953
-1245.8542799348147	0.4374851792886704	0.5394437092643932	0.18112871151553653	0.9993518671764089	0.015626498578104716	11483.790464206957
-1245.8539472646703	0.4378336357533527	0.5397953144715545	0.1814637816361033	0.9999912538879143	0.015651794245799242	11480.841800523905
-1245.8539164759582	0.43783755426847487	0.53981256011938	0.18146059658157723	1.0	0.0156484115591297	11480.765185833285
-1246.26071174665	0.4374065554852032	0.539960588999245	0.17745557426865827	0.9637103107177808	0.015552441133358566	11483.69668806256
-1245.8548697655983	0.4378078016392307	0.5398075133673299	0.18128079418240806	0.9985173976569321	0.015642320123420782	11480.998576241791
-1245.8668695224167	0.43786914689031226	0.539975216726756	0.1809454666181701	0.9948380574676083	0.01566030046041149	11480.256597534231
-1245.854567658342	0.43739570426559865	0.5393277869174495	0.18108295222102802	0.9996153377181453	0.015618725254330812	11484.622158331325
-1245.855623131316	0.43793831607667905	0.539934908733543	0.1813317233911537	0.9982444392573661	0.01565469133003591	11479.948950926482
-1245.8540474396955	0.43772979250852173	0.5396949224829302	0.18138188950953582	1.0	0.015643554419682085	11481.692899504718
-1245.8539164207853	0.43784005876021126	0.5398172415117376	0.18146207478812695	1.0	0.015648992785088904	11480.736799296445
-1246.5611150927525	0.4381485231075906	0.5410505471723407	0.17671797679639092	0.9507316614490595	0.015576718413343734	11476.887417506017
-1245.8539165234097	0.4378371105777355	0.5398118470092709	0.18145884730727965	0.9999999999999999	0.015648669366887465	11480.770707779078
-1245.8539166535988	0.43784256610958416	0.5398216614674898	0.1814638673030977	1.0	0.015649159457137247	11480.709151284924
-1245.880772115856	0.43738870757236936	0.5394515290182359	0.18034994870492443	0.9925958675658587	0.015608258856284812	11484.48819944733
-1245.9138813350141	0.43806219990316125	0.5403262589626553	0.18031190792871785	0.9872539657961595	0.01564278325145577	11478.39813000026
-1245.8542188882595	0.43761331372419104	0.5395778634333831	0.18118644735360573	0.9990378900030263	0.01563329471429932	11482.720943865106
-1249.7052005284158	0.4393802813550186	0.5435112460268147	0.17087319320182848	0.8805997180118736	0.015511174517669498	11465.481505240483
-1245.8852810912745	0.4378840562639625	0.540062202110535	0.18059112153525056	0.9912564354834799	0.015630858289150028	11480.017461515452
-1245.853922970538	0.4378563029913521	0.5398284720835343	0.18147667571104642	1.0	0.01565005538489684	11480.618664085958
-1245.8812585712399	0.4374973999827514	0.5395994655971431	0.18039413741127658	0.9923442140946691	0.015592300987177623	11483.463516317814
-1245.8543769402768	0.4374612833020092	0.5393954332714881	0.1811123413384388	0.9994532661355429	0.015612622837252222	11484.07841546844
-1245.8539164415313	0.4378391140138144	0.5398152210641054	0.18146092544632536	1.0	0.015648428624981427	11480.748789472224
-1245.8539249519117	0.43786549813026543	0.5398445197635078	0.18147821551375262	1.0	0.015653497040703918	11480.52094494474
-1245.8539756923385	0.4379053677552899	0.5399060038745627	0.18151341430097914	1.0	0.015651886365499273	11480.108816868671
-1245.880623895685	0.4372919299734442	0.5393067392635198	0.1803045368415963	0.992835947314071	0.01559769006858692	11485.452583622518
-1245.8539349204025	0.4378530899662474	0.5398588275024706	0.18146862782753637	1.0	0.015652458089860207	11480.527605834553
-1245.8539314430193	0.4378296233938669	0.5398048044077425	0.1814487312673276	1.0	0.01564118527135791	11480.83395566025
-1245.8548680547171	0.43734981210158613	0.5392796664330815	0.18105963873019715	0.9997472569280882	0.015598780862688783	11485.007576491307
-1245.853916414917	0.4378391278012692	0.5398166291262217	0.18146179370593243	1.0	0.015648847730260908	11480.743114781146
-1246.284427535135	0.43800663103239673	0.54071089484122	0.1777325256582911	0.9621847617087894	0.015594354326334112	11478.303812001728
-1245.8539164312406	0.4378369256083945	0.5398129605525812	0.18145975255021207	0.9999999999999999	0.01564903696670932	11480.766913418263
-1245.853916775256	0.4378431260940071	0.5398209495774859	0.18146290175428323	1.0	0.015648651939248834	11480.709949288159
-1245.853916614406	0.43783465911148955	0.5398112290387598	0.1814586753860845	1.0	0.015649338131195546	11480.783398505804
-1245.853917131722	0.4378471618327552	0.5398221189115956	0.18146650855910476	1.0	0.015649682886562242	11480.686466132509
-1245.8546150987247	0.43774760667190893	0.5397231178416723	0.1812514651819417	0.9986723010529182	0.015651804248822412	11481.579520297635
-1245.8539167270542	0.43783883415623487	0.5398166263892195	0.18146046562358345	1.0	0.015650005100964537	11480.74518021571
-1245.8542093686738	0.4375992251487391	0.5395592138791154	0.18117842821128044	0.9990878308634775	0.015633852155529364	11482.853967204006
-1245.8539164033323	0.437839168848382	0.5398160845255822	0.1814612366789077	1.0	0.01564908675970031	11480.745249520924
-1245.8825533632848	0.4376777660064994	0.539775166678112	0.18048508607990105	0.9918426237627932	0.015613793676375994	11482.001158140783
-1245.9316658025919	0.4369766121269814	0.5390630348567238	0.17941902557752828	0.9866085594010926	0.01556443897491214	11488.052048820566
-1245.853923087441	0.4378143945894611	0.5397881888857285	0.18144307687865177	1.0	0.015646306001076277	11480.961723077578
-1245.8539164773574	0.43783733051230544	0.5398141674410862	0.18146067483144843	1.0	0.015648218999518147	11480.760280050397
-1245.8539170073168	0.4378430954647954	0.5398160606367762	0.1814622836176613	1.0	0.015650323710846663	11480.728108331725
-1245.8549525355702	0.43783328723142173	0.5398390006801184	0.18128547188735614	0.9984874344973586	0.015641040109312204	11480.773640892512
-1245.8539169172439	0.43784134203472547	0.5398229460776108	0.18146470304220555	1.0	0.015648982124540318	11480.709170183509
-1246.3128392330964	0.43802637045200193	0.5409268614692151	0.17770168375826514	0.9609524663064546	0.015528464585875545	11477.431307063254
-1245.8539195421931	0.4378505799056022	0.539833075402996	0.18146926074374736	1.0	0.0156522142867704	11480.630782496799
-1245.8520293476022	0.43778020239579934	0.5396852056410126	0.1818061142539805	1.0036896751149782	0.015653820631135795	11481.341169286385
-1245.9052645479387	0.43754623399275244	0.5397042383268794	0.18006100147035212	0.9886211077290531	0.01561212757043519	11482.998124874552
-1245.8556813289506	0.43790037991457564	0.5399266088874708	0.1813327284990411	0.9982231886445863	0.015636543030478137	11480.137815787131
-1245.8501615586129	0.4377947881262708	0.5397295889068369	0.18164142705355105	1.0020410873307035	0.015649242553795035	11481.194387783835
-1245.8523421162172	0.43768780954960507	0.5395292974600827	0.1819591534401972	1.0057862592851199	0.015644688352522206	11482.26405136342
-1245.8502149618898	0.43782698498810446	0.5397464876080775	0.1816527131552845	1.0019766674780017	0.015652339907894355	11480.988536077837
-1245.850099056101	0.4377308079229234	0.5396709746173987	0.1816109023049076	1.0022065837706258	0.015642962542421316	11481.69992054524
-1245.8806578399922	0.43731796894625463	0.539393745863137	0.18031913542309372	0.9927626763855015	0.01560880558566485	11485.018137179231
-1245.850422705224	0.4375566622595477	0.5394539965188117	0.1815314542576335	1.0026475425944426	0.015619898048847213	11483.281185603806
-1245.931720693462	0.4370461831723787	0.5391528270949995	0.1794522082937644	0.9864206500813619	0.015570790364628736	11487.411355679224
-1245.8552475365957	0.4378641002201095	0.5398673601992245	0.18130871698417594	0.9983623097778906	0.015640890288891773	11480.523485763448
-1245.8503918271936	0.4375604170876322	0.5394552298250465	0.18152987469429488	1.0026615631407463	0.01563438965327312	11483.262127006781
-1245.8520169827796	0.43777477598149356	0.5396811145671712	0.18178344272627533	1.0035333584275639	0.015650613921950923	11481.38832781842
-1245.8660428913365	0.4377790063478227	0.5398170217485785	0.18089238128667828	0.9951324494937954	0.0156736480508293	11481.247649197712
-1245.8501865093162	0.4378177720670349	0.5397448393668308	0.18164429033022322	1.0020253423218393	0.015656127174840606	11481.039948546399
-1245.90697651411	0.43770178756563366	0.5398797185029957	0.1801280936164179	0.9882492682256263	0.015622696147862962	11481.660805670866
-1245.854417610239	0.4377084695320638	0.5396717067238157	0.18123123968004934	0.99879030435004	0.015637036582393335	11481.946072347697
-1245.9653890851296	0.4380723136338735	0.5405119923248591	0.17981063826856475	0.9820504166944272	0.015608207763757771	11477.87261606011
-1245.8520285306276	0.43777336934193056	0.5396789009083045	0.18179927052027664	1.0037023114310757	0.01565266950318856	11481.397405001124
-1245.8501428200325	0.4376570657046627	0.5395685319089075	0.18158017505597787	1.0023831103394947	0.01563598749026892	11482.40552983225
-1245.852720137856	0.43780436484372204	0.5396962350006024	0.18196927788230194	1.0050195547052438	0.01565820929694934	11481.128214614471
-1245.8501074275946	0.4376823501620864	0.5395987693965527	0.18158726336477382	1.0023379303683724	0.015642274620390192	11482.183813191868
-1245.8520177807036	0.43777474489931256	0.5396807258850362	0.18177728288534747	1.0034961322678966	0.015650550181915933	11481.392515597705
-1246.016201308902	0.43726005737344864	0.5386075160650561	0.18391759544702707	1.0277458412581941	0.015726102001081283	11486.764192252229
-1245.8501450988183	0.4377843113913163	0.539722249172438	0.18163637055219298	1.0020651926730246	0.01565138614071362	11481.268952551462
-1245.8500953259304	0.43770909947323017	0.539628736322254	0.1815971392118638	1.0022830760107846	0.015643236590867058	11481.954867453445
-1245.8501845466778	0.4378052117458987	0.5397486519398078	0.18164679253575933	1.002007200921179	0.015651465037448336	11481.077211502128
-1245.8814387279972	0.4373287565500398	0.5394933815112779	0.1804981945885556	0.9945641909411503	0.015806310559485014	11484.535073805186
-1245.8543187571581	0.4374758236652282	0.5394195457021109	0.18112114949206629	0.9994035662163749	0.015616944977736573	11483.923207186554
-1245.8520268907928	0.4377726024065248	0.5396709523453108	0.18178276411063635	1.0034724488964264	0.015652166958030258	11481.432904905276
-1245.8542061187986	0.4375760114220673	0.5395147881815466	0.18116342597278282	0.9991665880299717	0.01562520794156048	11483.123815099929
-1245.850601041009	0.43753340835126137	0.5394016606539456	0.18150531571091286	1.0027868375834883	0.015632816767300224	11483.588439254878
-1245.8520177293371	0.4377874282419559	0.5396890736736651	0.18178428530476118	1.0034791976372148	0.01565235964456773	11481.303973013688
-1245.850108140769	0.43770544749223134	0.5396214679125944	0.181600324307009	1.002270102865715	0.01563720648935535	11481.994244730437
-1245.8547914723022	0.4377537801696428	0.5397699203051778	0.18126982045462706	0.9985739844336685	0.015633455527733982	11481.370620475207
-1245.8501378318188	0.4376901478546443	0.5395921937235143	0.18158913286805803	1.002318063700232	0.015633190086973794	11482.172693266086
-1245.8819562940826	0.43759501730967904	0.5396941357664573	0.18045365463466323	0.9920311183328121	0.015624801641568244	11482.665443684056
-1245.8505053601293	0.4378938299269363	0.5398148443669635	0.18169209531128042	1.0017624894785004	0.015653792381194766	11480.428925960658
-1245.9030330775397	0.4371416395417437	0.5391692792298406	0.1798564282000526	0.9897607466037357	0.015585496295225857	11486.78281378148
-1245.9384994918876	0.4377328822449516	0.5399511026269794	0.17977975377334834	0.9846235723790548	0.01562526658155056	11481.404255282985
-1245.8500982658782	0.4377264811150359	0.5396422664036863	0.18160569642412194	1.002238150536153	0.01564030514045944	11481.826010575774
-1245.8546963988415	0.43775014023850223	0.5398164838085852	0.1812569988803581	0.998655611968154	0.015645439261280515	11481.22800765675
-1245.8546127449933	0.4375552362934789	0.5395186981635282	0.18116262884636145	0.9991655770816344	0.01558332645433015	11483.197932253675
-1245.8542040938723	0.437553545583268	0.5395083674277659	0.18115861902535255	0.9991951672955295	0.01562595800068923	11483.245594355698
-1245.8553165914923	0.43788340386711855	0.5398822578415424	0.18130048976392876	0.9983964123642358	0.015625044824266097	11480.393971670386
-1246.0460213664853	0.43842728990471097	0.5409693410355534	0.17939492300682983	0.9755685493940858	0.01565438999195219	11474.868890867594
-1245.8501493259182	0.4376506364661405	0.5395576791064992	0.1815711945375109	1.002426587995696	0.015641822544651126	11482.47867569584
-1245.8509303803194	0.4374772577352362	0.539328067740704	0.18147843704885153	1.0029455872672806	0.01563251075698773	11484.112703453424
-1245.8520295510564	0.43779351860272797	0.5396635920782262	0.18200735163803392	1.0055174279115642	0.01565553989771966	11481.293859744897
-1245.8522773397099	0.43782169208010946	0.5397682958036266	0.1815978292988989	1.001158863341486	0.015657291223972792	11480.934361338206
-1245.8554122433166	0.43724891753629774	0.5391550477829266	0.1810155413488924	0.9999938470253669	0.015611001759033575	11485.917584822244
-1245.8541523760882	0.43777447693780586	0.5398072861244968	0.18147115736369077	1.0	0.01562912272228066	11481.044188892094
-1245.853916670606	0.43784206035272794	0.5398176558663935	0.1814637357315292	1.0	0.01564972197727175	11480.725829288189
-1245.8651839093172	0.4376795086587858	0.5396751934468886	0.18085240926625526	0.9953524808665019	0.015637132892104718	11482.209206204318
-1245.8539164301392	0.43783800355580027	0.5398128349637386	0.18146012694907507	1.0	0.01564894588837178	11480.762584162088
-1245.8539174688399	0.4378484447966555	0.5398251004157517	0.1814680048803861	0.9999999999999999	0.01564990585336435	11480.669363626235
-1245.8539270728966	0.43782354431149845	0.5398153923846569	0.18146283055038887	1.0	0.015645254162549447	11480.812764130238
-1245.8539168051693	0.43784279118828506	0.5398172862501414	0.18146379642344737	1.0	0.015650015770557288	11480.724039615783
-1245.8539164120348	0.43783881231641125	0.5398149241858102	0.1814610523913202	1.0	0.01564853411030926	11480.751057616373
-1245.8539190434442	0.43783313481339214	0.5398227919566473	0.18146122781817503	1.0	0.015650789609755883	11480.746525590059
-1245.853916958723	0.4378380240632801	0.5398090772153341	0.18146019618912096	1.0	0.01564772217440428	11480.77602150105
-1245.8643723815958	0.43745997856639124	0.5394767903859524	0.18074822726093967	0.9959268189035106	0.01561542476052828	11483.930458872701
-1245.8539361265043	0.4378221110768159	0.53982280401614	0.18144544176996433	0.9999999999999999	0.015649843334858516	11480.80271673001
-1245.8658237551167	0.43776709260756475	0.5398122679125098	0.18089732565900243	0.9951042399335174	0.01563528461138937	11481.311210525404
-1245.932106738232	0.43715014363065585	0.5392702048912894	0.17949368322401943	0.9861931413781471	0.01560340511969472	11486.520242793247
-1245.853935834703	0.4378277277569377	0.5398040055225196	0.18144982152563122	0.9999960700410573	0.0156550247221396	11480.844068223178
-1245.9065937831988	0.43764534768581537	0.5398218309034418	0.18010495957556896	0.9884056629378581	0.015655920095559724	11482.123849708994
-1245.8854619365507	0.4379127507521502	0.5400512152192348	0.18059710573783	0.9912285975483319	0.015624167698475142	11479.931587282743
-1245.880596717882	0.43727264617195477	0.5393029512107445	0.18029136285153194	0.9929141679635544	0.01559795355868607	11485.55752280224
-1245.8539188598033	0.43783213243854485	0.5398065393342434	0.18146135935177762	1.0	0.01564802321301055	11480.809354847233
-1245.8539245969187	0.4378183756124218	0.5397945150323094	0.18145614520350326	1.0	0.015647489358356283	11480.914071644253
-1245.86720751914	0.4378870986399892	0.5400360691107031	0.1809591850295323	0.9947620627904117	0.01565862358561043	11479.951087501457
-1245.853917416653	0.4378454134338082	0.539814409496238	0.18146245632221653	0.9999999999999999	0.01564978519709594	11480.72417304374
-1245.9044776248916	0.43745997160669614	0.5396336230305447	0.18002119248032583	0.9888682427042581	0.015611275978680941	11483.645105982707
-1245.8542906455086	0.43749435885513305	0.5394565861774474	0.18112954991130178	0.999362551751738	0.015628209133794427	11483.704722486795
-1245.853916800205	0.43784359008319507	0.5398200442362685	0.18146407296197137	1.0	0.015650119403384885	11480.71053857829
-1245.8899266639091	0.4381383016660304	0.5403448024151667	0.1807138187134152	0.9905763254199873	0.01563897110896407	11477.83522761019
-1245.8539163876508	0.4378382589527304	0.5398148852089658	0.18146080020297656	1.0	0.015648886626307833	11480.753690355861
-1245.8542844421486	0.43749526555073526	0.53943196444666	0.18112767443208874	0.9993690311653002	0.01562698754752737	11483.79125398876
-1245.8539168496634	0.4378415410290047	0.5398153321067758	0.18146380525520348	1.0	0.01564845522769387	11480.736369351818
-1246.0080882085306	0.4367503419676134	0.5388852108735497	0.1785637826358418	0.9801336163216693	0.015561285622131013	11490.008453502169
-1245.8539166201733	0.43783472304754273	0.539809441396915	0.1814585727224047	1.0	0.015648102043003497	11480.789645289638
-1245.864946113681	0.4376408637643215	0.5397097644418809	0.18083305425968266	0.9954655738348418	0.015618299098433574	11482.26250747718
-1245.9157594056594	0.43815997011180335	0.5404248949412943	0.18034684194972608	0.9870458997150915	0.0156516552329782	11477.605287502209
-1245.8539215673015	0.4378353534395612	0.539830957841036	0.18146352196629476	1.0	0.01565170257127461	11480.706265814977
-1245.853917207373	0.43784380428119274	0.5398212796101578	0.18146658011271147	1.0	0.01564908460481289	11480.703633240257
-1246.0855618481282	0.4380463634483272	0.5405703556332933	0.1788585941741297	0.9728958171496853	0.015598202318420261	11478.172832388998
-1245.880605628438	0.4372904613002188	0.5393207261375788	0.1802997722948653	0.9928652560810889	0.015603928138565018	11485.411978161173
-1245.8544846802904	0.4377300725402409	0.5396879379010259	0.1812367930994225	0.9987591635833613	0.015627514420987206	11481.791997365073
-1245.8539165850602	0.4378389443296264	0.5398134249331348	0.18146186566768108	1.0	0.015649258532490627	11480.755413424335
-1245.8539278029932	0.4378517591858798	0.539812578961235	0.1814587574617504	1.0	0.015644783819196807	11480.706250757306
-1245.8658590016948	0.4377739500933455	0.5397944752515124	0.1808984757483283	0.995098134056109	0.015632721847309048	11481.345539632326
-1245.8558489367656	0.43793809878087436	0.5399181208261078	0.18134321315150478	0.9981670714094313	0.015647313724838068	11480.00124185697
-1245.8539186098126	0.4378517284733236	0.5398308767798355	0.18147133647691185	1.0	0.015649598332462215	11480.63259148364
-1245.8539164688968	0.43783675010660617	0.5398113735302855	0.18145955731181312	1.0	0.015648859228389687	11480.773504034607
-1245.854803200363	0.43778361841160407	0.5398033480657978	0.18127429617797222	0.9985513964326754	0.015642743030914192	11481.120647134814
-1245.853917831367	0.4378348608754069	0.5398019694860242	0.18145714073107205	1.0	0.015649394135636683	11480.816917196356
-1245.8539943618696	0.43786238575996644	0.539828167335753	0.18144619541311194	1.0	0.01565592363373302	11480.612797757212
-1245.854732764665	0.43737399778189645	0.5393061780630206	0.18106584993602173	0.999706201627129	0.015621116274651431	11484.80487941344
-1245.8539165588054	0.4378385387273379	0.5398137661200915	0.18146090176150595	1.0	0.015649695168266517	11480.756486516728
-1245.8501000758351	0.4377048985703132	0.5396214526124793	0.18159436296710715	1.002300811310579	0.015642073183645577	11482.001136166968
-1245.9030212572138	0.4371389173178668	0.539197583100159	0.17986202271333854	0.9897252535544531	0.015581117942038354	11486.688261592992
-1245.865532478591	0.4371062762588892	0.5390286819631195	0.18058542549605563	0.9968204667391902	0.015575122575378665	11487.163953461317
-1245.8561471257299	0.43796303804696646	0.5399701764998466	0.18135888779415188	0.9980851113453979	0.0156396643061825	11479.696310958803
-1245.907045039957	0.43768640411076287	0.5398160471724458	0.18012699631917095	0.9882690333995734	0.015586440692977049	11481.955461975322
-1245.8521979900788	0.4380056653319576	0.5399180272625859	0.1821101799752263	1.0049447671018923	0.015667978609223015	11479.396966584387
-1245.8500927497741	0.4377290995382284	0.5396526953501377	0.181606813824777	1.0022282893104846	0.015646197168638715	11481.776290274578
-1245.8503193409354	0.43786870330082606	0.5398061511398871	0.1816702974168227	1.0018823018309928	0.015653321728240962	11480.583254960919
-1245.8501528205682	0.4377722952032675	0.5396809658967612	0.181627858585843	1.0021076517802152	0.01563732231351722	11481.475215264358
-1245.86627151279	0.43781720769721266	0.5398659808153666	0.18092139969828205	0.9949728986396785	0.015635280878555362	11480.887819180714
-1245.8500966636582	0.4377322888582298	0.5396445849675278	0.1816078914923369	1.0022229584505065	0.0156415919913337	11481.791312155621
-1245.9373442149474	0.4375059680808632	0.5395204367286373	0.17961334394673423	0.9856618832103857	0.015715567048305863	11484.022568423843
-1245.857171754813	0.43783829632192306	0.53977556521052	0.18119283025378108	0.9983702518257028	0.01565346119840151	11481.023439549519
-1245.8519526732846	0.43809786817211305	0.5400508380396442	0.18178400304354303	1.001251663432717	0.01563557988697728	11478.643645098013
-1245.850097215157	0.43770463440881985	0.539624507240786	0.18159505331317394	1.0022929341682456	0.015645461025674906	11481.990563684021
-1245.85038428476	0.4376994933113049	0.5396735765992614	0.18157869697015097	1.0023865409172517	0.015668372805617687	11481.84760010957
-1245.8543257041622	0.43766912581957146	0.5396426918725649	0.18121532041103366	0.9988766986456622	0.01563160512457259	11482.22909369727
-1245.8550752976555	0.43783956122793527	0.5398486886647819	0.18129686791999913	0.9984269329410714	0.015647208252609287	11480.703530332872
-1245.8521339658569	0.4377544827247721	0.5396389339484835	0.18198949206523998	1.0056241857662445	0.01565419985287591	11481.56209482308
-1245.966603306544	0.43681653588292474	0.5389511301363673	0.17898075837547936	0.9834439106236584	0.015549356949866339	11489.31900358434
-1245.8501844998	0.43780693126319276	0.5397311550075649	0.1816459648405102	1.002011895766429	0.015653422055970517	11481.13379662777
-1245.906101231109	0.4380781282760465	0.5402213810293324	0.1804419248956166	0.9885569817484129	0.015590961402723586	11478.64250042808
-1245.8501984282757	0.43780636369020376	0.5397483645099033	0.1816479713108058	1.0019962939946172	0.01564741561385522	11481.072260429324
-1245.8530928108826	0.43756069460666447	0.5393801881538318	0.18189442258952712	1.0061398490170481	0.015640537431750874	11483.39098146298
-1245.8502690947164	0.43785205349803424	0.5397943259078021	0.181661650416396	1.001928396317252	0.01565581999916046	11480.702938681885
-1245.8502183996932	0.43781823572694284	0.5397558671403	0.18165379531183823	1.001968229841317	0.01565283971374127	11480.990711781695
-1245.8543535681101	0.4376902179870351	0.5396770105398437	0.18122019192644542	0.9988557352300952	0.015639926721563467	11482.012533689081
-1245.8624725765976	0.43839699033334034	0.5404363874361601	0.18156563052666075	0.9969431203626633	0.015679506883932874	11476.02428196358
-1245.854528705981	0.4377229691539288	0.5397600436939574	0.1812368167960423	0.9987606624051967	0.0156300261301009	11481.561799018133
-1245.8503342994754	0.437767657726419	0.5397438553542372	0.18163790967052013	1.00203786137352	0.015669934575611204	11481.258530884166
-1245.883496420892	0.4377577064693038	0.539878409962286	0.18052740720476054	0.9916055536253345	0.01562543769753672	11481.260142567773
-1245.855525237258	0.4378435272271997	0.5396460658703345	0.1820599324878027	1.0061070744464145	0.01564219262272111	11481.102384278487
-1245.9674828167072	0.43708792437143534	0.5392805964275598	0.17911203589598926	0.9827165971800891	0.015560899075678907	11486.895243972782
-1245.8652862278418	0.43770030741986354	0.5397357951539566	0.18086317628070783	0.9952927293307694	0.01562869906804278	11481.89474628895
-1245.8501300392759	0.43776513368132913	0.5396860965154013	0.18162280853939314	1.0021467256394314	0.015656675470360072	11481.49119225089
-1246.2954947819667	0.436955005226445	0.5379742237490761	0.18546079980549174	1.0436190417216344	0.015710419978521187	11489.844365777124
-1245.868122943446	0.4379751623022606	0.5400098278858428	0.18099699393540292	0.9945576954874108	0.01565293161537131	11479.64529305311
-1245.8504314847182	0.43785276324499833	0.5398001443287176	0.181665022937492	1.0019175429875375	0.01567989366163221	11480.676430177711
-1245.8542063750876	0.43759326708569984	0.539550630341088	0.181178292828405	0.9990833709990641	0.01563109462279886	11482.91016890658
-1245.8508382826678	0.4379675677268883	0.5399357976017519	0.18172443108987002	1.0015765705683286	0.015656058737947266	11479.655333320083
-1245.8859613935433	0.43792532875970036	0.5400188718668647	0.18060838307506627	0.9911515350872827	0.015622622026066301	11479.985816031192
-1245.8565416214103	0.4371710085812622	0.5390638122073774	0.18097680739167504	1.000210819479787	0.01555855142827297	11486.605811289206
-1245.8520181072042	0.437789513901913	0.5396900112521574	0.18179313716399817	1.0035487750546832	0.01565130103363413	11481.28839300679
-1245.9086394131268	0.43782436167052885	0.5397582623554494	0.18015672497683297	0.9880903636817291	0.015590799497092498	11481.559627743049
-1245.9492437281272	0.4381012097066059	0.540511672561689	0.17999375987096336	0.9834395379089236	0.015610226565255915	11477.679521029628
-1245.850236291189	0.4378221050429758	0.5397887696486803	0.1816554325914284	1.0019624040832174	0.01564833764128955	11480.85434859579
-1245.8552776942372	0.43785781797825934	0.5398240378195938	0.18130241638665334	0.9983809092666905	0.01563361320153733	11480.710082704869
-1246.0394401888313	0.43826892699104764	0.5407283914324188	0.17931755869612204	0.9759927430313361	0.015654214475030404	11476.454490615848
-1245.8501713701546	0.4376391676056637	0.5395445666153561	0.1815665485750047	1.0024552461686986	0.015637056004656275	11482.578182790809
-1245.8545161927148	0.4377201500838346	0.539706810620701	0.18124323567099743	0.9987297448676087	0.015647191267266703	11481.760953459498
-1245.8539172500466	0.43783292807760604	0.539806905139165	0.18145610489475622	1.0	0.015647086947089394	11480.807896705795
-1245.8539185424013	0.4378396369580106	0.5398284812822413	0.18146327980520144	1.0	0.015648071502263643	11480.697263206814
-1245.8539170179672	0.43783729344589745	0.5398156119362995	0.1814587982702057	1.0	0.015647662928085157	11480.756373254031
-1245.8549902807413	0.43789123011668696	0.5398850721664095	0.18143003636616173	0.9995027244897825	0.015638455260533462	11480.280604391604
-1245.8539165187901	0.4378352513659128	0.5398119181882792	0.18145949505476316	0.9999999999999999	0.01564830242574696	11480.777906099125
-1245.8806007428034	0.4372818932996485	0.5393172564619693	0.18029513239872505	0.9928915707622609	0.015602409387689213	11485.464127902642
-1245.8806368290816	0.4373375172998261	0.5393732078231338	0.18031677992218945	0.9927738662863324	0.015606244836529157	11485.011495800656
-1245.8541993294339	0.4375636222581525	0.539520088389436	0.1811622428375704	0.9991724807968049	0.01562830203111694	11483.157909174897
-1245.8542827885071	0.4375380850592297	0.5394778328670617	0.1811374307104681	0.9993186278476929	0.015631419210836113	11483.437269776072
-1245.857083133152	0.43790222157423314	0.5398993756391262	0.18131264531783378	0.9981142532014211	0.015646242393595043	11480.22332092996
-1245.9408874287324	0.437799598991131	0.5400365349748925	0.1798340356143394	0.9843016664920055	0.015612530821729484	11480.77528561928
-1245.853942500515	0.4377995026474836	0.5397531084732081	0.18143747236985985	1.0	0.015642789495870942	11481.154705235853
-1245.8821495022064	0.4376386715383612	0.5397019027912715	0.18046302470564946	0.9919628326408999	0.015610594819460337	11482.446569812066
-1246.0642486110219	0.43735566925529373	0.5397030871355668	0.17851414719775538	0.9748091396993505	0.015584393342433634	11484.43399134538
-1245.9061488379082	0.43762063032530746	0.539789418499799	0.18009923052859014	0.9884161393143343	0.015604269413368088	11482.34939071703
-1245.8542241616933	0.43761436087359107	0.5395737923798432	0.1811847107353998	0.9990551341643984	0.015627576300459703	11482.732609719975
-1245.855025390044	0.43732125494992674	0.539228184940735	0.18104079284636732	0.999848361998382	0.015613370886688866	11485.32852500089
-1245.8539206806815	0.4378361311270998	0.5398011816346638	0.18145980733451916	1.0	0.015651552415086766	11480.812760844436
-1245.918743937773	0.43823567853984924	0.5404990414509818	0.18040097092186363	0.986750023278134	0.015671078011109712	11476.9786115134
-1245.8575818302186	0.4381050229487897	0.5401374033897469	0.18141931312448523	0.9977446688840005	0.015677146786079545	11478.446993851278
-1245.8542076584572	0.4375456152443693	0.5394981887137541	0.1811556834421456	0.9992115530795003	0.01563007790154937	11483.3180859235
-1245.864439233881	0.43751358035277976	0.5395178273617084	0.18076978262905471	0.9958182016202342	0.015624931240259049	11483.539892708397
-1245.8539164342542	0.4378383125620906	0.5398139354152515	0.1814606480882606	1.0	0.015648387497592793	11480.756986276947
-1245.8542063559403	0.43758126215036247	0.5395415580510994	0.18117302761784976	0.9991150452187916	0.015625034743155016	11482.997690263497
-1245.8553370373852	0.4372814179305921	0.5391929738551986	0.18102178055422524	0.9999622998483334	0.015619613968074006	11485.638375591907
-1245.8554213801747	0.43725188096192624	0.5391718698713451	0.1810144290879256	0.9999979543261432	0.015613371310396392	11485.845143194822
-1245.8539164162305	0.4378386182534515	0.539814536899223	0.18146060717437879	1.0	0.015648542700079093	11480.753548751407
-1245.8806832246448	0.4373551593183074	0.5394008484886319	0.18033252460861404	0.9926858507257178	0.015605532537538146	11484.825580366196
-1245.9419233389183	0.43790349124633876	0.5401468831763604	0.17986012891524583	0.9841733699409255	0.015607525936884362	11479.922634066112
-1245.8539214201478	0.43783716451596877	0.5398059444416173	0.18145321396853184	1.0	0.01564564944435241	11480.795243628634
-1245.8539202214893	0.4378252383212211	0.5397967956253164	0.1814481155096169	0.9999999999999999	0.015646906400784963	11480.881767558352
-1245.8539167848671	0.4378387019652591	0.5398200068020148	0.18146320304880634	1.0	0.015649276199113653	11480.731853775012
-1245.8539274138338	0.43781693442676545	0.539818841157853	0.18145114488292652	1.0	0.015645955302472453	11480.835397230694
-1245.8539164272465	0.4378389031881681	0.5398150144584647	0.18146155031551028	1.0	0.015648590394534898	11480.750042222768
-1245.853917258686	0.43784373619562234	0.5398157472790702	0.18146157237424565	1.0	0.01564783170521023	11480.726970145115
-1245.853917139585	0.43783932284869964	0.5398157562245512	0.1814623680927372	0.9999996475504358	0.015648958675564092	11480.745079826605
-1245.8539166622177	0.4378400289359137	0.5398154678236555	0.18146106276082952	1.0	0.015649981458271647	11480.743950006496
-1245.8542408929786	0.4375328526566556	0.5394935196203451	0.18114880752391807	0.9992430748054285	0.015638359338866457	11483.393971408934
-1245.8645760152158	0.43756379757958763	0.5395792617309371	0.1807955124605608	0.9956700552771998	0.015619152414347897	11483.086834173697
-1245.8539168312245	0.4378381098717189	0.5398114545605877	0.18146052782896824	1.0	0.01564998758847619	11480.766872689981
-1245.9352923715333	0.43751573611003153	0.5397303895384168	0.1796818292453692	0.9851534117976454	0.0155992454049601	11483.185261206294
-1245.8539170940228	0.43783881201953473	0.5398223427001967	0.18146361563916227	1.0	0.015649584377312797	11480.722702450359
-1245.8542021369294	0.43758710459065553	0.5395411763050976	0.18117081761177592	0.9991248264631107	0.015633491333861403	11482.976033754805
-1245.8539178909327	0.4378331221372238	0.5398065251487737	0.18145864560451863	1.0	0.01565053803960859	11480.806890873151
-1245.883362705225	0.4377397889508174	0.5398734940965004	0.18052143073838114	0.9916403068393582	0.015635815772279696	11481.357954271176
-1245.9061604773008	0.4376229323627012	0.539816859245101	0.1800991465480049	0.988414724347454	0.015618231482913011	11482.24107507086
-1245.8547056367643	0.43768537489034176	0.5396264165255504	0.18124346124740046	0.9987154855473142	0.015626699675801013	11482.19744872251
-1245.9316939711598	0.43702792197866575	0.5391400599356807	0.1794437938938765	0.9864722145544913	0.015567685740725763	11487.540289574688
-1245.8557318126982	0.4372818558585727	0.539209854932491	0.18101217964140498	0.9999985871718202	0.015576978147346474	11485.582804262896
-1245.9110409387276	0.4378852753630534	0.540086753221438	0.18023281362161675	0.9876711233079604	0.015578900245343726	11480.063740244139
-1245.8521164014628	0.43783069279389636	0.5397006042065936	0.18176551857073664	1.0030991732868966	0.015652742270934387	11481.079070248428
-1245.8520635781351	0.4378007413493638	0.5396714221462646	0.18179467414582465	1.0036433264900786	0.015641496272669673	11481.309855707897
-1245.8550183208977	0.43778118011068307	0.5398060000669244	0.18126601379999388	0.9985913604011722	0.015680255500261274	11481.12747943347
-1245.8520212254357	0.43777678499885675	0.5396832534982735	0.18179339909551437	1.003630861656893	0.015652734837674955	11481.368818265866
-1248.0737066844008	0.441758103439702	0.5442511377231612	0.17537593930022574	0.9128786007061065	0.015995329205736812	11450.739859923902
-1245.9048769418891	0.4374959920822225	0.5396627205884171	0.18004373221708833	0.9887262134168047	0.01560459792341781	11483.372224698333
-1246.208073047677	0.4378892991220306	0.5406057529382727	0.1780684434373193	0.9659859548991055	0.01554510576196619	11479.044127858011
-1245.8502198104297	0.4378230085637943	0.5397626861950796	0.18165445498867652	1.0019665607925552	0.01565324246075025	11480.945470136787
-1245.857279514555	0.4370773213488994	0.5389347067190312	0.1809285941082077	1.0004843247774702	0.015581457038689935	11487.50465884143
-1245.8544015973923	0.43769667985842514	0.5396856531863744	0.18122838692197946	0.9988057015532729	0.015632063799064677	11481.947700390774
-1245.9666052138248	0.4368342619698915	0.5389771681947811	0.17898931279529542	0.9833934308672713	0.015552797314607706	11489.144616237949
-1245.8542878217672	0.4374927431325383	0.5394343320317823	0.1811258226745951	0.9993770671494305	0.01562500592255227	11483.794765185736
-1245.8520262323	0.4377931324972904	0.5396903158896791	0.1817768354231764	1.0034030411953152	0.01564870658463619	11481.277626213927
-1245.8670918596215	0.4378974583013917	0.5399810243003044	0.18095789656021888	0.9947723321973269	0.01565497469249765	11480.106808244589
-1245.8825362759349	0.4376694248073047	0.5397403107510323	0.1804817484705525	0.9918521724420668	0.015611952232656138	11482.164154621918
-1245.8501275914905	0.4377517705207401	0.5396997732856033	0.18161489970128278	1.0021935477778345	0.015647925883962403	11481.504340995965
-1245.8503069250794	0.43759806031752685	0.5395167140103726	0.18154361992751383	1.00258133506164	0.01564703394089751	11482.870153401393
-1245.8501793997852	0.43777269585790723	0.5397121547920224	0.18163003353871926	1.0021009023916017	0.015665021081359528	11481.359404892692
-1245.8501978495233	0.43766232938540167	0.5396060735233783	0.18157028772862963	1.0024289628864995	0.015635029660736308	11482.25493429367
-1245.8549911451641	0.43733178338881723	0.5392137753931174	0.1810480478673475	0.9998056941580489	0.015598185396818766	11485.330586634613
-1245.9354733772766	0.4370796827948199	0.5392427354447449	0.17943947454015474	0.9860578715327951	0.015567354124406466	11486.932137200936
-1245.8501569178984	0.43779219021811	0.5397232891942766	0.18163969842321537	1.0020457849623376	0.01565100328121111	11481.229299615587
-1245.850133237245	0.43772209219959113	0.5396124574608799	0.18158938572376593	1.0023227571364448	0.015644297022868302	11481.964570848839
-1245.8612397319464	0.4376832497203146	0.5394215871702513	0.18231678272038424	1.0093081563000863	0.015660419395915316	11482.536670995021
-1245.8537573582307	0.4378308945173913	0.539833697165595	0.1814987663271054	1.000242154339415	0.015684734860697977	11480.699946668037
-1245.8545937717213	0.43738980257362037	0.5393327248391314	0.1810800532387588	0.9996303032719958	0.015618717004424142	11484.631460354645
-1245.8547808332582	0.4377711884990391	0.5397668750943052	0.18127133768207174	0.998566477335669	0.01563795581682091	11481.306970050491
-1246.4013943909424	0.43857219998744235	0.5415120882976462	0.17765589593475622	0.9569703066184773	0.01564605334179576	11473.021447379362
-1245.8514794136647	0.4378229966176182	0.5397386494788472	0.18163035664501914	1.0018898863333323	0.01563422684236884	11481.03046562259
-1245.8643939211197	0.4374838715194947	0.5394951372834282	0.18075906403263317	0.9958709481672339	0.015620046659663976	11483.755267691977
-1245.8520525003528	0.43782855876107984	0.5397657945914937	0.18158416095171265	1.0012741434677779	0.01564371310924769	11480.925756793422
-1245.8501015548661	0.43775184409342754	0.5396642331082183	0.18161691566799887	1.0021740275857427	0.01564721283808022	11481.630769597574
-1245.8502598552316	0.4376274726084796	0.5395296273124559	0.18155411166012944	1.0025258243819228	0.015651299843064206	11482.69114488659
-1245.850551623733	0.4375250905973398	0.5394330243695401	0.18151458837403184	1.0027351798785562	0.01564807410290489	11483.503166780576
-1245.8555668439349	0.4378941034896971	0.5399265594783517	0.18132357801805318	0.9982732607274025	0.015668399602522594	11480.171512608327
-1245.8520466494783	0.4377588178688508	0.5396614767991136	0.18179971954262103	1.003808558143562	0.01565152540083909	11481.524590026549
-1245.8873912807371	0.4380276784936609	0.5402427773700998	0.1806454587546125	0.990957398109556	0.01567475268706005	11478.72108005612
-1245.8500990811822	0.43772340096404133	0.5396447542762817	0.18161019178027354	1.002207614825537	0.015645237527905795	11481.826409412692
-1245.8542064792762	0.4375529148621635	0.5395038508525811	0.1811550179262003	0.9992135974273619	0.01562688507991519	11483.267290870468
-1245.9668681977685	0.4369512401072275	0.5391160714633192	0.17905074238776797	0.983047614773066	0.015551991608048679	11488.107593020042
-1245.8644318149709	0.43750338138257233	0.5394965759281944	0.18076864692916805	0.9958175272135713	0.015617839978149306	11483.66043964226
-1245.8501989288434	0.43765204631234944	0.5395574317937998	0.18156200904065273	1.0024788272409604	0.01564159579670662	11482.480657141074
-1245.8549105550228	0.43779723240799734	0.5398510288084298	0.18128124230634074	0.9985149632309388	0.015641609207015555	11480.885850528048
-1245.8501097088993	0.43775783568350424	0.539684730549996	0.18162329293287632	1.0021386634445917	0.015646978096619572	11481.526490558006
-1245.8501305195637	0.43778436258888553	0.5396868160905564	0.18162232394016847	1.0021432223666216	0.015645965427311104	11481.407536690578
-1245.8832832889734	0.4377489056853956	0.5398407077550361	0.18051843365071213	0.9916566766428778	0.015630886203120222	11481.439860126251
-1245.851702713039	0.43772014193136277	0.5396575538890669	0.18154498898306598	1.001708053370583	0.01565353975919234	11481.80976258208
-1245.850235846318	0.43762030830171866	0.5395020496987047	0.18155367823059937	1.0025262590502537	0.015634507735086078	11482.82142063941
-1245.850120784652	0.4376868844712359	0.5395768707811466	0.18159164869213607	1.0023105230969647	0.015641406461933145	11482.240317025844
-1245.8522371695635	0.4381343052624819	0.5401308945886791	0.18180621559282695	1.0011199414728726	0.015658229904344147	11478.1830036446
-1245.8539165389395	0.43784127319532123	0.5398157330493087	0.1814626919357712	1.0	0.015648640761917815	11480.736736858411
-1245.8552055504897	0.4372852996128916	0.539191842923838	0.18102926115448936	0.9999155285870477	0.015620152058113566	11485.620508610658
-1245.853917033274	0.4378388481315022	0.539813103020284	0.18145838255352825	1.0	0.01564954374442501	11480.759119591721
-1245.853936528964	0.43785687827295217	0.5398436311263226	0.18146114123032378	1.0	0.0156501427125876	11480.571067311239
-1245.9316689419932	0.43697982223510456	0.5390868679800501	0.17942318505552837	0.9865807682573691	0.015561860879592848	11487.949873668014
-1245.853916634379	0.4378409522412059	0.5398132569926853	0.18146202576600945	1.0	0.015649025603047307	11480.747440684236
-1245.8539165540833	0.43783975277124487	0.5398170612793174	0.18146157106485275	0.9999999999999999	0.015648141655302542	11480.739051649476
-1245.853916399227	0.4378378557182557	0.5398135540395683	0.18146042430718426	0.9999999999999999	0.0156488290979276	11480.76043004311
-1245.853916451886	0.4378359282656098	0.539812390864395	0.1814591584554921	1.0	0.015648782972387358	11480.773547130453
-1245.8646307375013	0.4372705674005151	0.5392344031089423	0.18065525326334822	0.9964464344539	0.015605747204344073	11485.675095475754
-1245.8551518092818	0.4372942566256921	0.5391877020682279	0.18103197016297967	0.999893254033275	0.015604585104005367	11485.595557020499
-1245.85391693204	0.43783881991998375	0.5398098794434414	0.18145845004328032	1.0	0.015648953092272114	11480.770835207024
-1245.8543836649033	0.437681993524293	0.5396558509668526	0.18122561147405775	0.9988274208666086	0.015637466037724677	11482.119507083633
-1245.8539191576065	0.43784827392446474	0.5398322440570148	0.1814714632047119	1.0	0.015649889829185352	11480.642168006923
-1245.8554205551459	0.43725597870856975	0.53917421830758	0.18101400049475744	0.9999845774702114	0.015600651728027399	11485.819446635805
-1245.8807362762361	0.4373834919353515	0.5394159114513697	0.1803413493227139	0.9926488391757219	0.015609731626521767	11484.644874928275
-1245.853919290549	0.4378453460735435	0.5398080109355139	0.1814634593645765	1.0	0.015647340231084224	11480.746942000696
-1245.8550341208415	0.4373233563469617	0.5392635711765502	0.18104647336885737	0.9998024747388793	0.015595078667327388	11485.187147089817
-1245.8539164314257	0.43783900039378804	0.539815419344976	0.18146113130473868	1.0	0.01564934389123768	11480.7484271549
-1245.8665012345912	0.4378485917543658	0.5399115094468252	0.18093302865754243	0.9949153079075577	0.015631915345647656	11480.582560088998
-1245.8724567459835	0.4378319132931614	0.5399579058931435	0.18086151427201472	0.9939270248366888	0.015615355176542518	11480.495113764491
-1245.8542981303744	0.4376587830837121	0.5396085747422584	0.1812039861267511	0.998943390340179	0.015623336603640904	11482.404677495057
-1245.8539193393606	0.4378360069563339	0.5398124835325028	0.18146498142462655	1.0	0.01564840949465802	11480.769305319225
-1245.8543790506064	0.4375552089627908	0.5395718177156972	0.18114666490769024	0.9992640853161773	0.01563980191991459	11483.018613550985
-1245.8539164759488	0.43783957748624935	0.5398160953558379	0.1814614300638048	0.9999999999999999	0.015649543308113745	11480.743365756693
-1245.8544285786206	0.43765720836791533	0.5396094120779941	0.18120499709508503	0.9989740591672235	0.01564459482848132	11482.406330956435
-1245.8539164979993	0.43783714683081487	0.5398124336841521	0.1814600547139339	1.0	0.015649345456557807	11480.76769574262
-1245.854815015377	0.4377949810004339	0.5397838147668444	0.18127502251050556	0.9985503898863524	0.015650654944390004	11481.142674190962
-1245.8539220672	0.4378342842456288	0.5398246938215184	0.1814579587735909	1.0	0.01565246817094478	11480.736810975228
-1246.0993153115128	0.4383933144231053	0.5409491820531187	0.17901277556289769	0.9720537541832821	0.015593349750145293	11475.246693130799
-1245.8542532406009	0.4375143765881604	0.5394639645831169	0.18113661076554557	0.9993136645436473	0.01563230022978048	11483.588109524484
-1245.8539171325115	0.43783557978467047	0.539806938731968	0.18145812546384693	1.0	0.015649812731924333	11480.795336348387
-1245.8539165151847	0.43783597651982353	0.5398105117570217	0.1814587967054992	0.9999999999999999	0.01564846712202003	11480.780349312046
-1245.8548310637734	0.4373621667616312	0.5392871465751626	0.1810640805351684	0.999710435659517	0.015595434748547571	11484.924846842703
-1245.8541994723769	0.43758316236327	0.5395421347440492	0.1811707390217578	0.9991256068150316	0.015631338347860183	11482.989293933095
-1245.868529309903	0.4379839583881144	0.5401048415132613	0.1810134930983425	0.994477087521559	0.015640828738246428	11479.253274884588
-1245.8539164373824	0.4378380899329649	0.5398140602617657	0.18146038673552617	1.0	0.015648365066589745	11480.757636273365
-1246.0576227355948	0.4369424719629169	0.5392113210351119	0.17830700331292917	0.9759583707637686	0.015538059320280852	11488.08479521642
-1245.8539215883188	0.43783617316358336	0.5398253716185266	0.1814671887694444	0.9999999999999999	0.015646615768980403	11480.72071751053
-1245.8539182925156	0.4378351940592358	0.5398130056511253	0.18145998841107552	1.0	0.01565167831986116	11480.77391939498
-1247.039101220521	0.43904044429043615	0.5421138897477961	0.17584996811959458	0.9355484128003179	0.01544343925496054	11469.631295228497
-1245.9081485461666	0.4377804831055915	0.539885788264212	0.18015999353890372	0.9880659255137124	0.015641596989567408	11481.282854600457
-1245.8539169777941	0.43784303705969774	0.5398191410704902	0.1814653631129683	0.9999999999999999	0.015648541364994186	11480.715342269552
-1245.8542087660176	0.43759110219777153	0.5395563894533786	0.18117900590669928	0.9990777526317351	0.015629596740231556	11482.897939354598
-1245.8542025623349	0.4375849004763298	0.5395493680950054	0.1811749482048208	0.9991027426247525	0.01563159949603578	11482.95263645436
-1245.854407805663	0.43770193577202304	0.5396849814550815	0.1812300929855344	0.998795372876787	0.01563846100418938	11481.926596983507
-1245.854727983579	0.43777783727468966	0.5397839693876789	0.18126788171194844	0.9985889762096658	0.01564008289364558	11481.219962608262
-1245.8560679108136	0.4379589245810906	0.5399852992372798	0.18135579738790883	0.9980961440916233	0.01565013489939997	11479.661229125306
-1245.97836144873	0.43778459978704587	0.5401382426806922	0.17945489837329814	0.9808254959138051	0.01561202805043644	11480.629003715696
-1245.864539635988	0.4375284012937607	0.5395623265050138	0.18078507070464378	0.9957313117849346	0.015608539387980682	11483.305250279076
-1245.8501721360624	0.4377947447962873	0.5397316743407624	0.1816418660111201	1.0020321985552736	0.015655081377759478	11481.18647140532
-1245.8686657999224	0.438024499857425	0.5401167439171467	0.1810158170985168	0.9944453413507507	0.01565770622412035	11479.037248752158
-1245.8542332012835	0.4375643355212061	0.5394936176128636	0.18115031171772614	0.9992335628206415	0.015631196830862663	11483.259420441535
-1245.8523404704367	0.4377741300509562	0.539659822447574	0.1818862934998264	1.0045318487117896	0.015649808268425415	11481.430013291596
-1245.8520180216165	0.43777534702206705	0.5396766477865391	0.18178732724981364	1.003582686460498	0.01565093552641949	11481.401115775689
-1245.852018228265	0.4377801357785123	0.5396796029480624	0.1817868131993829	1.003574430553351	0.015652393756997986	11481.370258075909
-1245.9317691748079	0.43707494912765077	0.539189818779242	0.17946388838379615	0.9863565731682826	0.015572703165875907	11487.148385139297
-1245.9326921474794	0.43724605913303094	0.5394053773081033	0.17955547115859233	0.9858401147085499	0.015574300711959066	11485.584061062682
-1245.8544370818047	0.43770677069860425	0.5396825879609243	0.1812297285219495	0.9988007797765321	0.015650640399436547	11481.91517478406
-1245.8560072657333	0.4379543544740983	0.5399745082449497	0.1813533140999422	0.998119110376092	0.015643041526645793	11479.72172300186
-1245.864731626153	0.43724406258866244	0.5392080456574418	0.18064382071151636	0.996513619790963	0.015604638630301478	11485.890745448538
-1245.8525579344168	0.43764634872232555	0.539554739515846	0.1819423973940636	1.0058770629048683	0.01566258554713205	11482.360220357354
-1245.8501326279643	0.437744846247904	0.5396638530247287	0.18160130313562134	1.0022622275139816	0.015644064356127918	11481.673727059362
-1246.0082252680002	0.4368431692070134	0.5390397924477395	0.1786270398050418	0.979809309891111	0.015548841712100395	11489.014539884394
-1245.850099122849	0.43769948787738094	0.5396226283938577	0.18159547732609113	1.002287826210351	0.015642383809624485	11482.018665349115
-1245.8500919528726	0.43772611753226165	0.5396494803182427	0.18160710447390263	1.0022282213827844	0.015645357286999655	11481.800345005386
-1247.0372960849948	0.4382357090167887	0.541131657959608	0.17532643405870094	0.9354531850649951	0.01559822998850501	11476.780621073545
-1245.850230456188	0.4378227804178783	0.5397703223767493	0.18165617749359733	1.0019549690528635	0.01565045891731494	11480.917448617924
-1245.8653215512559	0.43770246209796493	0.5397524381605968	0.18086450900484366	0.9952809155388531	0.01562833570294161	11481.824476185757
-1245.8501568278202	0.43764727338564535	0.5395583679055722	0.1815691366896557	1.002438348826846	0.01563924870179064	11482.491988688344
-1245.8553470201186	0.4378695537412686	0.5398880296675383	0.18131500724872393	0.9983254023363353	0.015653664716236707	11480.420980100733
-1245.8501246897736	0.4377660205920694	0.5397009756650661	0.18162961213698542	1.002104456597529	0.015648799187207796	11481.428375695135
-1245.8518964213963	0.43734641234556615	0.5392125559666289	0.1814210080975842	1.0032668300301864	0.015637427434902363	11485.127520505814
-1245.8500985100086	0.4377392858764902	0.5396450985399147	0.18161128543369853	1.00220530210148	0.015643669105161632	11481.757315222414
-1245.8503130037639	0.43758763107124504	0.5394887679062581	0.18153950936183677	1.0026039494234666	0.01563439506974181	11483.018402637601
-1245.850512378921	0.4379097484975152	0.5398543127601949	0.18169325122375343	1.0017509826015556	0.01566487884311538	11480.218053047462
-1245.8501637857328	0.4378015697463276	0.5396950346885879	0.18162955932596514	1.0021093583273644	0.015655629785562016	11481.299708900784
-1245.850295380551	0.437591850785653	0.5394741384986608	0.18154248397306705	1.0025850091949289	0.015635080890408513	11483.051109326338
-1245.8523110941483	0.4378414728727978	0.5397837967448312	0.18175325563317787	1.002731686489944	0.01566209358937631	11480.727774905774
-1245.8505656878428	0.43752076150860963	0.5394114705070917	0.18150866027136756	1.0027732141000287	0.015634480460061734	11483.604097756479
-1245.854249182106	0.4375168624127327	0.5394574743011427	0.18113705895743742	0.9993166186968296	0.015626759892629787	11483.600753103728
-1245.8604228234462	0.4377975909626874	0.5397042838551	0.18237807697821493	1.0089491663001198	0.015672167529638424	11480.980798619348
-1245.9339717741304	0.43741645312497757	0.5396084742944978	0.17962835044407668	0.9854697292142602	0.015604866087809121	11484.080692274892
-1245.8645707931603	0.43728260470771546	0.5392669738003074	0.18066972075701512	0.9963717197471067	0.015594770937602974	11485.495765796168
-1245.8501037878696	0.43774003270632816	0.5396543163336105	0.18161620045240404	1.0021791047501711	0.015643886121587153	11481.717116207825
-1245.8501266185533	0.4377715874226878	0.5397040679084963	0.18162974434718912	1.0021008508723959	0.015651056331424204	11481.393468157725
-1245.864664797099	0.43758012206494584	0.539568492194449	0.18080499375114875	0.9956163203452647	0.01562560121857159	11483.04953436677
-1245.8644939374726	0.4373093396593579	0.5393095661500007	0.18067752983698698	0.9963236007987425	0.015610538211660316	11485.223328041038
-1245.8542096407732	0.43760338330105997	0.5395579798320134	0.18118085899120862	0.9990714113434466	0.015632316477349063	11482.83898161488
-1245.8503545209546	0.43785881760895096	0.5397799461978855	0.1816687554301117	1.001898690840605	0.015639778475080114	11480.720935778689
-1245.8544500461162	0.4377118575542197	0.5396680077270627	0.18123473498646692	0.9987731096873971	0.01563319360168852	11481.94248548714
-1245.9168733537065	0.4380818945668171	0.540208090406611	0.18026436858902006	0.9870572082604184	0.015622526924885194	11478.751357828467
-1245.8806899937024	0.4373165496472029	0.5393449428401611	0.18030992103581547	0.9928289530193004	0.015616634025904564	11485.206424292535
-1245.8643477154415	0.43743328958747585	0.5394274882229412	0.18073480686074148	0.9960078926705767	0.015614919722341313	11484.231215299646
-1245.855939716271	0.43794940555468925	0.5399819137279471	0.1813504642737224	0.9981333817793996	0.01565519904155341	11479.718062957661
-1245.8542623133199	0.4375025317849295	0.5394341926733756	0.18113255480906923	0.9993354895533125	0.01562727444094385	11483.748734449222
-1245.8520172683966	0.43777536260470035	0.5396794886164378	0.1817794793690597	1.0034982046066006	0.01565207545531268	11481.393108216582
-1245.8501139408618	0.4376793953419516	0.5395938202465044	0.18158488982448553	1.0023531050421124	0.01564044078034945	11482.216059628256
-1245.8503464345567	0.43787830351748114	0.539827225203707	0.1816726974421259	1.001867255613323	0.01565740577617835	11480.464673662633
-1245.9032415021663	0.4372657386047709	0.5393616282935317	0.17991668736769356	0.9894172857801217	0.015594274518033845	11485.52201054075
