-1214.3851288077717	1.2491527463479035	0.0	0.39974265368163997	0.3851239591038262	0.5181416584449112	0.20410859762134018	1.5188527543807124	0.7015816371554132	0.017089429101150137	11307.731754165032
-1221.3414685307416	1.0768731520671933	0.9819706369661566	0.41254692322323394	0.43227756487101726	0.5678047944787853	0.18634449388760488	1.221859475888913	0.6458553329267331	0.017895092149458527	10934.150577979617
-1214.5177554341726	1.2307108239247202	0.0	0.41131957277058845	0.3847284469037928	0.521968528559879	0.20298269222246904	1.4780791192433165	0.7302135444616443	0.016972404494445294	11320.10853732062
-1216.9323659538884	1.0633748758584214	0.28088987589629855	0.4142618437155584	0.4061514616784445	0.5483112713887318	0.18944689296774814	1.404157883994389	0.709524270906162	0.017100065247502433	11277.498152857885
-1214.324888714354	1.2509447637476474	0.0	0.40326359759457875	0.384206034659028	0.5176372634399675	0.2050165962036921	1.5121538598003095	0.720863584054828	0.01706704424439854	11308.973505655838
-1216.8069417969848	1.077373179076607	0.19163657010651824	0.412635866156147	0.4060107095420202	0.5442612003158422	0.18905290003570352	1.3859039696172908	0.7073155407856879	0.01721800126117757	11281.18967542498
-1218.3487992440178	1.0757913442908875	0.16552451839915094	0.40989354154044405	0.4111799652004806	0.5409756044092131	0.18426158846209204	1.3134073610041617	0.6837490271974116	0.016993795244758077	11294.406145957577
-1214.4910738607266	1.236723931756095	0.0	0.40587994047506176	0.38596877206817626	0.5190114016686715	0.20260705472316587	1.4808102191198294	0.7217380842621179	0.01700604996042614	11317.741859144702
-1214.3178361936466	1.2683840520565135	0.0	0.40908752777312685	0.38095041388749895	0.51847849727185	0.20772603644669196	1.5164917554098798	0.7357853612560392	0.017234202499873293	11294.648567046062
-1217.2996635664845	1.052892655295849	0.4336294536259064	0.40186053270636757	0.40815219975511413	0.5536728929720769	0.19165016289642792	1.4975894240099543	0.6656231862010527	0.017150477446930667	11256.21439503382
-1216.8511049669592	1.0680401290143342	0.2645062774833174	0.3975280285184501	0.40601407597395056	0.5457545476908185	0.18876111043724147	1.4834500555764396	0.6428512891747507	0.017109271665576718	11275.546083170408
-1216.9273608343951	1.0861616672408096	0.1599561754684208	0.4068346296944036	0.4078796742246135	0.5386187514087668	0.1878977419813813	1.3731625227500455	0.6964875745316318	0.017090825492198508	11283.610418867887
-1215.836688171346	1.1017986898866217	0.11613735498966285	0.4124847601546754	0.3979651462412932	0.5395691833941102	0.1925007389225303	1.4442298918140946	0.7116805654591112	0.01705304917768847	11298.240992077157
-1217.156914635081	1.051732263104833	0.43701998312109447	0.41116438728611515	0.40843558938803026	0.5549362354536479	0.19118407163473142	1.443675688375124	0.6957927179494324	0.017094450318464016	11256.089387012375
-1214.349683055791	1.244400684364674	0.0	0.40117592153730547	0.38478589261059265	0.5182364974211672	0.20410130152955497	1.5189484002696978	0.7091613270813253	0.01704897670589919	11313.87595009783
-1217.0661185600713	1.1089616749358682	0.05206003559046493	0.3962072343986074	0.40345449738025285	0.5314528560127091	0.1852563032769629	1.4035250664799042	0.6313566618245676	0.016585164734986325	11347.92687576054
-1217.4927202601275	1.0511396626208307	0.5039871333039221	0.40364393153955347	0.4117013034308118	0.5558066177357893	0.18798843696380718	1.436302417266849	0.6449859049184719	0.017182257355763154	11234.855696702305
-1218.1753775623615	1.0452768546005589	0.8793981897232398	0.41485656752041267	0.4173946255538885	0.5620898764748757	0.18911502545724798	1.3590456937364424	0.6926138403516101	0.01705088081973083	11175.795404570938
-1214.3878232458715	1.2527063120494342	6.772712726658541e-06	0.41165651197331404	0.38130495725900765	0.520993448346621	0.2051826144780896	1.5011592178570625	0.7251946462979111	0.017089061947193222	11306.08269004264
-1215.8904519394932	1.1056837000511368	0.10445220187125634	0.4112597115177419	0.39819497735841186	0.5360219264655041	0.19157769513508818	1.4303626499129707	0.7149414160735853	0.017013928535086306	11307.141666954463
-1217.431941768057	1.084072017982815	0.13963199378126967	0.41436982912899856	0.4058667899134747	0.5409479549090127	0.18681028236393377	1.3436691333116113	0.7030294456114603	0.016974015267412452	11300.683594621443
-1214.9917188449144	1.1621585792017952	0.034987407963313705	0.4070585376038036	0.3914460168637546	0.5281156400218757	0.19735323078087777	1.479648807509046	0.7148136214452541	0.017004688434980778	11317.178303464723
-1216.7132721428022	1.1886019849914362	7.249068617080321e-06	0.41588203794834133	0.3951545612986037	0.5257017715901983	0.19506984911700537	1.3482351327365603	0.7310222127459696	0.01675161855020483	11334.704116390902
-1216.9105771740533	1.0646979863709192	0.23569674135990382	0.4065714751266716	0.4072005660382901	0.5446153678759417	0.18620952484711695	1.4017763219130215	0.6704651004137266	0.01695319458880687	11296.879687008262
-1217.1006086410891	1.0554409197409207	0.35818717617207346	0.40002126678775685	0.40876383951977585	0.549886207257867	0.18825352410795665	1.4661990836278231	0.6480271789734885	0.01708870529740562	11273.09000951042
-1216.072692561275	1.106146198141539	0.13886847847743192	0.39992401587943976	0.39653247365809013	0.5386551240917564	0.19485225079018229	1.5396873232417918	0.677043014628919	0.017256791715793002	11277.418946941776
-1216.0450722463243	1.08910469203699	0.1519025681640025	0.40268418056944927	0.4011270897531426	0.5387246922713558	0.18986501888631283	1.4642984717533951	0.6759780004602324	0.017047425423902265	11298.739230809457
-1214.673105995465	1.2274522793598264	0.0	0.4039828101147695	0.3888660597239247	0.5197333314330386	0.20095201306469676	1.4630964030702682	0.7126906458345363	0.016959014636038015	11319.259689489705
-1215.2145400923505	1.158283621426959	0.04376679146885822	0.4097827666344207	0.3929522060377518	0.5289860255631647	0.19707389739808895	1.4563532430024568	0.7264087514200558	0.017066598374207227	11304.231987641891
-1217.4874144127175	1.0459569334956627	0.6154757303197607	0.4087216002155307	0.41243860178158265	0.5584389046559217	0.18974127053260625	1.4283410605965314	0.6736597882097658	0.017089265270478448	11230.137141530224
-1220.1876930192416	1.0580727741521656	0.445776824856898	0.38916887541272593	0.4215618726819939	0.5459507596014004	0.17988026498725943	1.3478839433026617	0.5695857952314312	0.01728757945704019	11219.327492071065
-1214.469922636994	1.2149333892055498	2.15260698528958e-05	0.4047333525147374	0.38696769097871714	0.5239093101802547	0.20211049776019732	1.505777860483549	0.7041942046516936	0.016927710557296735	11327.797176627875
-1216.769564226042	1.0864454441051443	0.14728094475173714	0.4109355073099712	0.4049856066538692	0.5379956411790874	0.1886989898344362	1.3782893495922601	0.7162735037226008	0.017012695364136816	11299.332759892508
-1215.0941385133024	1.2211824547886985	0.00010034309575651694	0.4121848033695965	0.38897891652608724	0.522256164581091	0.2003563107087755	1.4257203772392368	0.7313080269711528	0.016933495227990206	11319.23501736413
-1214.4631270329073	1.2349048705460663	1.5038747952184933e-05	0.40900317617770393	0.38541706708191154	0.5215637269353621	0.20356039527209557	1.483677428911772	0.7258707294609498	0.017027767855138744	11313.952103769134
-1218.2806998631636	1.0387597535197057	0.9441742474789924	0.41758808189427477	0.4159473942929769	0.5613712798160355	0.1900615638404833	1.3681083827827771	0.7168684724134905	0.01677992774547533	11211.558973873587
-1216.1215356769392	1.2465406408321373	0.0	0.3818089942652087	0.3850723062519744	0.5171428448992751	0.20039051879301686	1.5919512802941886	0.6108727254478221	0.016927795824272503	11317.576713662842
-1216.9220490692496	1.0612089439414776	0.3005383925254134	0.41080131021708005	0.4077053187442791	0.5478562165958468	0.18925689874293652	1.4109043526901026	0.7024998246730315	0.01711207933712605	11275.570221447962
-1215.355675950165	1.1645871145662197	0.028500778640851133	0.39564176294584996	0.39399833505578935	0.5256760796003239	0.19416911938741205	1.4885414837271076	0.6612987344382593	0.016901823632364987	11324.215460001806
-1217.094262786521	1.0619281605358026	0.3115583130589947	0.40035283898023233	0.40705065521569395	0.5476274494767641	0.18690072995897336	1.4553297268008176	0.6390031271091902	0.017105544494599015	11272.833396705952
-1214.3303021845793	1.2504685319640085	0.0	0.40369096820127165	0.38386681727998645	0.5184782867287296	0.20482281498744648	1.5135739633158503	0.7161132212345979	0.01707023007062278	11308.354728273698
-1219.0537136646576	1.0525708590308098	0.5590438848661687	0.4126940178828111	0.41987938290772125	0.5535374659070992	0.18641556355132027	1.303789018982498	0.6999625081824642	0.01721856302530865	11201.305997523172
-1214.4345364805704	1.2362638547688247	0.0	0.39984833313361307	0.3859515877496838	0.5186233395179037	0.20244726133513524	1.5115909649950916	0.6993675252948708	0.01696775786794315	11319.906764507408
-1214.4051293635084	1.2407774236728928	0.0	0.4028758390174587	0.3853831942577878	0.5188529735753592	0.20309228969456633	1.501889252465978	0.7093764038939754	0.017009530359966846	11315.096536011131
-1219.5275811404383	1.0608545898817312	0.9900031953998556	0.4165127117688899	0.4255604875248839	0.5660392203851212	0.18847769575678827	1.2787316794251458	0.6843365210248875	0.01734109588141775	11042.931639090415
-1218.5200718076394	1.0549373525176666	0.9998864247021181	0.40755149860620565	0.4243959984993151	0.5623645744433101	0.18828353979618495	1.3331809776968426	0.6651872261813101	0.017179658631030645	11087.718228941934
-1215.9913997123856	1.1061933668157444	0.12707241576885592	0.3935533624069604	0.40071767320158125	0.5347749494600842	0.19238329305187288	1.5126397789353145	0.6632042588360438	0.017220022587354562	11285.48131530405
-1217.6725895330874	1.054386242038628	0.41978719886155824	0.4027210443297361	0.40604936108768336	0.5568437456661633	0.1888645308945448	1.4932032034712936	0.6235514316247251	0.017228927749494555	11251.872195955351
-1215.312412987479	1.2108578339204075	0.0	0.3966036982391373	0.3945069715403628	0.5188698731241497	0.19654998387460038	1.4348186337999425	0.6823543625148165	0.01682351133563225	11328.28693730788
-1214.3647606162026	1.2497084730078354	0.0	0.40835732823485044	0.38359670782947936	0.5196855155202972	0.20544435260675845	1.4992437782131154	0.7312700343143032	0.017090674312041965	11306.163449545034
