-1193.0544162681745	0.45098005451813405	0.45409222897128465	0.7475355236713865	0.23218442605101575	1.6238073250683933	0.8197308997073762	0.15262334396289617	0.21419349653117356	0.018355033181470918	11216.309641505182
-1192.9838280656297	0.45119603704959005	0.4514409141653146	0.7515977510544072	0.23625354703793758	1.6634645459234207	0.8236725973634861	0.15343921567355023	0.21775774990287872	0.0184344991864655	11213.244750226168
-1192.9735236055271	0.44865289842835443	0.4537275998669633	0.7494161887299992	0.23396274956256807	1.649813158928521	0.8122302108070666	0.1541577604572604	0.21524216358109588	0.018412113019684363	11212.558408984001
-1193.139825259841	0.4253802621226366	0.4686316479752172	0.7323227101723525	0.23260920355369658	1.6722808839175562	0.7778399247636391	0.1711386663924207	0.20694730962530136	0.018409910237678753	11207.454130314774
-1193.0686202852985	0.43991509318103655	0.4552876669221026	0.7433189508095313	0.23155388821206957	1.663662810879874	0.7847704132778666	0.15509534160337493	0.2115395099786325	0.018343965788399384	11218.504654178792
-1193.1703541128645	0.4751004003886218	0.43886894856408065	0.7714460863436089	0.23514310068469044	1.6288159631846069	0.8438652379963517	0.13863370691688717	0.22417088771910518	0.018379051280948702	11218.98509947702
-1193.0494527156943	0.43219960319287026	0.463312168821362	0.7350260903875597	0.23226432649121076	1.6618521786970197	0.7884931651164345	0.1640728958434684	0.20834348705294006	0.01837096249487716	11213.41678630987
-1192.9727179225677	0.44994773477990047	0.45254455876478605	0.7505829871485207	0.23439963941787043	1.651027123770465	0.8151714852231484	0.15255272102235048	0.21608469675876107	0.018410693717337886	11212.823832521814
-1193.0064556613697	0.45459556611246665	0.45102933593510913	0.7526673027575244	0.23396023451310613	1.63703384935057	0.8244194655626083	0.15097713104272584	0.21717232445847393	0.01838537917517508	11215.080870944466
-1193.106294267033	0.4447486915180749	0.45895453374291945	0.7421929162764092	0.23102524222032367	1.619034097839509	0.8086536096948727	0.15667174403967885	0.21063372102175745	0.01837401466832474	11213.179141815957
-1192.9877639294737	0.44742845725984826	0.45459231729894595	0.7463167359120074	0.23312663150472404	1.642981341455316	0.813588372974954	0.15448022571669828	0.21420606144697063	0.018370509002258385	11215.989385084915
-1193.0239043726956	0.43843488841107475	0.4588748029043695	0.7413590661133663	0.232246880924902	1.657716276838245	0.7916661571513679	0.15922937789903382	0.21087264492168972	0.01836948229036938	11213.59186252847
-1193.270423762191	0.4575528392113906	0.45211912936758	0.7550658767396856	0.23006571652559685	1.5940647433038677	0.8135323621418685	0.14632813925157306	0.21546764577647298	0.018373119861452427	11211.011364158512
-1193.0841602624628	0.4241518782092753	0.4684175836613135	0.7284833580086643	0.2337859467929435	1.6767606441982599	0.7926380973720335	0.1701374587253272	0.20775679706406486	0.01840590765188552	11212.51084282939
-1193.0319498109964	0.43608974754853236	0.4588769820651152	0.7396747024325692	0.23251916698700978	1.6686807980376823	0.7887982758062213	0.15965095731996884	0.21066377505204847	0.01837101835846024	11215.693083750932
-1193.01864183638	0.45205350942386024	0.45202140028087373	0.7515303119807508	0.2327323678957625	1.632782558685579	0.8148446731147595	0.14978074287732868	0.21614565128583388	0.01836672180716923	11214.145905212508
-1193.207748939411	0.4300191860528697	0.4645793716614341	0.7331705720547314	0.2293711387977116	1.6476595715177544	0.7724918578518285	0.16190048349329464	0.20572854306336819	0.018287472869624222	11214.351373924643
-1193.0441494817921	0.4561555774484645	0.4494778375944807	0.754050049921692	0.23233441227061616	1.6269668268633664	0.8180846202714982	0.14683200542032596	0.2165398580037836	0.018342110178142756	11216.537589227239
-1193.01064547317	0.43636023359374615	0.4599067041847419	0.7410678874213354	0.23579501860432212	1.6836638144480989	0.8011648610545316	0.16381678711301537	0.21252506422274722	0.018464458937977678	11209.674915319489
-1193.061991756618	0.43002382818213963	0.46398315232057374	0.7345570074121114	0.23305922184993522	1.6733930746972592	0.7857846149902457	0.16556062133579086	0.207936529832549	0.01839828075419267	11211.532958854561
-1192.9747516089046	0.44070856618423676	0.45747373318115714	0.7418414838906251	0.23418540024384657	1.6653571233143074	0.806071364885637	0.15947667262603127	0.21253638806944036	0.01838687356607919	11214.998357065206
-1192.967728514361	0.44521549399246685	0.4553800061217692	0.7456184909715231	0.23425591546118055	1.6563079836840011	0.8115995552405826	0.15641362651466711	0.21389996983260387	0.018397482552099904	11213.760744468851
-1192.998791573496	0.4497856733108615	0.45385516380458557	0.7486600600362812	0.2332806454697651	1.6375127280218909	0.8165480907251199	0.15315841880916525	0.21499985065681934	0.018384054659502415	11213.993174709532
-1192.9920628208315	0.4438300097657239	0.4547901105896997	0.7483023981009174	0.2357449323993021	1.6797798239354227	0.8050118924580189	0.15892510201015062	0.21582974184018927	0.018430682479388345	11211.544479870221
-1193.0468312310145	0.45692126220856816	0.4505651939488313	0.7544762241938688	0.2331729919657511	1.625560837166463	0.8246713343234066	0.14963308285518878	0.21732508531987607	0.018397649851031955	11214.45820718983
-1192.9725944785307	0.44668466214788416	0.4543213776660228	0.749338541106197	0.2360407778916904	1.6691976447384038	0.8147418408234814	0.1575830817115506	0.21667490946962936	0.01844774068476952	11210.896465986687
-1193.0834954710947	0.43172016109699746	0.46170878142474825	0.7392263070017279	0.23575770989176817	1.6963871047633758	0.7895817445833893	0.1660564914017564	0.2109969033558359	0.01847353655393999	11207.81828126672
-1192.9838476409375	0.4447333999814834	0.45569733721147493	0.7439518730438237	0.23293816396226652	1.6485279688322592	0.8079931865577648	0.1559162367200705	0.2124095938521105	0.01836747872079072	11216.210240790217
-1193.0123162274735	0.45448182334707654	0.45093402515459075	0.7525183256964247	0.23322264149147	1.6341367186855518	0.8199780517122028	0.15048124693024847	0.2163324217143503	0.018359945378081506	11215.68450341161
-1193.0136634768726	0.4335796429365037	0.46368829794211475	0.7374986675545605	0.2354632684081418	1.6732963205003808	0.8051323049828311	0.16740768441204984	0.2117781658922698	0.01845725940686704	11208.429955787791
-1192.9838542409802	0.43958744411970324	0.45847737035107566	0.7436881604045433	0.2349983048059128	1.6723373720216201	0.8029066866663966	0.16156183967017498	0.2137672536503423	0.018433618694654305	11210.390716178883
-1192.9977408401746	0.4494484359819358	0.4537062294601676	0.7477910919012818	0.2331537678680489	1.6388728763975322	0.817393289383318	0.1533974197299014	0.21495079395868452	0.01835441097848103	11216.124932880737
-1193.0437060397783	0.4612840544428052	0.44672044579135867	0.759826920640609	0.23563894868541194	1.640209249819428	0.8343051390779039	0.14626055804441815	0.21941101320853526	0.01842666586156478	11212.151570277101
-1192.9907030081995	0.451855895536297	0.45200140972999414	0.7506349447137288	0.2332874648397514	1.6419135414869355	0.8161310693500012	0.1527598677116602	0.21580976285878783	0.018368263925369006	11216.456942104027
-1192.9992008131344	0.45294306537194723	0.451099191183772	0.7507732453980255	0.23313040513675926	1.6385680231270827	0.8182530944491232	0.15072015041058331	0.21564899723761677	0.018357821052330494	11217.457482447595
-1192.9841101625525	0.4546020182514269	0.45012143901152357	0.7543081432195747	0.2343644823255144	1.6470065645798864	0.8189612745071776	0.15103506335876407	0.2172236665909119	0.01839939102689075	11214.107990072664
-1192.9951248576222	0.45260812369462883	0.45222469712265073	0.7513103095708248	0.23450430403781095	1.6417887675462952	0.8245571541158503	0.1524635145401119	0.21687365509829928	0.018414365037603932	11213.562757900303
-1193.0345813553904	0.4335166897442777	0.461050810461403	0.7369706735693778	0.2326444083704335	1.667773275077577	0.7892420741088839	0.16125365286910293	0.20946511885564492	0.01838389643339463	11214.250620064535
-1193.0057657589407	0.4387937197288471	0.4578514755204579	0.7408755086316398	0.23583571910539916	1.6831839378383235	0.8054157655357054	0.1611104865903366	0.21187529499355578	0.018441036230572548	11212.891241283878
-1193.0297164409308	0.45355816885060757	0.4517625095843047	0.7506226297903074	0.23267036176168088	1.628928848883805	0.8192207013088351	0.15042247729090488	0.2149175279528859	0.01835778346648657	11215.9967359549
-1193.1217284908903	0.4550028124735088	0.45292658197880153	0.7508163062404554	0.2316212645331028	1.6115065752638	0.8218380191219157	0.15102812407106442	0.2146385215687352	0.018350507228638527	11215.054524105206
-1193.1450723490425	0.4593644281917474	0.4494677262926074	0.7568363429724987	0.23126399254812122	1.6085522884444148	0.8190067597443997	0.14596455342631962	0.2170233835907842	0.018342854822153046	11214.580416710114
-1193.0202832770701	0.44839662343317127	0.45439052457703516	0.7459432846888671	0.23210531487223376	1.6331013509333323	0.8132106079947904	0.15316259189332987	0.21324504016312773	0.018359430047624088	11217.268336006551
-1192.9799646371334	0.4445458448209847	0.4549927517685106	0.7484136621568035	0.23550817559586612	1.6729768127355649	0.8055128302434611	0.15792230134093266	0.21503336060902456	0.018444108208190948	11209.867042803107
-1193.2407079064078	0.458292127920208	0.4506511087597012	0.7518481149511452	0.23053008022223231	1.5952651568966687	0.8269955147574598	0.14619446469976893	0.21540605291061093	0.01824133666167456	11219.253936474115
-1193.0075346131503	0.43377345067659906	0.461183671323781	0.7359708030618969	0.23363027595205865	1.6696875663513102	0.7994985028720136	0.16209882496446754	0.21059172393011444	0.018384008804235897	11215.636050182538
-1192.986862068632	0.4392713857759265	0.45948462302726956	0.7421442853301357	0.23514331218636803	1.6713282352008592	0.8060180603496234	0.16395923926983394	0.21298232104969048	0.018429405023704132	11211.115831938987
-1192.9677439217576	0.4498730610838612	0.4522882000591182	0.7503908116971776	0.23506237572425728	1.659134482367663	0.8166325363774188	0.15417589138757115	0.2162153326251024	0.018412022901038938	11213.906212946524
-1193.01865091717	0.45899274354825836	0.4465303380298471	0.7557030181114444	0.23438483791091416	1.642577844374282	0.8263719731974651	0.14522675803629403	0.21711912518092372	0.018387209780363453	11218.017316868412
-1193.0819702827052	0.43536602139032893	0.4629109476388847	0.7375112593619979	0.23115473924823546	1.6439214163818021	0.7895118256947251	0.16240389851083906	0.20852553546992836	0.018364341470633462	11211.59224732499
-1192.9720481006711	0.4430977186691327	0.45556098271670364	0.7446503757238069	0.2341434606924442	1.6656524721000154	0.8057209762975467	0.15767160574350125	0.2137089704627997	0.018384161529944865	11215.46961607609
-1192.9833131946943	0.44799591729020966	0.45471168413274393	0.7471170723184101	0.2335537444565338	1.6441705910727489	0.8147838223684752	0.15521030892032164	0.21436283046511892	0.018404893058411215	11214.361501143
-1193.1647255004452	0.4286194014450615	0.4634965483976913	0.7335627605752747	0.2306463233267939	1.6692293173504686	0.7715382987302443	0.16385908199042631	0.20665918545867049	0.018334259437347112	11216.19412722671
-1193.1542809815874	0.459019259119243	0.4482634333062743	0.7545903860982976	0.23128965214492006	1.6081079103225424	0.8230739473204001	0.14197631054791018	0.2165909524963696	0.018260130624245578	11217.94962022784
-1193.0020007663265	0.4569100941126159	0.44810283903916737	0.7555905851463124	0.23466295586756333	1.6449134844049393	0.8253153318730883	0.14730450280584284	0.21838244031733778	0.018392448065109535	11215.782911369944
-1193.099846454048	0.4574755782231314	0.4508283955126717	0.752905787420922	0.23276146253532792	1.6153867030351294	0.8292087750532597	0.1481922692428663	0.21623336480208347	0.018380343503766005	11215.089698915797
-1193.0074142573399	0.44003014806607516	0.4575459010162388	0.7453647170718786	0.23622181282645724	1.6848383937935658	0.803246324011311	0.1624052252699239	0.2147071653203546	0.01846379666834406	11209.303499471918
-1192.9818826244864	0.44337464888479483	0.45544480273459553	0.746764194242482	0.2353305086018396	1.6742501782342918	0.8044952909248898	0.15850426919649296	0.21410784545170689	0.018434242672789522	11211.086273186655
-1193.1362834550132	0.4222640285189661	0.46863490228992355	0.728198343169327	0.23568327065851416	1.6971863449703186	0.7931617483879201	0.17284899293799233	0.20779050328643398	0.01843761798140015	11210.854110942726
-1193.0065984245223	0.4347590178444145	0.4617587811952824	0.7399420020025903	0.23510141186854222	1.6759356608645213	0.7999373095679855	0.16470700730830182	0.21285742071819755	0.018453656279436858	11208.966560249013
-1193.0066175672018	0.4381151088836914	0.45859030039297677	0.7426386022360558	0.2338672096239078	1.671891699968471	0.7940042402164548	0.16080046724067013	0.21224054793060548	0.018410909535905632	11211.629416750393
-1193.051867116931	0.4292815588264221	0.46544535938939247	0.7337466088609247	0.23335768514289035	1.6710747434545024	0.7897531023638208	0.16735253304824257	0.208442945367147	0.018406873546641108	11210.52508857223
-1193.0312216283928	0.45289691777508256	0.4523738216510152	0.7500719189432165	0.23275959422128495	1.6282881643850522	0.8198741457621551	0.15085332360290596	0.21497410627755495	0.018365515827103697	11215.38226835368
-1192.98848359989	0.44933883189215373	0.453346179303135	0.7486247916593335	0.23324369494332647	1.6420415114532627	0.8135565991001843	0.1525967693097065	0.2148050136160334	0.018380917568521213	11214.737503368642
-1193.2856128238946	0.41093065812207064	0.4763201070853983	0.7191564254384963	0.23343177521332054	1.6947791262899012	0.7755580496718741	0.17743099264338602	0.20323608939307666	0.018484272539462627	11210.918855352069
-1192.9934028810421	0.4369579042366919	0.4596109555022869	0.7401561622141576	0.23391911880382493	1.6672438131357095	0.798897533273194	0.1603782068615833	0.2116267160308893	0.01840003886303444	11212.09605559876
-1192.9794809772325	0.4504054934017988	0.4517232847242368	0.7499911125169982	0.23358959176469563	1.648190773667018	0.8131809646316186	0.15119494019214139	0.21526606548513957	0.018377168200163132	11215.70909777445
-1193.0576554322515	0.4550227534180635	0.45109781510597274	0.7528721183410346	0.23230357361639584	1.6229182976901595	0.8203455973342182	0.14882310788558578	0.2169143065507348	0.01835931923482369	11215.851665755186
-1193.066308832014	0.45564547083137436	0.4514890731114515	0.7510768273039757	0.23259444958397343	1.6218397546680683	0.8241124367230322	0.1508015356941242	0.21487506996038658	0.018352312221175955	11216.78858933743
-1193.0126615983581	0.43404692337598505	0.46366293034331374	0.7359844804927265	0.23428604365413072	1.6648664970640528	0.8049470264506565	0.16711544179056897	0.21074179530075426	0.018406673826976323	11212.079434531963
-1193.0121649502219	0.4376936754714678	0.4585740002893351	0.7427551232198545	0.23412608126320691	1.6743114099449095	0.7931967838255278	0.16034256505021077	0.2122329847384512	0.01841826715400321	11210.586521116518
-1192.973275839578	0.4498380125475204	0.45095848063627697	0.7510511401905108	0.23467229489511285	1.6618953376550945	0.8118592714447505	0.1518212574665116	0.21650996498387912	0.018399660046540964	11215.543716394506
-1193.00566011989	0.45050127432659365	0.4532868211372968	0.7486713533969684	0.2329491566600307	1.6355508111817627	0.815688355232441	0.15227814353219213	0.2143332548240693	0.018368421425594146	11214.883804920255
-1193.0167920039405	0.4525486052999828	0.45223106533714147	0.7515165238250544	0.23276307253021825	1.6325456766441147	0.8154304375664726	0.1511850805657722	0.21573592752385576	0.018376602421755855	11214.282928154678
-1193.013512864579	0.4370991209415458	0.45986390797513527	0.7389445088731184	0.2323936615691916	1.656672099722502	0.7950466712169965	0.15975552615975455	0.21017155693985104	0.018368036914325904	11214.426340057951
-1193.0062443306351	0.4580982881683511	0.4479396490854843	0.7571227838198662	0.23449587613167058	1.6418194842477383	0.8231021320371986	0.1470645929326862	0.21806573121068312	0.01840177034323815	11213.792537877138
-1193.0046105379101	0.4381165734580026	0.4580382559289385	0.742561548477014	0.23493841718803446	1.6812940750593888	0.7986040000692283	0.16169194990343042	0.2131507649375626	0.01841222100356069	11212.768532809552
-1193.134767158299	0.4416254074292681	0.4580558301629636	0.7385475870302546	0.22963825665128113	1.6203729836153082	0.8019310554923783	0.15264020562098124	0.20934498800354076	0.01830345893245748	11219.410713271056
-1193.421502571918	0.46321099352640643	0.4482968174408018	0.754701119596543	0.22912172949115361	1.5764708063351145	0.8294162302634237	0.1397840740655196	0.21533697859962592	0.01834374429152581	11219.831332659542
-1192.9753964122451	0.4426084966943499	0.45702076647348183	0.7453803930129974	0.23434673213542234	1.6641975525018313	0.8043258097974905	0.1598948587257173	0.21378544850283604	0.018404240351878147	11211.742262161913
-1193.0513455341684	0.43090858740167787	0.4632619760002671	0.7361289916841791	0.2341817847358731	1.682435852370692	0.7895402659945605	0.16684794334575562	0.20941758936416405	0.018435358004075603	11211.078077328904
-1193.1155334528453	0.4576452960854229	0.4505627561633353	0.7538719850876101	0.2320246859242522	1.611901886389346	0.8250866799254865	0.14736919861517137	0.2166836605765133	0.018357980411449662	11215.430217734347
-1193.0455241876675	0.45997961508916524	0.4436507568155184	0.7581848170211725	0.2330868702605534	1.6431661944085112	0.818677982679414	0.13989987174580815	0.21853069762073754	0.018326436127047447	11221.807804443653
-1192.9856557245987	0.4517894213673949	0.4520033384032467	0.7512855469114872	0.23369270283934865	1.64331287309371	0.8171941333053273	0.15226714029927976	0.2163562834219064	0.018381152581223904	11214.814922239966
-1192.992068961309	0.43733283656945454	0.4595898236582247	0.7399661864116637	0.23359974609902895	1.6653005450039344	0.7990449745744513	0.1609753740086378	0.21141024662158053	0.018392535067356254	11213.337493612205
-1193.0685623417498	0.43391486557327524	0.4618624752426275	0.7389483792162763	0.23202869170371623	1.6635865906529368	0.783769572888938	0.16311978328607898	0.21002874841994426	0.01839009035140998	11211.94963527186
-1192.9837339290711	0.45481213016532207	0.4486477423004055	0.7539150447015858	0.2345807413021684	1.6542459274244845	0.818635423879714	0.14941861433335651	0.21680677143874308	0.018399987812442172	11216.710941125331
-1193.0064413837351	0.45069400121398656	0.4534597240863983	0.7493792604172759	0.23299471561842816	1.6352466745373	0.8165021985597136	0.15309293887668923	0.21534882289256768	0.01836953784346657	11214.826999856183
-1192.998170982022	0.4422598366605366	0.4551171389324785	0.7448901438358071	0.23383613969893696	1.6721111358714185	0.7972601120554269	0.15752474621300017	0.21252665717332409	0.018388816391536812	11215.30920928036
-1193.2079785683372	0.4621988030948242	0.44844650674871417	0.7564685154801043	0.23138860454484228	1.5990939252080887	0.828824877687378	0.1436193722490124	0.2165929274079727	0.018350100105027228	11216.205375609514
-1193.406463034482	0.4326906186754395	0.45635372309679123	0.7268752478789552	0.22772048265525086	1.6576591278763488	0.7695723516120353	0.1486693621722184	0.19682185793069107	0.018212130897211028	11230.462917306355
-1192.9761897030012	0.44485356880104043	0.45525506702066865	0.7456020484850434	0.23332413407712277	1.654349815321829	0.8059898806340702	0.156122645094289	0.2134651093020563	0.018380431747487314	11215.090224438516
-1192.9951336633526	0.44161812822074936	0.4554799711931784	0.7442710575354253	0.23551854984297	1.681406364444347	0.8047871909352264	0.1590349795646884	0.21335020642856922	0.01840331687169336	11214.189550395653
-1192.9769306611795	0.4427285897502696	0.45639829690789446	0.7440171324972333	0.23579003433333592	1.670970887117393	0.8134120822564281	0.15914312633533348	0.21376745716713874	0.018428498129701827	11212.472564755051
-1193.0755948579201	0.4309423168944405	0.4624625319936054	0.7370174901314154	0.23300492193007827	1.6778446880000555	0.7824865499247113	0.16445700241219244	0.20954758668179763	0.01839972870914304	11212.073023765412
-1193.0575561918163	0.42782747228184376	0.4648835688081043	0.7320259371069621	0.23453890291428475	1.6841578378103474	0.7940175046266664	0.167491697436043	0.20872496524462264	0.018415206612451638	11212.96267576215
-1192.9906346957769	0.44023533842266754	0.4591808998922287	0.7446104862579331	0.2363674778669017	1.6753304422328998	0.8092096984669889	0.1636425002591646	0.21462077562845472	0.0184776242311208	11207.010510791964
-1194.1546228823554	0.5004169328237364	0.41205476254796103	0.7908342055956221	0.2281124878435858	1.6006337375460415	0.839715291308086	0.08545991209649903	0.22669311148432292	0.018037878931755923	11253.6197929269
-1192.9711023634209	0.44508788503085484	0.45479294185403424	0.7470155275772531	0.23539082954396773	1.6695633274008241	0.8097713018665101	0.15761902471124653	0.21444991148523684	0.018418972346754863	11212.248797671964
-1193.0326143721823	0.45423231346052556	0.45125034637764627	0.7524337332535278	0.2327264936253767	1.6284826417610745	0.8174113920978099	0.149171384096202	0.2156192405959862	0.01837750735525761	11214.173694984082
-1194.334557122519	0.3837946719539017	0.49023003236984425	0.6851345320423504	0.22643350076527072	1.7168226491211362	0.7252477913345627	0.18541374272835673	0.17761493141873516	0.018148281668705465	11236.741088051425
-1193.1466433517412	0.4206559350114702	0.4724825086650554	0.727661259207422	0.23461332511845473	1.6809796638891228	0.7888243480661098	0.1759605273091112	0.2077921965849648	0.018492645916574204	11206.600565218117
-1193.4624002011835	0.4168916661639905	0.4672555774948155	0.7252674749636517	0.23037364437816077	1.7021648274199292	0.749781874282372	0.16623743793126128	0.20292147129678048	0.01837366691253164	11218.905624271867
-1193.0469621092197	0.43277524474631085	0.46177101959816796	0.7362444497174576	0.2328523126284522	1.6705470198884667	0.787328901747565	0.16276718870893647	0.20814879855577884	0.01838678492231564	11213.002777217607
-1193.3369409235183	0.4205981330491576	0.46736334320377887	0.7298113058561895	0.23056220240190686	1.6872012952303566	0.755961020751775	0.16836253191042483	0.20503441398575167	0.018363377187080403	11214.316921955498
-1193.0123145081857	0.43668035777670305	0.4588436292417352	0.7408433012943595	0.23338220125961864	1.6710790176960422	0.7928519926001718	0.1599540565515321	0.21177042966753765	0.018391049554574945	11213.629583128904
-1193.0182953095418	0.4465734196432858	0.45582791132427497	0.7451361391409214	0.2324054083057115	1.6350741079282334	0.8093207132707199	0.1541452641556036	0.21204323453553536	0.018376687968872474	11213.535224402489
-1193.3155397648616	0.4603001976814402	0.45045037409386074	0.7536369361455303	0.23011871194714778	1.5861372937789957	0.8270202966810506	0.14420801305826966	0.21505999885342095	0.018320156213239513	11216.298895495805
-1192.972977994956	0.4438745293583114	0.4549662581188561	0.7449846013429303	0.23385427235105202	1.6634328037845154	0.8051753155591463	0.15660752472692085	0.21340202612979842	0.0183760780264671	11216.013998302371
-1193.4272819395833	0.4063251661376145	0.47741416450749086	0.711735281874095	0.2291153780201043	1.6833026670617877	0.7612860048704196	0.1753721862828869	0.19846071127883969	0.018215110880735172	11223.458120196105
-1192.99540383914	0.4358309684489727	0.4610201314180072	0.7386050410911442	0.23392920185846988	1.6671659934007306	0.8006121568980332	0.16333790161052597	0.2114663929507745	0.018413004652952543	11213.029929584245
-1193.0135265840274	0.45301707310905565	0.44958984236175165	0.7514823854783793	0.23255068404206908	1.6382298372974875	0.8145250866561697	0.14677936535270927	0.2157326138018329	0.018313757607083633	11218.530438389953
-1192.9873482240928	0.4388153632588644	0.4586657685685526	0.7425518065889649	0.23518568125959882	1.6752732267014045	0.803083441186766	0.16180504738607868	0.21311637118624638	0.018434896043579833	11210.902101815893
-1193.029447537001	0.4325448332992839	0.4616853189763616	0.737169912178407	0.23465040190755715	1.683351913755186	0.7947770860315876	0.16502310679862656	0.2107924612751743	0.018413984411573558	11212.606714560727
-1193.1246667823975	0.4563650425147473	0.45139863677758757	0.753104290749859	0.23162587004817056	1.6103457478335614	0.8212013442664593	0.1475872303397181	0.21582481139063053	0.01834419632183568	11214.238859819743
-1193.0046618958722	0.44848562005496784	0.4545589328813414	0.7467336956422284	0.23283083295106677	1.6364075279594328	0.8145602794294269	0.15371169131055554	0.2137077023000367	0.018355914618603884	11215.065260018053
-1192.9805784075638	0.4402631853682334	0.4593140628067525	0.740488198118202	0.23445434542092528	1.6591722419431376	0.8109720770896046	0.16151881596499107	0.21185274341988936	0.018409144518621932	11212.88239952353
-1193.017376282201	0.44231520957595444	0.45568389651944974	0.7469873182479986	0.23683931003755251	1.688940931069399	0.8079917884082943	0.16139768391062573	0.2158729552734511	0.018465620341309198	11211.04203679507
-1192.9840431660298	0.44999918048737925	0.45335756255954746	0.7492615145457212	0.23363289288477596	1.6436077940449292	0.8145656186066962	0.15362693719355255	0.21470192309266267	0.018397375171215286	11213.716461458349
-1192.9761587163555	0.4469096197860838	0.4546670829942225	0.7467816538683002	0.2334869385100686	1.6489641993358528	0.8113649776255427	0.15535696577105876	0.2143149415119703	0.018382825444809427	11215.006671886922
-1192.977109640844	0.44151842746324826	0.4569362692146242	0.7443712421241984	0.2342014450547722	1.6652334676376992	0.8026078423371958	0.15835867594374756	0.21329832078097477	0.01841047340348688	11212.128834149356
-1193.1279855779953	0.4624643175379141	0.4477741670256325	0.7569729025447115	0.23342298669451833	1.6151669795410055	0.83810178463549	0.14563822577317737	0.21868037282674227	0.018371883496048087	11217.110523441077
-1193.0088774529286	0.45243387335192775	0.45263335958841094	0.7499840052091342	0.23407891493162347	1.6362094709397865	0.8246145254059489	0.15191582705442055	0.21565342949688873	0.018386388135817163	11213.810592744556
-1193.0219074644854	0.4554278979872816	0.4508556731719291	0.7547089967911574	0.23347560540683066	1.6318598961974722	0.8217274669567489	0.15009955857396287	0.21810851838417689	0.01837948658097572	11213.538821052602
-1193.2951723498713	0.46295777293650925	0.45049649080753357	0.757757296524346	0.23158074402953657	1.5891734249083096	0.8343062391419224	0.14669126747371158	0.21815822268192336	0.018378855706758394	11212.362147061891
-1193.1694373388657	0.4640941895676681	0.44712029733361025	0.7594395000545869	0.23232761604160182	1.6055001922867174	0.83195378137181	0.14337633507630398	0.218463276917158	0.01837046234885419	11215.382065700822
-1193.010370570639	0.4340329021264101	0.46108738999344967	0.7371792352837896	0.23405576855347515	1.6749234573759133	0.7967599032564079	0.1633667001125744	0.21015999209367658	0.018376820454043454	11213.540596060555
-1192.9871166056537	0.45053475878448995	0.4533126176293783	0.7494670482547062	0.23383766516923477	1.6421562604291522	0.8185814486131929	0.15383255487129813	0.21553676597758983	0.01839059670181599	11214.221504761013
-1192.9689535311636	0.4433058784204921	0.4565669843228798	0.7442752416166323	0.23429251126381256	1.6603162654141495	0.8088626284053549	0.15857822893352821	0.2133731789059312	0.01840332778953137	11213.618513591715
-1193.0777460389036	0.45770061342855434	0.450138796025956	0.7546645303781983	0.23286441831790425	1.6189622098424201	0.8259786874427054	0.14737118648885875	0.21709112792827268	0.018381334622967933	11214.133494874912
-1192.9910084109583	0.4503222634722026	0.45257059588583665	0.7478858004289419	0.2332915272897284	1.6417420869029975	0.8177847268927668	0.1524885981575037	0.21435826887563056	0.018362579086956096	11217.57745658937
-1193.0490211072727	0.46031913942155056	0.4466377128791678	0.7574950320129469	0.23271853395461067	1.6286543817464427	0.8222256977720561	0.14473280233090263	0.21782447025273796	0.0183254471002022	11218.485663378371
-1192.9887672020475	0.45099028330540747	0.4520780401065606	0.7502456840558379	0.23317775678573852	1.6425231763162884	0.8146958303370848	0.15191330137554424	0.21583826789905522	0.01836499082643296	11216.333930001301
-1192.993435915625	0.4414323582785538	0.4564255916114435	0.7438705853366401	0.23616626076588618	1.6810068505558857	0.8092457476665196	0.16033342011946744	0.21366092871147543	0.018439888776826247	11212.495421302772
-1193.097173562883	0.4573435678636569	0.45123434188910067	0.7526894717239593	0.2331881968447853	1.6167592061065872	0.8314119978354108	0.1491295530857221	0.21635593081597945	0.018381717943541712	11214.379906683076
-1192.980533419107	0.44386546900957446	0.45679454257574675	0.7434607551390291	0.23342679796603155	1.6493379676221835	0.8096997714328482	0.15718276954461943	0.21246729873747203	0.018382761151730636	11214.17052717389
-1193.0192437602	0.45460226240749324	0.45085379143592486	0.7524371096157183	0.23276415648082005	1.6327616868742243	0.8183731073563388	0.15070046063138556	0.21620517493630412	0.018380967549621628	11216.922142492476
-1193.0319127723128	0.4360700087662997	0.4601090917097926	0.7379393197878158	0.23224647912503435	1.6577129687467984	0.7917218816416429	0.15911717389350874	0.20859557007048002	0.018366239105055474	11213.604669175458
-1193.7912535089285	0.4649825451765407	0.4503782714740988	0.760774741590174	0.22714028780935122	1.550298693711982	0.8168315716896937	0.140659419259686	0.21706860201812092	0.01834697548601788	11211.072938244206
-1193.013677793194	0.45427593004893957	0.4512204469925811	0.753010471936389	0.2332694449758369	1.6333047834602574	0.8196657342707904	0.15047161740490414	0.21676149971947403	0.01838578509647887	11214.415603122809
-1193.0056192732072	0.4554037373313379	0.4498417273067111	0.753835324936403	0.23331859960445048	1.6372677613017994	0.8195727521986034	0.14963375001649407	0.21698332480686525	0.018370959758114	11216.450749172454
-1193.006315571146	0.43817585648905033	0.4581720074478688	0.7432670268341071	0.23439364336255308	1.6766684293905143	0.7952643166006597	0.1607755690365029	0.21305314345695142	0.018413184839524976	11211.464514399944
-1192.9919146521256	0.4552839364109339	0.4497126977333385	0.7556074340820581	0.2350309068546451	1.6465901607696112	0.8227886675034373	0.14916758802404637	0.2184753133323921	0.018418235823602677	11211.886136193394
-1193.1581816517737	0.4223738471248219	0.46803405494896116	0.7313321165785822	0.23369661053292107	1.6902518231992554	0.7767884563833175	0.17003244154709052	0.2081177448257724	0.018430507678303284	11208.713227459659
-1193.0308082829847	0.4303468884431259	0.4641629875102373	0.7337973736547124	0.2348613382378933	1.6775894755007559	0.7998081548259053	0.16617581338534562	0.2091780414726086	0.0184434798816428	11210.86466687983
-1193.0078947350748	0.4518818315800971	0.4523682976659105	0.7512591941090248	0.23300585163398385	1.635148533160703	0.8148965057282952	0.15103794841844614	0.2156231493654178	0.018385759740045346	11213.546307663551
-1192.977597441497	0.4501469567208437	0.4511465180320703	0.7526875501643019	0.23558206570923865	1.6678558472980516	0.8125277167514413	0.15299000414076494	0.2173180248645252	0.018415129576824275	11212.409838748124
-1192.9733382640861	0.4519201151354615	0.4514133343576889	0.7535555977003423	0.23565030893659833	1.6592395138379197	0.8188434791335301	0.1534184921223249	0.21799823139513555	0.018425339590392942	11211.530823764855
-1193.0351169722742	0.45587632252384747	0.45045827006346034	0.7542986647661485	0.23277663709798524	1.6281857586753616	0.8185888875716588	0.14912501061760297	0.21661700646917426	0.01837448442205451	11214.426099171942
-1193.14053120771	0.47132032802991153	0.4404417235182537	0.7679800358021821	0.23314943991697032	1.6217315446350204	0.8323193957974099	0.13852464816815213	0.2220396822294928	0.018372082939625212	11220.330651387798
-1193.0449799243352	0.45306698526007716	0.45276133811397856	0.7505263416717521	0.23263609267864377	1.6249350452681406	0.8194708823155863	0.1507330295308298	0.21513915771554454	0.01837837225635743	11213.959762018616
-1193.149727049014	0.4591075632795459	0.4493860106597364	0.7538584092364282	0.2314936628543949	1.6069977726676576	0.8257138205346198	0.14505131573316316	0.21588748095570962	0.01832460173559937	11217.371159590934
-1193.0492290425743	0.45494534471654646	0.45280086032600403	0.7530509765861362	0.23369164895232078	1.6260822552569758	0.8267845793901738	0.15291128331498186	0.2175120226686146	0.01840390842003082	11212.137458463763
-1193.0891396536676	0.4625583919949543	0.4463746375296953	0.7607673239036989	0.2326910607895616	1.62017198284146	0.8232528157281811	0.14332109187455452	0.21885226172012529	0.01837699135958521	11214.505420890371
-1193.0351306942093	0.4312093394528764	0.46318940125613206	0.7362574783257291	0.2341364273726972	1.6785085654710656	0.7921167806578564	0.16592082528320568	0.21016973780410558	0.01842305241868556	11211.236757462331
-1192.9771146402572	0.44899136988663374	0.45308266340171643	0.7492082604467921	0.23357770885557144	1.6482740666373914	0.8116418015420032	0.15324128276537963	0.21511223888528203	0.01838595779817354	11214.54257700796
-1192.9702742394854	0.44759003341735476	0.45411196313192753	0.747933099756767	0.23424556264570157	1.6521124770615971	0.8132370153658514	0.1543951098651416	0.2147052964830592	0.018403153696854704	11212.946587918152
-1192.981795446339	0.4413752932524838	0.4571440864043463	0.7443676909356622	0.23381914886617974	1.6636953342461216	0.8007298477770838	0.15882807765235474	0.21326113735693902	0.018402340501682206	11212.583323166557
-1193.4520273751968	0.45178145287057	0.45509920189564845	0.7456134506131986	0.2277288197720253	1.57751532571797	0.8123543178289039	0.14561188286675625	0.21124000615037394	0.01828452618167042	11217.212134081476
-1193.0955013412436	0.4578096935705472	0.44917948853777506	0.7532102169292757	0.23196626078202517	1.6168460365917074	0.8220030406264144	0.1451392554842887	0.21487905136380261	0.018364752157678074	11216.863927078375
-1193.1290865416856	0.46471162801173593	0.44621478653670404	0.7608643600459077	0.23306217024645218	1.6133099686767856	0.8327859587667469	0.14324998820799945	0.21947303238416524	0.01835388200077239	11215.242755206611
-1193.0486580078314	0.4539166605421029	0.4523005287833325	0.7510162596338297	0.23273528162218043	1.6241929311896908	0.8212059234551263	0.15035450346207846	0.21508248777463104	0.01837189411042051	11214.024273763009
-1193.0135808602877	0.45707086481463105	0.4480003055137955	0.755465724695545	0.23377372223449477	1.6383479016791709	0.822087867888608	0.1458104653407118	0.21752917789966678	0.018374665472411095	11215.966478002161
-1193.1160854218454	0.45648235871165677	0.45149497165888286	0.7532174972059451	0.2316389338456302	1.6122839705467575	0.8205901381633071	0.14890245472271652	0.21613827621776513	0.018392751366924656	11215.068476138924
-1193.018804119314	0.4567543612305266	0.4495396459280383	0.7545249770782284	0.23378644623425682	1.6339719581074421	0.825302225859154	0.14868063161842396	0.2176059982989071	0.018375690593895082	11215.50950318261
-1193.0785131231519	0.45706327854883627	0.44956200037968347	0.7526200736367042	0.232194662729149	1.6193421673132855	0.8244710938308963	0.1463858352908465	0.2159251782036527	0.018331666582464583	11218.194364617337
-1193.2521156584667	0.4568888126640863	0.4510576837074795	0.7520650037328105	0.22947770217484909	1.5955914134635456	0.8145316971679418	0.14542326790458723	0.21375145073544108	0.01830407629461998	11217.22578995846
-1192.9780940696364	0.4526585947127562	0.4507240539660071	0.7530837548343369	0.23585297471412422	1.6620501501631677	0.8209406823757134	0.15348258611756582	0.21733702779973557	0.018422546932920565	11213.311871913653
-1193.0304427174865	0.4559790437482736	0.4517331522174785	0.7539076825150278	0.2342266562034914	1.6308891997469661	0.827367912913294	0.1519809337769388	0.21716644949785974	0.018415609036997172	11211.743630860445
-1192.9737818278704	0.4502667800645663	0.45230864280786576	0.749915503582713	0.23396136645804777	1.649846211026421	0.815409627424027	0.15306019751393912	0.2157425534957582	0.018385812395733857	11215.443927977252
-1193.0297351893335	0.45375112038834536	0.45037117722550934	0.7539005720574465	0.23210474564136588	1.6371923251902682	0.8067868168674486	0.15002349197703366	0.2157477159253303	0.018347453228681056	11215.823323566925
-1193.0223569866116	0.4349084834724019	0.46022872267527815	0.740012893542508	0.2351280668933582	1.684187532321238	0.795783587177358	0.16370406938857063	0.21164736453585337	0.018436401113943693	11210.711672028347
-1193.0077542926488	0.4551073182233389	0.4487120141740449	0.7534333955221052	0.2330405940594621	1.6391966786180963	0.8176468405091999	0.14680102051516444	0.21680136032229005	0.018355105189871504	11218.28158512544
-1192.9760529505843	0.44768305210822973	0.45415848008053344	0.7476433897859083	0.23351109177117352	1.648743195281144	0.811765215864348	0.15492625344665778	0.21469817255669335	0.0183775044370595	11215.051150249212
-1193.1023836535428	0.4571281077144095	0.4498583891756991	0.7526687260219167	0.23163581591491728	1.6146293313452202	0.8224610188619643	0.14637770535750538	0.21578278541583257	0.01830953022934035	11218.211631466482
-1193.073796992079	0.4539823923293302	0.4526885737616102	0.751939569866387	0.23220023763748388	1.619314846601063	0.8176904521450582	0.15027843066832577	0.2153353131020355	0.01835801597374086	11212.672558953038
-1193.040429704297	0.4313312232671357	0.4635031340017943	0.7361890548713208	0.2332805271835138	1.6718072089025398	0.7895522241904998	0.16553947761950533	0.2098633821744928	0.01840130403578325	11211.578585385181
-1193.0191068389045	0.4329649315850604	0.4631289717629888	0.7379052513901894	0.23576069353975862	1.6796058537485221	0.8021445867227048	0.1664021260715343	0.21173171902550525	0.01846034034580368	11207.707899524194
-1192.9815138392748	0.44298905522106286	0.4567839117012385	0.7430579374211912	0.23323487938259824	1.6506960707181375	0.807583394983002	0.15658838311447829	0.21253481159105864	0.01837950548004557	11214.7095068378
-1192.996316591452	0.43553088462380807	0.46153661074931285	0.7386391462123765	0.23475553420508077	1.6698937348941993	0.8020716375533093	0.16346055201612353	0.2108434831136784	0.0184355863949734	11209.583350967296
-1193.0502713766227	0.4578604957429206	0.4507309819865238	0.7543837016934606	0.23452952667562146	1.6286987231612762	0.8317442568938739	0.15077565554163858	0.21689481927961046	0.01839273154818318	11212.322497051602
-1193.077395684433	0.4561099549105669	0.4513523700253781	0.7509779326059965	0.23295618994357392	1.6203282157635297	0.8281126583833082	0.15011127165196023	0.21515098397818938	0.018355934563225894	11216.53034365444
-1193.028772219905	0.4570167153341143	0.44856351053804583	0.7554355627873102	0.23334174369049063	1.6321700697771646	0.8232776170047578	0.14672915169062645	0.21765150154933968	0.01837526986645678	11216.095842642528
-1193.0442012314752	0.44997316187796726	0.45486496715634855	0.7493951684097535	0.23242963870959746	1.626298574148541	0.8136728726119895	0.1528972603758014	0.2148646968579478	0.01837873959572754	11211.433891192517
-1192.9755087001627	0.44829199223323746	0.4523755827605559	0.7478228449716955	0.2335773253888776	1.6525590918550972	0.8120932750830747	0.1519362191703482	0.21474147932979662	0.018364151368298175	11217.236668372581
-1193.038874675129	0.4588000333460342	0.44972270886881816	0.757648357434144	0.23477583353095696	1.631346469434062	0.8303908655843709	0.14903247729755656	0.21910034589696717	0.018439562721280812	11210.349308384473
-1193.0016912957976	0.4389805156194317	0.45760811833908743	0.7428309058658628	0.23377705489489367	1.672535152146736	0.795319651933693	0.15995687538372821	0.212395395906444	0.018395297513923745	11213.640798646351
-1193.103415683986	0.4613963554003367	0.4488698507039217	0.7570172313686091	0.2343120176493458	1.6214981631694252	0.8389390881016733	0.14789039461418313	0.21966261123928366	0.018440752705921677	11214.861388993642
-1193.1427289757216	0.42755327384154074	0.4644621568467049	0.7325320747374836	0.23147163867202616	1.6719062317493973	0.7742616163945191	0.1646461584564148	0.2058818602281254	0.018354522691736937	11213.766598027189
-1193.0513034178045	0.4290038442668866	0.4660867090245387	0.7332937184543038	0.23467575350759137	1.6789284035773233	0.7961213870269664	0.17032277498708295	0.20897463167267535	0.01842489926306407	11209.992714016616
-1193.0726540674073	0.45977090137227766	0.449340851037424	0.7561256899166597	0.23472944189366474	1.6274071207166068	0.8373672306952058	0.1487736320818882	0.21900088423093655	0.0184050000139104	11213.893637270305
-1193.0256303171345	0.45206853067993774	0.4527652738162006	0.7497335561045991	0.23312658524882	1.6300138673610878	0.8195484761176273	0.15055604745683576	0.21470398224300935	0.01838799826681229	11213.591346104899
-1192.977799188854	0.4499290944725982	0.45225315784024944	0.7492953158207448	0.23363858158659057	1.6478499324986284	0.8142345141126688	0.15206527985902787	0.2151879901266778	0.01837399492014094	11215.856947025259
-1192.9779795702375	0.44041971555754444	0.4580456924592042	0.7408732621526806	0.23371042826305313	1.6601857084029557	0.8057294059488527	0.15958765787567739	0.21179581954052665	0.018372394514739255	11215.346567130975
-1193.0935466374835	0.45756402588889367	0.44907503204643057	0.7566274239263368	0.2322731165896567	1.618783060536629	0.8209516433072279	0.14431951038256757	0.21900615648816207	0.01835731093391929	11214.470316582467
-1193.1206458331671	0.46286077121489533	0.4447129628717543	0.7581132787962541	0.23187280388101275	1.6168366454364511	0.8247223083144669	0.13930566899763963	0.21723060925514048	0.018330138192241163	11220.273437839449
-1193.0760584189115	0.45949883259382107	0.4490148566339722	0.7554973046006834	0.2332004419335916	1.621211743644003	0.83039406422761	0.1474118482770003	0.21775460134764948	0.018367899735401674	11216.252534601346
-1193.01830957044	0.43367019767776094	0.4622881955130841	0.7349519858149354	0.23420016032805077	1.673708530123647	0.7990912314345902	0.16583861889673274	0.20834092646035643	0.018407614435043778	11214.039995079158
-1192.9988708468243	0.440789553161181	0.45711964985842635	0.744125774079466	0.23660572665351073	1.6821186194643465	0.8113444360083201	0.16127896036871722	0.21473882290753565	0.018446719981798698	11211.150958291637
-1193.2563899043707	0.4646725572580776	0.44767316359330667	0.7568377067003498	0.23194095821129648	1.5953356966201357	0.8391834214905362	0.14324046555920525	0.21703743382092366	0.018329803065823453	11217.468468233255
-1193.2979886360006	0.4312626922694935	0.46132904617024856	0.736851870245662	0.2285501241973028	1.6540219019068434	0.7624379133427261	0.15846666246189844	0.20697497244053611	0.018281192072120422	11216.469472921304
-1192.9783841481944	0.4430908916274722	0.4560575281231611	0.7462736720404055	0.23585846862388912	1.674732258175476	0.8097028863419375	0.15965376357254737	0.21513407349182342	0.018446820409034316	11211.200825058777
-1193.1273643686739	0.4531486634420867	0.45240791203705794	0.7496397593943895	0.2308730878639697	1.611344470162608	0.8158161408804326	0.14751031167507697	0.21426871079116167	0.01833088453509019	11216.370773010034
-1193.0527956840933	0.43790065107168635	0.4582188935034458	0.7461272127091285	0.23712974591550243	1.695031866981434	0.8001554007936167	0.162763671261298	0.21604794919284623	0.018467833648514738	11205.875402210933
-1193.1152173588728	0.4287808144656414	0.4632689497608127	0.7352492453959272	0.2336794472600575	1.6903995847553355	0.7801350337026441	0.16726093385733637	0.2081845494392263	0.01840183045066045	11212.305904836461
-1193.1172965616393	0.4597455541093994	0.44979527034369166	0.7563326967315637	0.233489681005653	1.6141168803607535	0.8328741857837322	0.14621345249371884	0.2178137775387591	0.018411560690825154	11211.553831858968
-1193.0018007583255	0.448985643822224	0.4538042373309114	0.7472294394715658	0.23264459102945398	1.6377155104532448	0.8133152579440278	0.15298928118068744	0.21396476774992768	0.01836150394473147	11216.349030116739
-1192.9930014545914	0.45197960682098404	0.45116923929938174	0.7505649352606966	0.23325156449363257	1.6420039008599798	0.8144887462697142	0.15006116063653668	0.21480061956381963	0.0183788299347876	11215.857775193621
-1192.9873495459594	0.441404147937756	0.45723188576515683	0.7441468609211614	0.2335305198072321	1.6614602423045364	0.7991791586749394	0.15858939391865515	0.21258030804745714	0.018394294653565357	11212.405481411814
-1193.019530752461	0.4531130551779277	0.4518673464163168	0.7507392132472613	0.23294211490323855	1.6315182947542242	0.819442866331571	0.15039691783710504	0.2154231544570503	0.018372421210381913	11215.429817257085
-1193.257129350391	0.46177174022822437	0.4485635763116701	0.7559217774916837	0.23022062854514888	1.5935747381159764	0.8269185337711786	0.14403463219912968	0.2169104060099225	0.018251246206000108	11219.441867294796
-1192.9747679283473	0.4435408408316799	0.45589225349156637	0.7443948718704025	0.2335938407419304	1.6567418269448082	0.8056678125475625	0.15643572897785987	0.2128738720434936	0.01838259003840335	11214.393500585755
-1193.0956465611102	0.4648438868983048	0.44450520478311845	0.7628149616254823	0.2338324671514424	1.6251950975877993	0.833823373253286	0.14174969225806192	0.22225304429602202	0.01836982833051054	11217.02511448961
-1194.8491268515847	0.48726255442946736	0.4438180267686685	0.7730179629336005	0.2280696975001983	1.4922384327507823	0.8729245084610849	0.1298780155748682	0.22190241858778187	0.01828709163840279	11211.27344484179
-1193.0625224514906	0.43463968965130395	0.4648968838323614	0.7321115288887914	0.23343864784605403	1.645617906711174	0.8148136636703965	0.1654358427431772	0.20822085026254178	0.018432111097789902	11213.627892746448
-1193.0131710253545	0.43620146442791624	0.459939846436205	0.7405573869782753	0.23622728671952153	1.6848983356347362	0.8047287167115345	0.16381734057370334	0.21278676169610752	0.01845329402598029	11209.924206091273
-1193.0222981599031	0.4325495780420261	0.4625889757001999	0.7365027262774599	0.23372691479514265	1.6728927770508615	0.7935044069093814	0.1648066268047381	0.20992634428630944	0.018411054965697553	11212.171104903771
-1193.0021094716217	0.43480117706488464	0.460905070183928	0.7371219689017459	0.23366604355921233	1.6690770861192026	0.7982963141443135	0.16245837658851492	0.2103568871636668	0.018395519389768016	11214.442715613728
-1193.0314374090503	0.432232683237157	0.4626682419652586	0.7338933792699981	0.2325918915788752	1.663827766626006	0.7928991407633502	0.16291905803079737	0.20785392928530155	0.01835577079003114	11215.061934934174
-1193.0008259905144	0.45006586206243077	0.45408611438519253	0.7495065711485692	0.23338811788904648	1.636770719392998	0.8163473039205571	0.15354075114270785	0.21531528409550277	0.018397454695560103	11212.442545149424
-1193.0242590729504	0.45903697695244444	0.4455195315033069	0.7585610535961357	0.23326809526563466	1.6420404882258333	0.8176541407430156	0.14330748044120062	0.2187976848084243	0.018340586379341075	11218.359443498548
-1193.0379074885313	0.4527358760032718	0.4534358105792934	0.7507928374474144	0.23297777769942649	1.6267391787369672	0.8205864061652517	0.1526879386358396	0.21571013082659932	0.018387044326090903	11213.072666078497
-1192.995365213774	0.45005018881993364	0.4529361905695997	0.7490643015089259	0.2329978567538048	1.6397440562712045	0.8139111321197848	0.15184477792381593	0.21477376501448509	0.01838245099581545	11215.091674677735
-1193.000605790763	0.4510034399037914	0.45223780599345426	0.747887499343282	0.23359171321380068	1.6396106391426373	0.8206394649635069	0.15085434786628418	0.2140698666343696	0.01837081702286744	11216.558244350734
-1193.1378292651025	0.4647061391414242	0.44718415753101814	0.7605124840386595	0.23479164680356232	1.618481575003982	0.843453777896539	0.14571791970787637	0.2208521488750344	0.01841468821536933	11213.263103291696
-1192.9874691890668	0.4548710245777642	0.4507048834429631	0.7553175005527236	0.2349638194042497	1.6470646706403778	0.8223219415765451	0.1522837183873844	0.2186349777690741	0.018424904627928996	11212.203950684685
-1211.9277045173276	0.2725907581446207	0.6355167297717256	0.5373310621689437	0.18052482019160546	1.4744620676708824	0.48134232534296467	0.2316285386864116	0.04149733020163954	0.017018886825396026	11356.870058030796
-1192.994600261287	0.4561116741730089	0.4491484289805949	0.75499249047199	0.23427472132885893	1.643366286991365	0.8210183111191224	0.1490053687205948	0.21721703391004923	0.018388373042377573	11214.572987479527
-1192.9770017334886	0.45364435058675195	0.4500094840592323	0.7547698116537129	0.23532742236746024	1.65727729435454	0.8190342480650007	0.15156950484534992	0.21821845861996444	0.018415220509571822	11213.05826492069
-1192.976140978652	0.45098485149100476	0.45184032168936933	0.7509022983796402	0.2341042254770749	1.6489379549302678	0.8167734409215929	0.1520166770793272	0.2162454668391765	0.018386109940677627	11214.665402610994
-1193.0065936684089	0.45202320716248995	0.4521685862464837	0.7504860846273477	0.2329966443529638	1.6352388867876988	0.8169033318599241	0.15105550539009577	0.2155173176662615	0.018370248611111986	11215.300801312307
-1193.0662132475409	0.45315842744508866	0.45289486121438655	0.7500370433612918	0.2319616281925641	1.6210057920005765	0.8186617570495657	0.15139267350451657	0.21487612332179323	0.01835051989571256	11215.89554414311
-1193.0040367250765	0.45481030706151254	0.450765897968756	0.7536993154491874	0.23393775154902996	1.6371877756073825	0.82044438090194	0.14973442188153582	0.21651656205029277	0.01839792882752146	11212.587931419535
-1192.975624892511	0.4406236179985786	0.4580247751139056	0.7421576286049174	0.2340299964366539	1.6621757084959519	0.8051963013110506	0.15983384165076708	0.2124475301178669	0.018398218676567366	11213.502074576158
-1193.026380491494	0.4526927111932314	0.452639065179652	0.7504808389353532	0.23318818717787293	1.6295811190509268	0.8214923446292915	0.1509151342688975	0.21561548789730697	0.01837755616216346	11213.882698756484
-1193.0616323526258	0.4627543925322144	0.4456300211746227	0.7587714224656967	0.23524163311702734	1.6366146614194352	0.8371817883848494	0.14448026901226368	0.21931270225890728	0.01839037766896747	11216.490904600269
-1192.9831098871061	0.44108740688156306	0.459647623318184	0.7423781690992182	0.23531480558205836	1.6616034006190457	0.8131404690780412	0.16312762722619045	0.212928038339036	0.018439102855383926	11209.628506409046
-1193.8550932774847	0.4972992495287566	0.4307264842781408	0.788437763565507	0.2328687539032367	1.5649144333489622	0.8727353399664739	0.124323320052775	0.22965187073681506	0.018280258777816204	11222.997731624953
-1193.0309790285762	0.43274694192225216	0.4624148894159973	0.7373261172762694	0.235549071094128	1.6854092058965522	0.7987481431597659	0.16661751991240525	0.21066383061218297	0.01845668461428596	11209.938444734908
-1192.998443614235	0.43564452963015143	0.4615918592143861	0.7380104863739417	0.23373709180017269	1.6643893487954116	0.8020161991026874	0.1640120929622369	0.21148731463441445	0.01841881710102156	11213.465932310117
-1193.0017889018518	0.45447742378030653	0.45075448726266626	0.7540279533481378	0.2338382746823923	1.637883633153624	0.8197149685330574	0.14971005388000158	0.217372115609515	0.018393834130526743	11213.021298649004
-1193.02039909506	0.4381890735791456	0.459012900262674	0.7426788370218856	0.23278742439818367	1.6624565026861826	0.7914334667808622	0.16006638991441624	0.21228153995574386	0.018393066686163168	11211.995878323298
-1193.0488998127244	0.43467557748066005	0.45988806107810803	0.7388749282631163	0.23609365106555602	1.6942877556071432	0.7997010693361796	0.16548836231886485	0.21145412842184394	0.018436043490312574	11212.844807373704
-1192.9935326961718	0.4521000888196315	0.45183887390236716	0.7503002308874618	0.23351063079053097	1.6401865489899967	0.8194482402757355	0.1516613346473357	0.21586092430150722	0.018376572325617267	11216.337714785916
-1193.027311747483	0.4519327616739497	0.4527366532391075	0.749709626008311	0.23261542429471282	1.6293435340237037	0.8175713326346268	0.15095376679688755	0.21502313118838678	0.01836702100124925	11215.218694833608
-1192.9968496486563	0.43994841521720246	0.4580526649127359	0.7437401850006781	0.2350184413434161	1.6755891261504872	0.7996657425167804	0.1618133470163396	0.212890146347766	0.018471290466156476	11210.683073233497
-1193.0127999265537	0.45795841988112984	0.44732174508568323	0.7561333231463702	0.23364049453840618	1.6392874340526233	0.8220922532413866	0.14586144797720263	0.21796163746092423	0.018356516032979508	11217.596463062857
-1193.0039758357918	0.45251016459477755	0.4512444426805199	0.750649882350681	0.23271544765748114	1.6376024635306845	0.8154169228417608	0.15076867807992236	0.21539216069390668	0.018346128167076616	11217.72056125463
-1193.026514363462	0.45125113857597915	0.45268943774606796	0.7485070319466265	0.23238693984383155	1.6309001902012497	0.8145650169807913	0.15063770792071096	0.21333163168550207	0.018353182532410778	11215.687361622257
-1192.9751863289084	0.44383752905004054	0.45604502309838635	0.7463054501055798	0.23378624808604198	1.6596357889653863	0.8049066975630271	0.15812007977562073	0.21453987800632204	0.018403409557607556	11213.39234741803
