-1219.3136484609117	0.41316826698716413	0.41603413350413204	0.5535628457068391	0.18144003618755197	1.3394942349934986	0.6938011367708291	0.01573835490139996	11471.502000683764
-1219.8138385462448	0.39686705064472083	0.4151671608059936	0.5555474706437564	0.17862747735000134	1.422015295088222	0.5840214296520122	0.015694498594727633	11471.761045076777
-1218.2316116050233	0.40680175943708985	0.4089630168901469	0.5569026464282367	0.18528586484070772	1.4734403743755629	0.6623937753460146	0.01574830512272727	11480.83322898834
-1218.1751634112813	0.41468566283893876	0.40721311924369163	0.5577429018345441	0.18653346935988527	1.452911485564278	0.6994468770564273	0.015760418211560254	11482.696817689544
-1218.2579432521425	0.4073284883994201	0.40882376502994217	0.5577066369533763	0.18476479747827915	1.4668114003694002	0.6579856605605434	0.015745172200776862	11479.571824390392
-1220.7208269205266	0.4101714692763969	0.4199774411927059	0.5525550340888352	0.17760313490918722	1.2894759004704697	0.660423613641963	0.015699074589998863	11465.85341945757
-1218.5635997757063	0.41315582714798765	0.411960983823546	0.5553702604683807	0.18293988472588396	1.38852438207713	0.6870984780655258	0.015739589640045744	11477.212341593102
-1218.1700102855775	0.40828100782520677	0.40899502146213124	0.5563922090409938	0.18531715518948355	1.4624320049355073	0.6736874211850019	0.015744674723860166	11481.907151739066
-1219.773287985176	0.4196273199571398	0.41480038208468056	0.553349006565649	0.18237803759670468	1.3215028649362413	0.7272969293901289	0.0157120640418689	11474.399477389017
-1218.3923189154243	0.40430673695596964	0.40806576801647704	0.5569133725902864	0.184684257913572	1.4891034570540647	0.6470558354533039	0.015707977598092473	11483.68707875325
-1218.7431513554866	0.4106225383344135	0.41403481167646905	0.5559615655212083	0.1819669727375458	1.379438823394848	0.6704375922845615	0.015702922677253327	11471.023995070966
-1218.6741760177915	0.3982764968408192	0.40986182312588715	0.5552942306742709	0.18397330431392322	1.5002862002767479	0.6283079527313684	0.015714714929512538	11483.541600397646
-1218.3185899153032	0.4072789785122167	0.40774263987166387	0.5595865100906793	0.18629298297916166	1.492355740687003	0.6581368536789124	0.015793999360606437	11477.37857444203
-1218.2112304623574	0.41186752661067166	0.4093209203520139	0.5571895087108368	0.18465032865784467	1.4352256115813369	0.6799897196881244	0.015752898624024656	11479.257667551337
-1218.3603036958393	0.412626210915598	0.4101600513293476	0.55447956046874	0.18362930121853982	1.410556803417157	0.690812849510988	0.015707159554488297	11483.782169534006
-1218.8096814371352	0.40297187379673644	0.41515660372945856	0.5535950960817049	0.18071822340221705	1.4000618141473367	0.640780090145549	0.0157327249934295	11474.815864492008
-1218.8060230048986	0.39711824885479907	0.40744856568030463	0.5539420742972443	0.18627828842550276	1.5407980906120817	0.6444570166763667	0.015667678157321632	11492.31926708141
-1222.7071645834064	0.37368444816684704	0.41775460070280457	0.5488647420489297	0.1761659241026246	1.5100361211319577	0.5048847138261993	0.015587026088216278	11485.61858999566
-1218.6947569008678	0.41978960138605786	0.4117722194989892	0.5595234949606301	0.18534462610650895	1.3812839612307266	0.7133787460306349	0.01578633588152118	11466.652581991686
-1218.4520497686085	0.41417889260179197	0.41107210211426976	0.555927382049298	0.18379896218971867	1.3983687999971048	0.6938064465659132	0.015748858986562166	11477.825140871262
-1218.2825847936774	0.40571458809818317	0.407762444722509	0.5564015362775262	0.18512459315070134	1.4856008301484223	0.6588649767751125	0.015708253390374488	11485.432991987425
-1218.3583924065242	0.41966752275324803	0.4075330659779996	0.5591375351900052	0.18526643765890172	1.41431003464609	0.7042475018964425	0.015737103098277264	11478.978217294218
-1218.9099343779997	0.420290699364854	0.4117594469756554	0.5594372528810693	0.1834446369497991	1.362929516746534	0.6999113737652592	0.015704281055586206	11467.760564733911
-1218.347026111322	0.41422412909148854	0.41043790861390955	0.5567960010213634	0.18440475363947847	1.4100287745553821	0.6926104645521568	0.015752760309104562	11477.196669648414
-1219.2101423515642	0.4167512563234832	0.4142326748881761	0.5528664760583679	0.18357488698801472	1.3510422936359823	0.7259170876330254	0.015732995746797488	11476.62480098793
-1218.4036456353424	0.40315172224425283	0.4088107034827244	0.555886420269916	0.184140150188594	1.4826981794619187	0.6444693976223264	0.015688128428316038	11484.43729957989
-1218.533526884667	0.4108997940839986	0.4109432923430011	0.5580901760571781	0.18233233210687577	1.4095845339260424	0.6561772967305933	0.015764025895404814	11473.96585615519
-1218.3017889912476	0.40863551428928707	0.41093044772174253	0.5568745646915897	0.1836774775554012	1.4319364109585415	0.6638353859925932	0.015761937494747216	11476.344854727047
-1222.6464010797295	0.3757754213388524	0.41019537132664624	0.5491373732440616	0.17871586216773755	1.5786778251247502	0.5183819320990904	0.015441906701234232	11502.295968325754
-1218.6252478359797	0.41413796090290983	0.4111326608446089	0.5536787019449702	0.18274388454479257	1.3847370843753046	0.6963942241230966	0.01569086701652445	11483.364182449275
-1218.2244050601498	0.40657329915815843	0.4098128375876678	0.553462244440863	0.1837937822056548	1.4473621290298315	0.6709001368450589	0.0157008783727555	11487.410088369114
-1218.8117612428427	0.4138266689416343	0.41162319258687263	0.5547476197782631	0.18139936718257535	1.3727911287630918	0.6792867745277937	0.015679361607389326	11480.191150447352
-1218.18519029243	0.4092337609512862	0.4107196629914101	0.5552292093318744	0.18575868254132177	1.4428497849601083	0.6924748083399693	0.01579224736903087	11479.839941697921
-1218.1539446502743	0.41329638341708347	0.40766767377694535	0.5579801407796748	0.1862453138191382	1.4551515260577863	0.6911351732964617	0.015779087491415555	11481.086426342164
-1218.517293201618	0.42358345950190474	0.40761234594304724	0.5611051906316933	0.18642044472935254	1.4055334985261747	0.7200174785186756	0.015824373035015188	11473.627196121484
-1218.2316083211376	0.40825664934885675	0.41033174334871286	0.554145645724564	0.1839098296167585	1.4356014428881136	0.6767601838225286	0.015711794960432922	11484.25951963247
-1218.4643094114035	0.41383055220734627	0.41188666454008077	0.5567493724853481	0.18401314178590777	1.3967256741965062	0.6918464110539652	0.01577069414280672	11473.673123158811
-1218.167833724252	0.4086798814210819	0.41012341991637236	0.5564802444711493	0.1853562807623596	1.4513311233831516	0.6780617904705029	0.015773313874704552	11478.655949200733
-1218.474500081878	0.3971724379046053	0.4141555432183611	0.5502163118561478	0.18230549981220232	1.4482305979179937	0.6456277831553502	0.01568775140215456	11485.283378215365
-1218.2136293065441	0.4113603341872523	0.41068631297696323	0.5559867533370886	0.18559794550494776	1.4332749928485957	0.6953331637276774	0.015809283665934773	11478.059812553303
-1218.46263811819	0.40861645129219476	0.41263445440865437	0.557732094900469	0.18304416052006428	1.4150280319389077	0.658198816171435	0.015685839215058315	11470.164605734255
-1218.6108288811351	0.413602767673485	0.4119330679095435	0.5550495012401131	0.18273324006576955	1.3846456616854412	0.6879172232825449	0.015714420697663243	11478.075814318736
-1218.1679506468033	0.40977347782875734	0.4078056102164846	0.5572921236684921	0.18683067190746772	1.4773538229435332	0.684864872137121	0.015750566704938507	11482.24398886824
-1218.2691161343294	0.41089845534057146	0.41067904041992775	0.5556258794889417	0.18415329117132792	1.4228123891529156	0.6830538811233385	0.015758776484343255	11479.5835878918
-1218.5527605891832	0.4180045698174838	0.4113279963129763	0.5579943466139448	0.1857118546905675	1.3947069424871104	0.7156201875104431	0.01583668236628022	11471.28485388394
-1218.5546685368863	0.4194850463937808	0.40959176907631173	0.5604054811659618	0.1841145262011873	1.390528322011974	0.6957234650908608	0.015819287339193126	11471.107043213911
-1218.2323613620938	0.4159000396962135	0.40643389565375354	0.5594126869512905	0.18835477560621314	1.4707261324843575	0.7081740669330611	0.015815218640026947	11480.067349533303
-1219.3836297270182	0.4197461837842142	0.4134781106603221	0.5576258712688081	0.18197457334470385	1.335414768077638	0.6985289802680855	0.015836131122950885	11468.113144839612
-1219.4856210795376	0.3891336711807747	0.4106943154673941	0.5529780411718532	0.18369846133993725	1.5406659346884926	0.6012471797919183	0.01572299411500777	11487.96153104876
-1221.5868566928432	0.4008693985004048	0.4225658315444018	0.5535624298276495	0.1750467608441631	1.3025591145649846	0.5969043195836101	0.01570124850431423	11459.339337040228
-1218.5605158111337	0.39983745609620513	0.4106659314463336	0.5566351012955169	0.18450851545408278	1.4905221390901446	0.6340576835166036	0.015737762013213308	11477.877038994502
-1218.2770651419494	0.4183369936579463	0.40633549215593945	0.5581943062017776	0.18491328210260471	1.4278275752042893	0.697317362112966	0.015725824070812845	11484.589508288282
-1219.7556550405911	0.42287455087885273	0.4128272692137794	0.5559820393066998	0.18243684922698294	1.32109495474951	0.7243413011684986	0.01571105956941474	11473.337775396149
-1218.530320930475	0.41268621623286134	0.41172666165842714	0.5538261794007605	0.1831826206676774	1.3922071849755135	0.6949899452354563	0.015744750095492303	11481.373380135008
-1219.2205944553161	0.42034963603061243	0.4115430605873575	0.5559274448089722	0.18213330730597618	1.345289446191318	0.7071563965053428	0.01564609446418667	11477.046632183752
-1223.6588259699613	0.37021891261898743	0.4203592877934227	0.5454545448496475	0.1736113507187945	1.4820259984870678	0.4862308397364722	0.015456605838568333	11489.157122547098
-1218.35003805642	0.4060439220928148	0.40829866940676757	0.5589046152689499	0.18556975473364698	1.4874089316328905	0.6515214904449221	0.015778416497993292	11477.874428131205
-1218.4949141003037	0.41219245441550456	0.4125790018696462	0.5550670568065613	0.18362762323328635	1.394270205023157	0.6922007956608386	0.015719273564096786	11476.052465483757
-1218.3520983407507	0.4173665745451919	0.40843695732853763	0.5606686531197697	0.18436820598088535	1.4157515773658442	0.6809281723292818	0.015785018633011925	11473.44431052447
-1218.1559629171657	0.41043654372295496	0.40886152876807674	0.5560283130508755	0.18639576641666428	1.4593598696773324	0.693245065699923	0.015762253902443894	11482.542773835397
-1218.324466960848	0.4005906446653507	0.41319742924099345	0.5522898322402698	0.1834810512199188	1.4498418283305787	0.6571552412394173	0.015722706113535722	11481.956070474647
-1219.9098966562133	0.4163528754645046	0.4169999873075081	0.5552017368564506	0.18074790839797777	1.311301386415486	0.6951386479380806	0.015760275366924675	11465.337876363128
-1218.6387770940967	0.41448709877694195	0.41183327842843725	0.5537755796053548	0.18352975794791762	1.3840675415912498	0.7060743112385326	0.015708738981339197	11480.963187686417
-1218.8882547367907	0.41465196937224447	0.41393152911779263	0.5559303068831416	0.18265571155120217	1.3633140136002388	0.6931926299249276	0.01576459689914806	11470.794607070868
-1220.3578623031947	0.43048608364597435	0.41017456935391716	0.5553876370865892	0.18707548448453779	1.3418260116252856	0.7906630060189457	0.01576491459802075	11479.635397287475
-1219.7438306112663	0.4216938647296342	0.41274500959419935	0.5605441873748386	0.18059663976716392	1.3234606226848933	0.6783410541259143	0.015719408335548593	11463.957568641043
-1218.449530681253	0.40291315466845373	0.4156353265954937	0.5509062513176191	0.1829824410337113	1.4100624561121107	0.6759699446733467	0.015744353775714082	11478.94414761069
-1227.368528469554	0.3806880954657402	0.42787439711012626	0.5447434193351671	0.16641853349998653	1.286061720357306	0.4751370717858082	0.015525156126728862	11474.423856711242
-1218.2476088036217	0.40748459004883586	0.40987701538773685	0.5571260958478119	0.1843895113432192	1.4535323821315436	0.6607953017612203	0.015771258739996942	11478.285944423176
-1218.2673909609373	0.4060828824989675	0.4073906094323411	0.5563520732860487	0.18575461644586447	1.4913119383255713	0.6645538923585301	0.01570568424404656	11486.248731183417
-1218.2468127979764	0.41299781867577756	0.40900898505997946	0.5564723155540273	0.18429356728466448	1.4271698245976518	0.6847682130494116	0.01572937219188434	11481.868728832585
-1218.6852532232713	0.4140650869859852	0.4126179605108145	0.5552097865646654	0.18290057224801456	1.3779067043270696	0.6927073439779805	0.015745759301669795	11475.81790518473
-1218.382404126925	0.4119124511527341	0.41173035116216783	0.5546214774101976	0.18414175055322515	1.4067735226122875	0.6947223576906258	0.015691532553709628	11479.088362670023
-1219.1576332110749	0.39648134770755483	0.4098187194147784	0.5555405182988727	0.1819425374290504	1.4950854759137975	0.6014590838226421	0.015686453591805198	11484.105137253411
-1218.1971422544789	0.40933247062188977	0.41074294333927003	0.5562661502938874	0.18487990769734683	1.4388753506288503	0.6797918930399298	0.01573909372829539	11477.694512901568
-1224.0281078505195	0.4186458468127731	0.4220332423670924	0.5550391970671987	0.17446182603457397	1.197861471750017	0.6618022006327551	0.015671096280384374	11456.020336087879
-1219.0223175746296	0.41717216559800296	0.41248600455286516	0.5552964355777503	0.1822358019672996	1.355472163071104	0.699851373368584	0.015724821594399477	11476.109693232811
-1218.3062266705288	0.4170594647543714	0.40905730037143384	0.558747685394804	0.1855058371570468	1.4178180168515337	0.6995818823160317	0.01577057629601329	11475.711801193243
-1218.4508594714403	0.4140019565377187	0.4102945409796802	0.5543702442887178	0.1835254575866037	1.400497026539361	0.6966430997040592	0.01570387318676879	11483.649239591485
-1218.2815721862773	0.40192027818464765	0.40990873580659654	0.5535633181235241	0.18617705082356076	1.4932938245473293	0.6698729945644545	0.01569429582184899	11486.257840576256
-1220.4072871854537	0.4156716225863664	0.41686259239525475	0.5565393728533453	0.17863314121396004	1.2988202668827065	0.6652890833947367	0.015722315359699233	11463.659259126236
-1218.883961758102	0.39815432947326784	0.4109089027718097	0.5555319137778756	0.18210414937060082	1.4772645485796954	0.612814708493123	0.01570819958078314	11481.066299629036
-1218.18077405284	0.4099107727069876	0.407819273790642	0.5567914873622903	0.1872808021220175	1.4791333178822124	0.6915231163377984	0.01577552875028919	11483.188187695898
-1218.7679559741819	0.40653882083626325	0.4118828233996661	0.5577921313237229	0.18129208830784801	1.4177109804929742	0.6323537799232057	0.01571163353666697	11472.950932074313
-1218.5665143048254	0.4162673357722493	0.41082258651391484	0.5561554532198744	0.18372976506831729	1.388016071580784	0.6996772096570364	0.0157136584709601	11477.870140270841
-1219.0783248294065	0.41216978526328285	0.4149095554852735	0.5565014713144364	0.18120602094463656	1.3576632032171672	0.6695644742360654	0.015733831187724152	11467.759617839829
-1218.2851065713767	0.42060569038375845	0.4063674489514325	0.5608057842615449	0.18610936988227628	1.429341825558019	0.7035520182508671	0.015765391904096357	11477.888745373855
-1218.405113060785	0.4052474855182364	0.4101969677308544	0.5570852483878455	0.18342751972383478	1.4556937760814146	0.6439696092456149	0.015740511974229415	11478.10581425482
-1220.5006617899853	0.38773125720874496	0.41418674009983364	0.5538474732668608	0.17879015556597133	1.482248208619929	0.5549466125456081	0.01562343427516735	11479.271298604492
-1218.3016254581657	0.41348652561227917	0.4098807514381112	0.5564545917299455	0.18422466364299614	1.4168482499816142	0.6882997654138098	0.01575070041473465	11479.588594437715
-1218.7755960645457	0.4007783140074458	0.4080516012784854	0.557878710373665	0.18431184830861366	1.5084157318191709	0.6241740473558007	0.015743830674440563	11481.868208022703
-1218.9002838333436	0.41416568098131934	0.4144526603963911	0.5569524750720747	0.1826241553064945	1.3635142535249412	0.6860041769189911	0.01574202704312304	11467.078368397615
-1218.7807571888995	0.41572738197366227	0.41114429682300907	0.5545775658068296	0.1821602410210134	1.3725456189729455	0.693602498213622	0.015692625578215633	11481.41685936714
-1218.148932831644	0.4109710603921595	0.40822823791067975	0.5566402873061083	0.18586161776813953	1.4581703768200995	0.6864164120493593	0.015749059991758546	11482.996693859384
-1218.5798442244954	0.40039855972536587	0.4097820036065634	0.5555241454136068	0.18336931910661117	1.483424249627853	0.6308695514217996	0.015727503972505972	11483.288526526483
-1218.195862832431	0.4077398578617814	0.408160044121046	0.5570854505745609	0.18597045091726216	1.4788184088119949	0.6712483305897106	0.01576377483021637	11482.258712637627
-1220.5315143537175	0.42223246434193273	0.41607688643460433	0.5537347277158746	0.18188218472549364	1.2921269438690495	0.7359735457128024	0.01574573530194569	11470.29751896837
-1218.3044079981391	0.40449891756269657	0.41171356404859455	0.5546585030981164	0.1834819506552217	1.4443604870650917	0.6575703720525715	0.01575007601232709	11479.86092508885
-1218.1945900615335	0.4099450684716729	0.4092727880200777	0.5568677973681433	0.18465489889966263	1.4460108092768393	0.6734457369600365	0.01575896253849298	11480.238682332829
-1220.491531036269	0.428238526922896	0.40507078628948967	0.5703930635885607	0.17857971599820968	1.3496221446147854	0.6205154166381011	0.01574646605819263	11463.319770783806
-1218.6966195604464	0.41208072665081763	0.41399714255628606	0.5564772176957236	0.1827080139494903	1.3793221557187063	0.6791704385594073	0.015758794079124092	11469.452515895951
-1218.2664931066306	0.4104259355383189	0.4104334718876337	0.5550790719003967	0.18394552707073902	1.4244276333387442	0.6822167221994587	0.015730106209322307	11481.654193990631
-1218.1811483536112	0.41472706771550305	0.407195531695072	0.5598336502783614	0.1856009361429384	1.4494240763536386	0.6812307124216416	0.01576701002641897	11478.254494748177
-1218.2235710097636	0.419691467501486	0.40536860319144885	0.5618904769404242	0.18752091372712096	1.4559194326446747	0.7032589621690477	0.015825796784822908	11477.505677057541
-1218.367916304439	0.4134888034802369	0.4105675733302115	0.5552125483967927	0.18450445014500386	1.409374191031842	0.7001942698744928	0.01573036777054608	11480.584640240499
-1218.41030520506	0.4091410530203202	0.41214235885575506	0.5520574580127304	0.18309159417711873	1.4103124912426839	0.6896269763085284	0.015581906758237925	11484.683732152373
-1219.7544198541095	0.4115070220590302	0.41795134744961127	0.5512635746303435	0.1803659686970545	1.3196365658518057	0.6935882262543469	0.015732765028099595	11472.583046825912
-1218.1934649945883	0.40697595047580376	0.4097045412803112	0.5560195985694718	0.1849308661954019	1.4600888153440492	0.6685312847886694	0.015750766386934817	11481.14402391942
-1219.3252222959861	0.4119455636819958	0.4167353423920215	0.5529223600580505	0.18145448329566552	1.3392831396135627	0.6929875597543177	0.015706008692048374	11471.265314247017
-1218.3318036721507	0.4138814394645667	0.40956540885862636	0.5557837609699008	0.1839639321893915	1.4134346635906447	0.6906744591767627	0.01572562238006025	11482.095695768301
-1218.192584416181	0.4076247396621579	0.40887862284708476	0.5574361559373543	0.1859013856313058	1.473980158277736	0.6699573536315017	0.01578122392324675	11479.540142391057
-1218.2481193464664	0.41132338927298184	0.41053596644693713	0.5561823062146809	0.18450329553619452	1.4255430607467987	0.6846054604919505	0.015740766500080283	11478.480409992315
-1221.290658216439	0.424188087868755	0.4169570351990237	0.5567180257600086	0.17989251689361527	1.2619502172736214	0.7136992841374237	0.01578128842131623	11462.009077488401
-1220.1424292502961	0.4011366623991345	0.4060175701879858	0.558121111555428	0.1787856690560294	1.475662251775265	0.5694275823075573	0.015491291864252637	11488.9296560303
-1218.6318954683902	0.418775008876203	0.41087211765994275	0.5586228645143644	0.18435366064505074	1.38340814999636	0.7052184140619209	0.01578292800139189	11471.670970507692
-1219.3880470990784	0.41717642649036285	0.4142749518848743	0.5539116200232805	0.18190495001451581	1.3359610306631466	0.7085782346480094	0.015730849939981268	11474.797279086953
-1218.2526066465616	0.40583121048793114	0.41206889591596574	0.5509559692685069	0.18493059958620345	1.438928769117696	0.6942215323210145	0.01563299201176208	11486.931516052724
-1218.3656519604328	0.4152971550601058	0.4105086467195375	0.5578025211113914	0.18469176343001406	1.4078273706246525	0.6947818562821044	0.01578524221921635	11474.488253290932
-1218.6444427062856	0.4124791676183042	0.4132110169956496	0.5541782163828561	0.18314640336687715	1.3815097314501952	0.6953756074136566	0.015725741033765155	11476.677175417073
-1218.52478546162	0.41422997947827145	0.4103076348563671	0.5542136384637985	0.18300217700955432	1.393616142317968	0.6944871989759661	0.015654857080472297	11484.19725976452
-1219.7515897801359	0.424005687297545	0.4117452929353125	0.5594505044272798	0.18107431141799463	1.3199588282516805	0.6967321306501576	0.015733123422041046	11468.813439574888
-1218.3501761153868	0.413577501784559	0.41024718639681323	0.5550530748070271	0.18426197080776555	1.4111322537632185	0.6969691234659802	0.01573420136245468	11481.874490936068
-1218.4418924884644	0.41731254238315396	0.40984125190509335	0.55657491662988	0.18555186399462534	1.406700849913009	0.7147986135051198	0.015754866649470716	11478.672538640501
-1218.2623727974117	0.4159892184947485	0.4076564875351955	0.5566954905819249	0.1850128933839423	1.4270283325789743	0.6991651644890247	0.015702634682389673	11484.54985810719
-1218.1711182786075	0.4092235705639907	0.40973411127546555	0.5560844835221062	0.18506352127132458	1.4482459437479636	0.6791837754242402	0.01574170112426521	11480.723455641079
-1218.167495985269	0.41388640254433845	0.4082828260250043	0.5587292048930854	0.18599429091906908	1.446366528761113	0.6892576730653326	0.015789402355935466	11477.759073197109
-1218.5059157176752	0.4050565056898684	0.4101001578862409	0.5575160590004998	0.18291150636797643	1.4543539015304063	0.6366152866561442	0.015690085358671564	11477.604776914863
-1219.0971207991865	0.40524515033857755	0.41642316521733197	0.5549251611236761	0.18029307938301428	1.375616007650712	0.6421966778894439	0.015863823377989094	11468.449531177259
-1218.5883945122707	0.401812365819202	0.4092589342327798	0.5559298121550882	0.1828741201020722	1.4765172317157143	0.629883214427076	0.01567616741427316	11483.821900929308
-1218.9290762224614	0.41714885086488124	0.4127929588941909	0.5561963173808746	0.18298758023289574	1.3608590404558505	0.7023741106015146	0.015770313322248094	11472.87739999357
-1218.4326360567961	0.4150816854769085	0.411741481252049	0.5567737453924142	0.1857130963427743	1.4054810077437052	0.7108351740448715	0.01581697326278006	11473.169627097344
-1218.2122549365336	0.4062021908757946	0.4107422292554335	0.5553844341567542	0.18456853242240107	1.4521023284729573	0.66743431129383	0.01573984657474641	11480.088618837028
-1218.7946711541513	0.4222520519151012	0.40961141720145944	0.5602845859685118	0.18364152959453828	1.3723681256351188	0.700087414448793	0.015780633827824176	11471.385708287438
-1219.3466588081546	0.419477722549679	0.4136945750056154	0.5567449937417797	0.1824632557330305	1.3373669274093647	0.7072813460712617	0.015780441085630113	11469.37830233374
-1218.4434143895592	0.40151967056231624	0.4112398230797653	0.5555827678685744	0.18350295831788566	1.4659947473410107	0.6400538409908462	0.015730730512284963	11479.179064161897
-1218.791156589666	0.40335704049856974	0.41211912166862263	0.5546857325862066	0.18064261383677718	1.4227781955936694	0.6285779072881087	0.01571609836525461	11480.07637677914
-1218.6807972026384	0.41776089904596586	0.41138751496200276	0.5567786763875417	0.18411153442117512	1.3796686453622626	0.7080858852571503	0.015758955900471265	11474.7034801823
-1218.500296144588	0.4118859546559644	0.4109787323945442	0.5535086319141513	0.18255443056009657	1.3970220419149204	0.68562880593456	0.015689490349294392	11484.388128182154
-1218.1549775694002	0.40830445157637835	0.40956902845324217	0.5559060989807749	0.1856893059179929	1.4595227431444366	0.6809517800381363	0.01576612980788241	11481.368340418585
-1218.2580864887452	0.4070151759717113	0.4090126912260761	0.5579465973909804	0.18503359201767247	1.470081272121044	0.6581472620170433	0.015755768584435757	11478.406181084109
-1218.527612069202	0.4134659433424565	0.41177863993160213	0.5569428094219022	0.1831331657689179	1.3925204335899535	0.6820971339887848	0.015770579941899388	11473.937808298564
-1218.2914334845127	0.4045214857753247	0.4105722792566309	0.5559153056404308	0.1841511589363393	1.4608229177996437	0.6543251644330376	0.015736608507974603	11479.60598459889
-1219.1267376521637	0.4072832942141615	0.4144949895466729	0.5540445924171902	0.17963160894812502	1.3697067770454192	0.6471613916592966	0.015669209479528903	11475.619094450112
-1218.2580568770604	0.4049732521097288	0.4086946377934569	0.5563219556709564	0.18627802015456615	1.4924757932874357	0.668415882308597	0.015773820063026966	11482.701370959934
-1219.7373639494226	0.4112298056319117	0.41829539365691665	0.5499481925101452	0.1808986353705004	1.3212931365529612	0.7042369418788457	0.015729467050187934	11474.557218282798
-1223.6900593031662	0.3740884492936221	0.41665381524560374	0.5485801425292666	0.1743993485661283	1.5023735414592243	0.48497710997849997	0.015549559078306982	11489.56623154344
-1221.8489125705437	0.38410094193784633	0.41459950234693715	0.5532155170794776	0.17664883893280553	1.4832465499204033	0.5215701914303568	0.015564988425382788	11481.124341852006
-1221.745450195864	0.4370457919059225	0.41244880728869904	0.5625583160355586	0.18215684899792947	1.2572522081087814	0.7502776106179273	0.015836672787184685	11459.404641685358
-1218.672352258808	0.41843055870447576	0.4111472487883758	0.5561141990469318	0.18564230069704118	1.3898616077504808	0.7258602448118675	0.015785894973601083	11476.175793201806
-1218.2780112400992	0.4076326358280995	0.4103603017279275	0.5545102864069861	0.18331094940528808	1.4348326596684429	0.6672678795475268	0.015709790914235303	11483.621048170331
-1218.3567845950834	0.40251176069083067	0.41491576155068177	0.5532314948575814	0.1835587599698397	1.4274085302675503	0.6654897323487168	0.0157772043107238	11475.05840983183
-1218.2499753664338	0.41136848478965643	0.41041965080912735	0.556682290216149	0.1844120663462977	1.4262489666177192	0.6813148511052493	0.01576244661093734	11477.658032151632
-1218.2990915640194	0.4162577902522222	0.4090972063869921	0.5576906188618465	0.18534300569821505	1.4190726832800789	0.7014385851611628	0.01578514488212115	11478.197306969316
-1222.8498129933819	0.42274655478609724	0.4197295896234661	0.5583556616897681	0.17685867307902914	1.2214113274371698	0.6815215529660249	0.015711111921024628	11452.902026874828
-1218.275468788026	0.40494946124594217	0.4098246150615793	0.5570719127065134	0.18513659779179423	1.4746703603814157	0.6566133329339897	0.015735603191337287	11478.391339222799
-1218.88048563958	0.40936226762460076	0.406151969746288	0.5608233728698461	0.18176575604180567	1.4578523891650292	0.6189133095649687	0.015562703243724729	11480.637536931317
-1219.307626650455	0.418923335795972	0.40765027370005125	0.564600174796251	0.180456299184978	1.3854424284172921	0.6323931949245292	0.015754090199961653	11468.366758413917
-1219.611273529049	0.41735569193225436	0.4152311989617938	0.5554955891270935	0.1812535558080141	1.3242180077474448	0.6985946911914628	0.01576853315820604	11468.94293337794
-1219.2954796838185	0.4234994185950087	0.41154363928719995	0.5605359636973707	0.18264814904984847	1.341471004073001	0.7017969493096542	0.015764226316856048	11466.135236359658
-1218.157196312871	0.41091941005114613	0.40785594702956124	0.5578856068082831	0.1868656131883573	1.4717259407392433	0.6866164282345598	0.015790927395402315	11480.626232934532
-1219.9963888754812	0.42069684861463874	0.4149952774748135	0.5561068636029064	0.18125357694136085	1.3076994504408967	0.7086316921485921	0.015723728435541942	11467.969405052061
-1218.6846980633013	0.4009562926034036	0.40880654159345103	0.5574399695878982	0.18412819675714054	1.499054472578646	0.6270346503329527	0.015787887426281257	11480.957426366007
-1218.2490313322128	0.40835788667093603	0.41061305846190177	0.5535457451976631	0.1838218716032706	1.4308778950994268	0.6806072194739679	0.015714827858290197	11484.970729724348
-1219.0001847018198	0.4203602932121686	0.4117650175083815	0.5555939379355281	0.18566334233179266	1.3736351343754323	0.7398333097097363	0.015834919541634147	11475.69382881285
-1218.1674667704247	0.40840083041697894	0.409316133968106	0.556700546424879	0.18547378270594123	1.4612188745859336	0.6743633441609391	0.01577098458888308	11480.241562807356
-1218.3926209708213	0.4116441009485277	0.41043056320794485	0.5545476052536472	0.18284167554884076	1.412712482343287	0.6751009710419349	0.01568767422934642	11483.122196676939
-1219.8593402800936	0.42757157082383923	0.41075676660991634	0.5579186125524392	0.18265303266069108	1.3195538555993356	0.7307691936934951	0.01575692207850281	11474.15251158764
-1218.9207998687655	0.4135532467502331	0.4140572517492904	0.5558179819991586	0.18199662642475392	1.3627440860530124	0.6830514005285007	0.01574588131101957	11471.078244750224
-1218.1581245486364	0.4120982296177338	0.40747476957691287	0.5586053296062004	0.1869929081869061	1.4707186274024842	0.6883069984329654	0.015780230346416294	11479.861938009872
-1218.3649823920007	0.4058479889137459	0.40777722739433997	0.5581358917666335	0.18472262697962616	1.4833857577950023	0.6484302341131986	0.01572133532446048	11481.507675513756
-1218.273939879296	0.41422927348569205	0.40408684701899256	0.561522147298013	0.18730403841172158	1.4949843640187261	0.6778315952855422	0.015807099891173543	11482.089906780475
-1218.2631583435036	0.40710674645195494	0.41023939763556255	0.5553566699595626	0.18365052430164083	1.4430562869077002	0.6632308803083957	0.01574124621219365	11481.839003068768
-1218.3801849144352	0.41319215521301256	0.41119305242452225	0.5552807179019591	0.18408989387681116	1.4066022396876672	0.6920475010879885	0.015739417464617267	11478.823916128893
-1218.6024113390724	0.4139185401919409	0.41234130948925785	0.5551188639455115	0.18344642893830487	1.3847326523602752	0.6977418288436958	0.015742040004780966	11476.55405827619
-1224.6072369504648	0.43314461669370197	0.4183709624243743	0.5582919334532195	0.17735096041346476	1.1785299806269351	0.7260377066976703	0.01565135074527233	11455.861652521511
-1218.201862286249	0.40879133813311525	0.40895211756707744	0.5590998231266473	0.1862326471865427	1.4713471641251823	0.6692502940115117	0.015778599105085677	11475.218978227696
-1218.2604409628668	0.41191813279688777	0.40955375372975783	0.5572497848409691	0.18406756842281166	1.4289205638790012	0.6750073842754032	0.015741161630431533	11478.734276736846
-1218.2707108770228	0.4185278079977064	0.40656605110999744	0.562346546250032	0.18529595386196218	1.4356341745894212	0.6798121109217445	0.015798097116193312	11474.162404954812
-1218.1641671494	0.4111412339216414	0.40815047648380465	0.5556983476765367	0.18529603553266746	1.4518312137650617	0.6880270939428658	0.01576173095911805	11485.675823330192
-1218.2132342723057	0.412065947880858	0.409642619434817	0.5554163225674493	0.18641372178462573	1.4431197351951137	0.704766968905625	0.015783936771979798	11481.78761053288
-1221.7051112214667	0.39004672700579546	0.4272266516916302	0.5474055229625105	0.17425306465875637	1.3144975070375988	0.5849077101465253	0.01576152826826679	11464.270535560487
-1219.013570044378	0.4063035258344786	0.41435663878131207	0.5537977985923842	0.17984217264467997	1.3790658180565074	0.6454070694899198	0.015782450874532353	11476.532337835728
-1218.2026940206247	0.40806317159889516	0.4092115295947289	0.557513176364593	0.18520493959686593	1.4633342874000939	0.6662837830000088	0.01574982929614198	11478.745921441801
-1218.7446116207932	0.40306001758805055	0.4129805171200496	0.5556783052252598	0.1811924984753384	1.4239956466739598	0.6303144133140188	0.015716396684798087	11475.341217003284
-1218.394713068581	0.4081965180307665	0.41037797053013675	0.5561307495649385	0.18264299848383353	1.4291119019300589	0.6553355811265664	0.01572599145308854	11480.01700395608
-1218.7019466592988	0.41144515924595293	0.41303665966987047	0.5537006768788016	0.18203749564846575	1.3789573182152979	0.6830917425195699	0.01571148695708048	11478.793850797261
-1218.3541177055488	0.40454367345876996	0.40885971942978744	0.555978442991069	0.183942576283989	1.4733989081067378	0.6479022329112578	0.015719712583686398	11484.063562449865
-1218.3671979406959	0.40711752727812833	0.41091466384089564	0.5537318830892733	0.18248444133649122	1.424910848724586	0.6633061560651974	0.015688552924262984	11484.377819160733
-1218.2911797759612	0.4174166121957268	0.4085651623764627	0.5586578401156937	0.18644469369832922	1.4267702715738173	0.7097036867749049	0.015771548516696966	11476.862246813786
-1218.2573767606677	0.40319500935636754	0.4104494835429253	0.5538134705597061	0.18421606124977644	1.4657782791954774	0.660176001483463	0.015711370787064905	11484.985191509142
-1223.2208328466847	0.4188646880594013	0.422465514752489	0.5510508848342927	0.17690961037136124	1.2097677922179582	0.7063945859981848	0.015742693996151715	11462.774791823396
-1218.2357455052681	0.4174370712300699	0.4075562891324927	0.5592656091981343	0.1871539993375568	1.4427454851286143	0.7088469977733207	0.015772656176225884	11477.83633307485
-1218.1916521239473	0.41299960895997373	0.408087830763331	0.5584503817106825	0.18497669497827313	1.443480194517004	0.6786271670084529	0.015763383932815286	11479.426907349773
-1218.2638777398006	0.41360368555188254	0.4100486684819849	0.5582992297658729	0.18483028798964654	1.4230120420977947	0.6850190679835044	0.01577953544214585	11474.565566215442
-1218.343241391925	0.4083895615066803	0.4103612672163687	0.5551506025416066	0.1828321262613649	1.4276577072015324	0.6629522158852184	0.01567014502788222	11482.264470282053
-1219.150822299173	0.397402519059881	0.4115969812170893	0.5558376352284407	0.1810878688203024	1.4689846434771046	0.6006166846166927	0.01568578894319955	11479.081497875219
-1218.1755410942242	0.41011037719056437	0.40781605966469625	0.5585311591814789	0.1867577488091044	1.4773338040799155	0.6797577545101265	0.015783787808886337	11479.29619402414
-1218.4160778792639	0.397765817618345	0.41289557636820606	0.5523808393488089	0.18365056751485936	1.4702799740521135	0.6457120339396094	0.015721459761047114	11482.737208404636
-1218.9637093595295	0.4043650948818105	0.4046605336109477	0.5609266175635241	0.18917232191582295	1.559498304674333	0.6546205020872145	0.015833048659740414	11481.460395768929
-1218.4714142342598	0.4077353495275261	0.41196147574585806	0.5544379531892736	0.1821312110835433	1.4111972259990837	0.6615498873948525	0.015710376175416454	11480.082298436966
-1218.3920390113788	0.40505278418849994	0.4088121405186053	0.5576775467876859	0.18427199216584567	1.4761542389108135	0.6444483544518679	0.01575926615860023	11480.031637560058
-1218.3896801376345	0.4033692612799428	0.40928235626268017	0.5568972670511466	0.18466934863043005	1.4838166579169756	0.6457984976169164	0.015758519532126782	11480.56198464753
-1218.382768219008	0.41149761779725536	0.4105633211110339	0.5545221458137854	0.18309368368598725	1.4092299148933136	0.6822632640670359	0.01570694326402672	11482.90535431747
-1219.5100614832872	0.42432242088100336	0.4126826444848745	0.5580929879658966	0.18415981948542198	1.3358608639172753	0.7321629591850523	0.01581010091173814	11467.966962407465
-1218.2051069896672	0.4152264902396163	0.40747775523213997	0.5583050020699574	0.18511572024441716	1.4370347830737982	0.6883816129340801	0.01574543397095784	11481.261443997542
-1218.2053571143601	0.4076767295286583	0.4091789903818612	0.5564989116137947	0.184809068632087	1.4610873427493123	0.666039697256591	0.015721300286381575	11481.400450428167
-1218.3432523883525	0.4167429859121964	0.40962048558097824	0.5578767293553031	0.18539507274574574	1.4132962175070873	0.7037975107827859	0.015812347006520084	11476.307312615245
-1218.1569752811888	0.410419269956684	0.40845056293633164	0.5583882398183331	0.1865760316077871	1.4686395691662015	0.6814175225177358	0.01579747985544682	11478.00091824104
-1220.2350623209943	0.3906270019280387	0.41158849197975944	0.5551418876721345	0.17974036162809112	1.496709123807601	0.5630877408834936	0.015653965358723026	11482.04502264937
-1218.168178408486	0.4119491362305038	0.40865113376345585	0.5583327229682699	0.18558094818739876	1.449584188769251	0.6799956602313305	0.015774901097541563	11477.94673308864
-1218.4977257368341	0.41849627593166566	0.41010496569916527	0.5579648011961301	0.18525458947096554	1.3981521175967764	0.7116037741990989	0.015786709434464755	11474.825267454475
-1234.3713027826725	0.44237100997734413	0.43103822370420514	0.5531445475548986	0.17933678268548642	1.0419845711647335	0.8335466281691515	0.01582088185978324	11433.97231159462
-1219.2269335188473	0.3966681931681958	0.4060177620836825	0.5562626614410879	0.18570090977745063	1.5563278487207508	0.6229660359703962	0.01571735776379116	11490.877120157034
-1218.2229980210445	0.4166893701723037	0.40746562611767245	0.5586696919757409	0.18554672127998348	1.433680201181249	0.6958274370296602	0.015763164993701912	11480.200626682517
-1219.6392641560226	0.3914402519214132	0.40874196181744576	0.5548560126955946	0.18362257523307532	1.5467536952591459	0.5957444652447269	0.01569546067608336	11488.332050076813
-1218.1634398502713	0.4093068793292469	0.40872310893628844	0.5570003110997611	0.18547875662361396	1.4611581459526986	0.6755689786600537	0.015772143384947635	11481.072977285921
-1218.3214804109602	0.40596261547316725	0.4085921328905256	0.5580944770846292	0.1850809217098962	1.4805040999795258	0.6521943898651672	0.01576178042569963	11479.218559106694
-1218.5224193388967	0.4142858054027202	0.41031642805253593	0.5543528647794973	0.1829774007084736	1.3937774810718067	0.6938382307300863	0.015699226003853997	11483.858566177654
-1218.1543031614299	0.41171861604638643	0.40721256054651084	0.557790463013528	0.18646717102734292	1.4695070367193837	0.6857887774810234	0.015757528722182397	11482.72432006386
-1218.1674818009915	0.4119376647490993	0.4090018467740117	0.5571719015656673	0.18551391751698945	1.4447244957285723	0.6866347504043714	0.015765939975604024	11479.769174776802
-1218.909927480726	0.4137052947454578	0.4136642879768819	0.5550453641448295	0.18197390020103718	1.3629075258297638	0.6869219613090323	0.015743841917654152	11473.910840172282
-1218.2311349260665	0.4142694203816093	0.40840932821783515	0.5562782782406351	0.18517098188462686	1.4316171351974665	0.6971205916041318	0.015737478339714516	11483.46713111158
-1218.5579028987809	0.4062424457626949	0.4046293923302811	0.557990542000391	0.18787096347205695	1.533049047367469	0.666837330506568	0.015742969264297517	11488.946310577247
-1219.5479877324092	0.4193467386237359	0.4140155900343116	0.556721330883745	0.1815953047057188	1.3272198170389657	0.6999292845541675	0.015709111919833717	11468.998759338847
-1218.55562342478	0.40198570004377987	0.40999985200847205	0.5564902374437369	0.18324193506668612	1.4735373628158772	0.6315858090398091	0.015730010065090824	11480.354915420528
-1218.358028441248	0.40664103828785325	0.40721245008898005	0.5585310747007715	0.18527530947956777	1.489745206503942	0.6513639640578786	0.015681993672560672	11481.763189442421
-1218.512236385061	0.41414813568517783	0.41031988991496227	0.5548197530682109	0.18286665486554204	1.394583737460059	0.6898644383758404	0.01570294026000799	11482.813242060638
-1218.241012325806	0.40489549415442955	0.41342660723317975	0.5528049796540827	0.1851106582033506	1.4370639187635996	0.687136028071585	0.01576037158158384	11479.038803683145
-1218.414174744471	0.41274829019045606	0.4118074553132067	0.556055427365987	0.18400428917552583	1.4021827531528406	0.6899954999874532	0.015741725174513697	11475.546321670194
-1218.1682262117802	0.4079183042533913	0.4104348295635847	0.5557672337495361	0.18531914296354732	1.4516344951324436	0.6788987688776712	0.01576295449849213	11479.573594848383
-1218.2273481186994	0.40714400919086374	0.4106402665451187	0.5555263016426946	0.18414006734813945	1.4446680475733216	0.6679633113390713	0.015763737998572655	11480.174440051514
-1218.6394634612107	0.404623582442999	0.41205011603903613	0.555172158464422	0.181347324844339	1.4227676679821795	0.6380346815795483	0.01570281138263572	11478.718146054487
-1218.2246931725892	0.40804364041994023	0.40849825191072786	0.558193405836826	0.18545481801037844	1.4721217123052497	0.6633937339427982	0.015764386801237693	11478.950535733782
-1218.4539625439227	0.4155169661278448	0.40991534721285344	0.5582962376626335	0.18339191488177986	1.4014664600595084	0.6804784429914188	0.01573941831420728	11475.484239044332
-1218.3273801815303	0.4158894725812534	0.40579574100331567	0.5595680932126148	0.18944924143105843	1.483424862337068	0.71497428379024	0.015838003113575312	11480.991319558358
-1219.0210857935413	0.3996768013124217	0.41926990416161136	0.5509373943891611	0.18044728103187088	1.3799771018032048	0.6473905359613709	0.015735991507151496	11471.08334271939
-1218.1686910477395	0.40986568739882406	0.4079899713129836	0.5575258846544323	0.1855777920273864	1.4657905931571285	0.6743788386352035	0.0157637397280379	11481.73196982579
-1219.1979800507754	0.41837977399577964	0.4139718877811544	0.5567881823157822	0.18288681901651588	1.345180932024721	0.7066464142097533	0.015772918365325482	11468.401190472392
-1218.2042003801807	0.4081581063339527	0.4091400492422963	0.5576319902687258	0.18517756407765526	1.4635568247477215	0.6660175739179974	0.015787095954483462	11478.67239574682
-1219.2750275140206	0.39082098108055113	0.4118664223256862	0.5533970772587897	0.18253344313669057	1.5121737283553691	0.600500762517786	0.015738351147229736	11484.268531666492
-1224.1844686518575	0.43450909073632205	0.4180337130377465	0.5638556460010526	0.17720745514311903	1.1901795804227933	0.702779320064769	0.015961549161665266	11444.439668417966
-1218.3822893836632	0.41409570284340264	0.4109069519467631	0.5576217000592302	0.18422983001959814	1.4059466237177174	0.6884727034071477	0.015753369633977086	11474.133885118845
-1218.428687672925	0.4156089709053349	0.41131356419171977	0.5570144965817214	0.1852710370348405	1.403427586920239	0.7069254232283828	0.01578620720139055	11473.912490174025
-1218.4538489928902	0.4030415055007436	0.40714474326753947	0.5556303062479593	0.18731026997332212	1.5216108070722056	0.6681021075832924	0.015756019309879913	11488.193654719875
-1218.5050519659796	0.41666573389945716	0.41075525018058306	0.5570320736050833	0.1843788647582332	1.3939438773410042	0.7026673578592102	0.015761434615870866	11475.714306561416
-1218.206354790851	0.40934576815705315	0.40996534822510344	0.5564605413849432	0.1845411574892899	1.4415089316918008	0.6737162199334114	0.01574581225295482	11479.438445165177
-1218.6210230452848	0.41304490173920316	0.41353801010655306	0.5541437437431715	0.184540415106098	1.387317926262443	0.711084955809031	0.01581185643042906	11475.260607625372
-1218.334196432207	0.41731172877722233	0.40214291197785523	0.5626027794757271	0.18795084300857728	1.5004761582138384	0.6840696284083719	0.015787803950640413	11484.5779857606
-1218.6955439999074	0.4146900130801601	0.41264322509195733	0.5558833119961845	0.1830277979164538	1.3769354618511562	0.6925787842743343	0.01570152166161365	11474.077746702638
-1218.3204635015866	0.40312202055644053	0.40960928316232337	0.5554200800223454	0.1845763334351673	1.4791502528181988	0.652244048853848	0.015732360705147587	11483.240003084866
