-2612.3627369671563	3.7414526917858595	10.0	0.0	0.001	0.1413049875216583	75280.45239451427
-2612.3626921687846	3.7414506319707077	10.0	0.0	0.001	0.1413018705019704	75280.45239451427
-2612.3625437321043	3.741434765709739	10.0	0.0	0.001	0.1413651007503399	75280.45239451427
-2612.362575678915	3.741380012340062	10.0	0.0	0.001	0.14133008477899248	75280.45239451427
-2612.3625927335306	3.741622796880254	10.0	0.0	0.001	0.1413280158164872	75280.45239451427
-2612.3625763109603	3.741160723454526	10.0	0.0	0.001	0.14133181390308586	75280.45239451427
-2612.362504228997	3.740865104778437	9.999999999993728	0.0	0.001	0.1413386297546113	75280.45239451427
-2612.3624747593867	3.741788149704546	10.0	0.0	0.001	0.14135572423435622	75280.45239451427
-2612.37521181632	3.741013183705905	10.0	0.0	0.001	0.14100854823173295	75280.45239451427
-2612.362568312453	3.7419888184327434	10.0	0.0	0.001	0.14136180546388516	75280.45239451427
-2612.36246136913	3.7418374914112738	10.0	0.0	0.001	0.14135097737965413	75280.45239451427
-2612.3625031101515	3.7418707659003716	10.0	0.0	0.001	0.14134803284063308	75280.45239451427
-2612.3624900883915	3.741454710425525	10.0	0.0	0.001	0.14136178485998227	75280.45239451427
-2612.3625299129635	3.741596392797559	10.0	0.0	0.001	0.14134444789514705	75280.45239451427
-2612.3661268012697	3.7411331655843636	10.0	0.0	0.001	0.14116803500690842	75280.45239451427
-2612.3625234310825	3.741538709440378	10.0	0.0	0.001	0.1413436152307927	75280.45239451427
-2612.3625479204475	3.7415455477073665	10.0	0.0	0.001	0.14131941057194541	75280.45239451427
-2612.3625126820125	3.7413383572178605	10.0	0.0	0.001	0.14133718625923616	75280.45239451427
-2612.362497935953	3.741226828639948	10.0	0.0	0.001	0.14134721383988766	75280.45239451427
-2612.3624402327496	3.741510511876715	10.0	0.0	0.001	0.1413495995582971	75280.45239451427
-2612.3625641506123	3.7419922155079663	10.0	0.0	0.001	0.1413689263993292	75280.45239451427
-2612.362512514823	3.7416912353264498	10.0	0.0	0.001	0.14133671258184682	75280.45239451427
-2612.3625180609924	3.7417390735480236	10.0	0.0	0.001	0.14136780822135137	75280.45239451427
-2612.3626120411473	3.740959669625431	10.0	0.0	0.001	0.1413502783735271	75280.45239451427
-2612.362571444188	3.7417685698840395	10.0	0.0	0.001	0.14137092794979897	75280.45239451427
-2612.362522370079	3.7414266635155804	10.0	0.0	0.001	0.1413517074058491	75280.45239451427
-2612.3633014770603	3.7415392899354023	10.0	0.0	0.001	0.1412620435354246	75280.45239451427
-2612.3628209158046	3.741294513229452	10.0	0.0	0.001	0.14128877708662893	75280.45239451427
-2612.362485007171	3.7412504149187127	10.0	0.0	0.001	0.1413587736596106	75280.45239451427
-2612.3625306821327	3.741522419589858	10.0	0.0	0.001	0.1413521928506308	75280.45239451427
-2612.363679989652	3.7419528450628396	10.0	0.0	0.001	0.14124908451743118	75280.45239451427
-2612.362513320679	3.7414289044573703	10.0	0.0	0.001	0.14136508246745233	75280.45239451427
-2612.3625295102192	3.7413262024897813	10.0	0.0	0.001	0.14133232208426286	75280.45239451427
-2612.362538853342	3.741692203424691	10.0	0.0	0.001	0.1413388448106234	75280.45239451427
-2612.36250083907	3.741335727046243	10.0	0.0	0.001	0.1413628426871817	75280.45239451427
-2612.3625290473283	3.7417051192239885	10.0	0.0	0.001	0.14135208521366868	75280.45239451427
-2612.362539782238	3.7415225588976826	10.0	0.0	0.001	0.14134122378394123	75280.45239451427
-2612.362497955132	3.7413687655131995	10.0	0.0	0.001	0.1413829830834075	75280.45239451427
-2612.3625238984328	3.741428640120173	10.0	0.0	0.001	0.14135418562120317	75280.45239451427
-2612.3625926433315	3.7415922293703963	10.0	0.0	0.001	0.14131996568968969	75280.45239451427
-2612.36251337254	3.7415817197450467	10.0	0.0	0.001	0.14133964006754213	75280.45239451427
-2612.3630496355927	3.741740651752111	10.0	0.0	0.001	0.1412824386578237	75280.45239451427
-2612.362745462891	3.742120904116781	10.0	0.0	0.001	0.1413785745348236	75280.45239451427
-2612.362528375279	3.7415886962707123	10.0	0.0	0.001	0.14136021080181374	75280.45239451427
-2612.362786564833	3.7423177309992113	10.0	0.0	0.001	0.14137764641114262	75280.45239451427
-2612.3625827389733	3.7415775847371666	10.0	0.0	0.001	0.1413758183022705	75280.45239451427
-2612.3625140772165	3.7415344051633	10.0	0.0	0.001	0.14134675989877504	75280.45239451427
-2612.3625567119916	3.7417397536500103	10.0	0.0	0.001	0.14135967699109991	75280.45239451427
-2612.3625151489437	3.7413423545354796	10.0	0.0	0.001	0.14133816660370874	75280.45239451427
-2612.3626737558116	3.7416056304921956	10.0	0.0	0.001	0.1413159417035627	75280.45239451427
-2612.365837491841	3.741537692785449	10.0	0.0	0.001	0.14117449361372508	75280.45239451427
-2612.362511067346	3.7416200095867924	10.0	0.0	0.001	0.14134622067605115	75280.45239451427
-2612.3639295601147	3.7417265355726337	10.0	0.0	0.001	0.14146535359092052	75280.45239451427
-2612.3627157538695	3.74213281236491	10.0	0.0	0.001	0.14133482440081754	75280.45239451427
-2612.362534468795	3.7419047758867126	10.0	0.0	0.001	0.1413599794378876	75280.45239451427
-2612.362531751195	3.741038152861423	10.0	0.0	0.001	0.1413566087855207	75280.45239451427
-2612.3625549764965	3.7414392465770367	10.0	0.0	0.001	0.14135797501981107	75280.45239451427
-2612.3682494161994	3.741898224315165	10.0	0.0	0.001	0.14157523869998595	75280.45239451427
-2612.3623950123538	3.7414515308620873	10.0	0.0	0.001	0.14135630859395237	75280.45239451427
-2612.3624959361373	3.741443639404502	10.0	0.0	0.001	0.14136029119293828	75280.45239451427
-2612.3625001558994	3.7413735430063073	10.0	0.0	0.001	0.14134605127426414	75280.45239451427
-2612.362497421207	3.741373527978239	10.0	0.0	0.001	0.14132967682941094	75280.45239451427
-2612.362537821679	3.741660131644765	10.0	0.0	0.001	0.1413541970361613	75280.45239451427
-2612.362557195841	3.741665378262592	10.0	0.0	0.001	0.14133861300964035	75280.45239451427
-2612.362433901051	3.7415444656933525	10.0	0.0	0.001	0.14135592852921952	75280.45239451427
-2612.3625388912474	3.7412285039646846	10.0	0.0	0.001	0.14135369115822735	75280.45239451427
-2612.3626472286674	3.7416918553846563	10.0	0.0	0.001	0.14131543808180874	75280.45239451427
-2612.362541503648	3.7418367690817593	10.0	0.0	0.001	0.1413371691152687	75280.45239451427
-2612.362568298193	3.7418675453753445	10.0	0.0	0.001	0.14135143066153869	75280.45239451427
-2612.362542864308	3.7414780608171543	10.0	0.0	0.001	0.14132404154062808	75280.45239451427
-2612.3628192881415	3.741680724697841	10.0	0.0	0.001	0.14129892615433495	75280.45239451427
-2612.362676762873	3.7410685785410474	10.0	0.0	0.001	0.14137595762679891	75280.45239451427
-2612.3626085191027	3.741677805535776	10.0	0.0	0.001	0.1413826932509909	75280.45239451427
-2612.3626134272745	3.741619265641192	10.0	0.0	0.001	0.14138177844994246	75280.45239451427
-2612.3625013479827	3.7414842505943535	10.0	0.0	0.001	0.14135341598483894	75280.45239451427
-2612.3625435864014	3.7415187431740993	10.0	0.0	0.001	0.14132486101352335	75280.45239451427
-2612.362526650336	3.7415695206380346	10.0	0.0	0.001	0.14135673420092598	75280.45239451427
-2612.3625417659314	3.7415571792822053	10.0	0.0	0.001	0.14136646049397183	75280.45239451427
-2612.3625274423075	3.7415026409711043	10.0	0.0	0.001	0.14135379321320524	75280.45239451427
-2612.363032130552	3.7420612275964444	10.0	0.0	0.001	0.141318672707065	75280.45239451427
-2612.362682802128	3.741226448162764	10.0	0.0	0.001	0.1413170075468654	75280.45239451427
-2612.3625583218522	3.7411872470225958	10.0	0.0	0.001	0.14135746187954434	75280.45239451427
-2612.3624878694536	3.741293904592871	10.0	0.0	0.001	0.14134399234249992	75280.45239451427
-2612.3624719058007	3.7415092452676584	10.0	0.0	0.001	0.1413536695718676	75280.45239451427
-2612.3626170159414	3.741842031849446	10.0	0.0	0.001	0.14133607809435128	75280.45239451427
-2612.362474263914	3.741260213345906	10.0	0.0	0.001	0.14134157873017503	75280.45239451427
-2612.362764906929	3.7415731568828297	10.0	0.0	0.001	0.1413034777008155	75280.45239451427
-2612.362586836819	3.7418979927522553	10.0	0.0	0.001	0.14132201867977814	75280.45239451427
-2612.3626315797696	3.741336770434807	10.0	0.0	0.001	0.14138776340930373	75280.45239451427
-2612.362516766131	3.7415621332530558	10.0	0.0	0.001	0.1413639856381473	75280.45239451427
-2612.362489679994	3.741548983989947	9.999999999999998	0.0	0.001	0.14135444248670562	75280.45239451427
-2612.362858204993	3.7413911407832297	10.0	0.0	0.001	0.14129620771614992	75280.45239451427
-2612.3625276743187	3.741500701458364	9.999999999999998	0.0	0.001	0.1413383237288924	75280.45239451427
-2612.362670479922	3.7416945289819092	10.0	0.0	0.001	0.1413142627624594	75280.45239451427
-2612.362537760169	3.7413994073166807	10.0	0.0	0.001	0.1413636183694843	75280.45239451427
-2612.3625348530086	3.7417308104403646	10.0	0.0	0.001	0.14134649082711895	75280.45239451427
-2612.3625033777726	3.741387420173028	10.0	0.0	0.001	0.14137589260711939	75280.45239451427
-2612.3626646654875	3.741498159096599	10.0	0.0	0.001	0.14131410396033622	75280.45239451427
-2612.362635174785	3.7410227128654614	10.0	0.0	0.001	0.14132629099457522	75280.45239451427
-2612.362498437556	3.7416080115425046	10.0	0.0	0.001	0.14135469389589447	75280.45239451427
-2612.3625831285945	3.741160292206381	10.0	0.0	0.001	0.14136350653722596	75280.45239451427
-2612.3625202399094	3.7414819283951344	10.0	0.0	0.001	0.14134761963984338	75280.45239451427
-2612.3625598544895	3.7414479013941353	10.0	0.0	0.001	0.14132983041084216	75280.45239451427
-2612.3625084444657	3.7416255535106626	10.0	0.0	0.001	0.14135377745464608	75280.45239451427
-2612.3625227204857	3.7418199905732012	10.0	0.0	0.001	0.14134165258611214	75280.45239451427
-2612.3624467153827	3.7419205831531888	10.0	0.0	0.001	0.1413535945454359	75280.45239451427
-2612.362488933466	3.7414753341536513	10.0	0.0	0.001	0.14134795941585063	75280.45239451427
-2612.3626357138237	3.7415878256834323	10.0	0.0	0.001	0.14136833880408725	75280.45239451427
-2612.362595689782	3.741427617229545	10.0	0.0	0.001	0.14137241392225794	75280.45239451427
-2612.3625543816574	3.7415225961701797	10.0	0.0	0.001	0.14136883698258138	75280.45239451427
-2612.3637095786507	3.741509842723419	10.0	0.0	0.001	0.14145671647894334	75280.45239451427
-2612.362522458934	3.7415043677654602	10.0	0.0	0.001	0.14136895959320167	75280.45239451427
-2612.3625354197293	3.7415956641679964	10.0	0.0	0.001	0.14135128945518502	75280.45239451427
-2612.3624652976796	3.7414630329773524	10.0	0.0	0.001	0.1413528757042457	75280.45239451427
-2612.362495688625	3.7413839008850016	10.0	0.0	0.001	0.14134523514433095	75280.45239451427
-2612.3626773001442	3.7415052065144074	10.0	0.0	0.001	0.14131375240120117	75280.45239451427
-2612.3624537997493	3.741470289123001	10.0	0.0	0.001	0.14135000921474747	75280.45239451427
-2612.3625161704376	3.7415837413079918	10.0	0.0	0.001	0.14134454354609774	75280.45239451427
-2612.3625364011646	3.741293730835347	10.0	0.0	0.001	0.14134601236395547	75280.45239451427
-2612.362594397072	3.741431977103408	10.0	0.0	0.001	0.1413759951001789	75280.45239451427
-2612.3625148963442	3.7415390693947095	10.0	0.0	0.001	0.14134543305631989	75280.45239451427
-2612.3625281634613	3.74122979077936	10.0	0.0	0.001	0.14132927948968604	75280.45239451427
-2612.3632727247614	3.7412687856507696	10.0	0.0	0.001	0.1414356715582585	75280.45239451427
-2612.362530437844	3.7416972852896095	10.0	0.0	0.001	0.14135632725985037	75280.45239451427
-2612.362607124721	3.742007131417278	10.0	0.0	0.001	0.14135180449868354	75280.45239451427
-2612.362502990776	3.7415816398947936	10.0	0.0	0.001	0.14135840119115178	75280.45239451427
-2612.3625149135455	3.741542297206733	10.0	0.0	0.001	0.1413701252545587	75280.45239451427
-2612.3625440709816	3.7416391448166295	10.0	0.0	0.001	0.14136364388274253	75280.45239451427
-2612.362590477718	3.741632029001865	10.0	0.0	0.001	0.14132621692267278	75280.45239451427
-2612.3625582380955	3.741752633882323	10.0	0.0	0.001	0.14136307758716835	75280.45239451427
-2612.362527093185	3.7415707149295176	10.0	0.0	0.001	0.14135996167330142	75280.45239451427
-2612.362551079295	3.7412798583509246	10.0	0.0	0.001	0.14134475126825818	75280.45239451427
-2612.3624726775756	3.741562656559211	10.0	0.0	0.001	0.1413534499487836	75280.45239451427
-2612.3625928483507	3.741747441570403	10.0	0.0	0.001	0.14133961704623121	75280.45239451427
-2612.3625302863397	3.741405603824554	10.0	0.0	0.001	0.14137504126998787	75280.45239451427
-2612.362566466076	3.741322262825384	10.0	0.0	0.001	0.1413304066996775	75280.45239451427
-2612.362634614293	3.7415898884932135	10.0	0.0	0.001	0.1413205939525296	75280.45239451427
-2612.362501960384	3.741631393385363	10.0	0.0	0.001	0.14136670822086359	75280.45239451427
-2612.36254411784	3.741421514383057	10.0	0.0	0.001	0.14136458235562877	75280.45239451427
-2612.362457295805	3.7414830121091547	10.0	0.0	0.001	0.14134942002517642	75280.45239451427
-2612.3626409470417	3.7413392078479846	10.0	0.0	0.001	0.14138336900254533	75280.45239451427
-2612.3625999469227	3.7415958146909123	10.0	0.0	0.001	0.1413251248876636	75280.45239451427
-2612.362539357663	3.7415677383600205	10.0	0.0	0.001	0.14136757898354435	75280.45239451427
-2612.3624964361497	3.741533636648963	10.0	0.0	0.001	0.14135641398971996	75280.45239451427
-2612.3625147956645	3.7415240722311043	10.0	0.0	0.001	0.14136904264783254	75280.45239451427
-2612.3626732754665	3.7409361597701762	10.0	0.0	0.001	0.1413424947577162	75280.45239451427
-2612.3625363019187	3.7418097432156823	10.0	0.0	0.001	0.14133934463502584	75280.45239451427
-2612.3625728346415	3.7417039017506393	10.0	0.0	0.001	0.14136561383103166	75280.45239451427
-2612.3624552688248	3.741705590099477	10.0	0.0	0.001	0.14135113276280173	75280.45239451427
-2612.3625319212406	3.7414865033474176	10.0	0.0	0.001	0.14133825788058985	75280.45239451427
-2612.3625712035982	3.741572129528756	10.0	0.0	0.001	0.1413687608282613	75280.45239451427
-2612.3625476861707	3.741447618345796	10.0	0.0	0.001	0.141364578943206	75280.45239451427
-2612.3625369376205	3.7416335111755883	10.0	0.0	0.001	0.14133201210487328	75280.45239451427
-2612.3759154309787	3.740607371951316	10.0	0.0	0.001	0.14169815382150924	75280.45239451427
-2612.3625270553534	3.7416923807463784	10.0	0.0	0.001	0.14134424296470643	75280.45239451427
-2612.3624904188346	3.7414025311112926	10.0	0.0	0.001	0.141344317460638	75280.45239451427
-2612.3625040461466	3.7414262573944854	10.0	0.0	0.001	0.14135888360572318	75280.45239451427
-2612.3625928568554	3.741806870374592	10.0	0.0	0.001	0.14134871996464746	75280.45239451427
-2612.36270272716	3.741992555696287	10.0	0.0	0.001	0.1413768795665936	75280.45239451427
-2612.36253795922	3.74199203260142	9.999999999999998	0.0	0.001	0.14135108173198638	75280.45239451427
-2612.3625697033076	3.741482847871915	10.0	0.0	0.001	0.1413267737034116	75280.45239451427
-2612.362881051951	3.7411635100039313	10.0	0.0	0.001	0.1413013968698125	75280.45239451427
-2612.362519154828	3.7414600324379834	10.0	0.0	0.001	0.14134077052296867	75280.45239451427
-2612.3626827481903	3.7413799842806017	10.0	0.0	0.001	0.14131195199887098	75280.45239451427
-2612.3625924561784	3.7414224543962535	10.0	0.0	0.001	0.14132728422149107	75280.45239451427
-2612.3625284943478	3.7417379782300157	10.0	0.0	0.001	0.14134884532526934	75280.45239451427
-2612.3624872880646	3.7416136086028144	10.0	0.0	0.001	0.14135999798181567	75280.45239451427
-2612.3626832529017	3.741442905608697	10.0	0.0	0.001	0.14138725441248637	75280.45239451427
-2612.362475322622	3.741577409914535	10.0	0.0	0.001	0.14133935749420568	75280.45239451427
-2612.36256297519	3.741547287687275	10.0	0.0	0.001	0.14135289864583422	75280.45239451427
-2612.362540405928	3.7414049138426098	10.0	0.0	0.001	0.14135240747797917	75280.45239451427
-2612.362541116528	3.7414919592681297	10.0	0.0	0.001	0.14133148632418022	75280.45239451427
-2612.3625710896576	3.741618367597013	10.0	0.0	0.001	0.14137535343881763	75280.45239451427
-2612.3623961292224	3.741801249232655	10.0	0.0	0.001	0.14134365210733785	75280.45239451427
-2612.3624223937063	3.741578734531674	10.0	0.0	0.001	0.14133835495806743	75280.45239451427
-2612.363099789226	3.7414783933755293	10.0	0.0	0.001	0.14142623699832466	75280.45239451427
-2612.362483164296	3.7413777396016354	10.0	0.0	0.001	0.141369324063402	75280.45239451427
-2612.362611061183	3.742047728117664	10.0	0.0	0.001	0.14134263201472044	75280.45239451427
-2612.362526621858	3.741434620905127	10.0	0.0	0.001	0.1413545138953926	75280.45239451427
-2612.3625154590095	3.7415308586692952	10.0	0.0	0.001	0.14133325948012804	75280.45239451427
-2612.3626143574193	3.7415735319957184	10.0	0.0	0.001	0.14130914048721083	75280.45239451427
-2612.3626535159083	3.741344442085386	10.0	0.0	0.001	0.14132019634818627	75280.45239451427
-2612.362642440768	3.74146801938126	10.0	0.0	0.001	0.14138902474669304	75280.45239451427
-2612.362503861551	3.741386075951622	10.0	0.0	0.001	0.14134059288488152	75280.45239451427
-2612.3625612028186	3.741544011064117	10.0	0.0	0.001	0.14137193514271176	75280.45239451427
-2612.362705347484	3.7410768058303274	10.0	0.0	0.001	0.14138249640433964	75280.45239451427
-2612.3625225360215	3.7414080851647284	10.0	0.0	0.001	0.14135938891115316	75280.45239451427
-2612.362639717795	3.7411447368178936	10.0	0.0	0.001	0.14132676392020535	75280.45239451427
-2612.364052363393	3.7419317152714338	10.0	0.0	0.001	0.14146873293192813	75280.45239451427
-2612.36253845188	3.7412764105621057	10.0	0.0	0.001	0.1413550528040852	75280.45239451427
-2612.3624857823743	3.7415248314783396	10.0	0.0	0.001	0.14135547625218828	75280.45239451427
-2612.362526019926	3.741600715698036	10.0	0.0	0.001	0.14133126142289976	75280.45239451427
-2612.3628385761017	3.74154913789688	10.0	0.0	0.001	0.14140941065491502	75280.45239451427
-2612.36259891378	3.7411165831645117	10.0	0.0	0.001	0.14133653198041787	75280.45239451427
-2612.3626443342137	3.7418213287936504	10.0	0.0	0.001	0.1413221406581835	75280.45239451427
-2612.362500302973	3.7418205034086176	10.0	0.0	0.001	0.14135767460123017	75280.45239451427
-2612.362555147416	3.741472981711296	10.0	0.0	0.001	0.14137308192357104	75280.45239451427
-2612.362557634623	3.7417029365879104	10.0	0.0	0.001	0.1413513170293939	75280.45239451427
-2612.3625491210705	3.7413785957433805	10.0	0.0	0.001	0.14136609450716747	75280.45239451427
-2612.3625192829877	3.7415383783457674	10.0	0.0	0.001	0.14134794044484036	75280.45239451427
-2612.3624263440515	3.741923128514754	10.0	0.0	0.001	0.1413445237924493	75280.45239451427
-2612.3625622496666	3.7415314513485884	10.0	0.0	0.001	0.1413461231752138	75280.45239451427
-2612.362496462275	3.741487281008386	10.0	0.0	0.001	0.14135730405188707	75280.45239451427
-2612.3624905865836	3.7417723556484903	10.0	0.0	0.001	0.1413603308507298	75280.45239451427
-2612.362491469878	3.7418015311289192	10.0	0.0	0.001	0.14134682121977044	75280.45239451427
-2612.392253825668	3.743361040525423	10.0	0.0	0.001	0.1408389652680859	75280.45239451427
-2612.362456144857	3.7415133647299017	10.0	0.0	0.001	0.14134458756853138	75280.45239451427
-2612.3625309494446	3.7413128336419463	10.0	0.0	0.001	0.14134049360910883	75280.45239451427
-2612.362607253498	3.741025313941207	10.0	0.0	0.001	0.14134185364364846	75280.45239451427
-2612.362510972093	3.7415485722536355	10.0	0.0	0.001	0.14133013247318385	75280.45239451427
-2612.3625498150727	3.74130343512371	10.0	0.0	0.001	0.1413647765593741	75280.45239451427
-2612.362529159142	3.741574654094086	10.0	0.0	0.001	0.14135502024005542	75280.45239451427
-2612.36256939594	3.7414345256816857	10.0	0.0	0.001	0.1413257231382483	75280.45239451427
-2612.362618651924	3.7414786202816113	10.0	0.0	0.001	0.14132033565272778	75280.45239451427
-2612.3626782021975	3.7416144040228843	10.0	0.0	0.001	0.14131413243574256	75280.45239451427
-2612.362543114977	3.741917058768222	10.0	0.0	0.001	0.14134415196115604	75280.45239451427
-2612.3636251980943	3.74157522340379	10.0	0.0	0.001	0.1412492602344467	75280.45239451427
-2612.3626492435587	3.7415581676044236	10.0	0.0	0.001	0.1413113112802016	75280.45239451427
-2612.362462565714	3.7415623401583464	10.0	0.0	0.001	0.14135026264746464	75280.45239451427
-2612.362582878299	3.741446326508213	10.0	0.0	0.001	0.14133036897170892	75280.45239451427
-2612.362945784832	3.7417004898396904	10.0	0.0	0.001	0.14128245244813842	75280.45239451427
-2612.3625471330233	3.741760898089324	10.0	0.0	0.001	0.14135884139827798	75280.45239451427
-2612.3625818233527	3.741599622751837	10.0	0.0	0.001	0.1413223435565479	75280.45239451427
-2612.3625426252693	3.7416237607763168	10.0	0.0	0.001	0.14132481928314397	75280.45239451427
-2612.3626443782023	3.741082560265958	10.0	0.0	0.001	0.14137457175683765	75280.45239451427
-2612.3629051010457	3.7419982945955343	10.0	0.0	0.001	0.14135675233218412	75280.45239451427
-2612.3626116870755	3.7410272607705553	9.999999949849784	0.0	0.001	0.1413422460383264	75280.45239451427
-2612.362487746139	3.7415617219407125	10.0	0.0	0.001	0.14134605994870222	75280.45239451427
-2612.3625019974206	3.7413135855960933	10.0	0.0	0.001	0.14136671760267003	75280.45239451427
-2612.3624496695093	3.7418397116052735	10.0	0.0	0.001	0.1413427391242464	75280.45239451427
-2612.3627387478464	3.7417873174522818	10.0	0.0	0.001	0.14139998086516864	75280.45239451427
-2612.3625174167364	3.7417048263050203	10.0	0.0	0.001	0.14136845046814356	75280.45239451427
-2612.362469789544	3.7417623584167954	10.0	0.0	0.001	0.14134632034590824	75280.45239451427
-2612.3625396937755	3.7412852777603667	10.0	0.0	0.001	0.14133322854821012	75280.45239451427
-2612.3629938886575	3.7409289626658624	10.0	0.0	0.001	0.1412940459616038	75280.45239451427
-2612.3625044350915	3.7415553510025132	10.0	0.0	0.001	0.14137246548350274	75280.45239451427
-2612.362697549421	3.7417113871563683	10.0	0.0	0.001	0.14138704794235327	75280.45239451427
-2612.3625078841224	3.7414043056553576	10.0	0.0	0.001	0.1413662862976964	75280.45239451427
-2612.36249479364	3.741518195232098	10.0	0.0	0.001	0.1413435162010327	75280.45239451427
-2612.362513935602	3.7415236642004	10.0	0.0	0.001	0.14133870733227236	75280.45239451427
-2612.36293522173	3.7418470516809266	10.0	0.0	0.001	0.1414164033192414	75280.45239451427
-2612.3625154664196	3.74155154545064	10.0	0.0	0.001	0.14136109261786559	75280.45239451427
-2612.3627857334873	3.7412925161725785	10.0	0.0	0.001	0.14135384379214364	75280.45239451427
-2612.362878050201	3.741235075485626	10.0	0.0	0.001	0.1412940294799907	75280.45239451427
-2612.362547524735	3.7418720530341063	10.0	0.0	0.001	0.14133441757657003	75280.45239451427
-2612.362502061952	3.7417704537811693	10.0	0.0	0.001	0.14135657586172598	75280.45239451427
-2612.3625104973644	3.741327445267261	10.0	0.0	0.001	0.14133960857455813	75280.45239451427
-2612.3626149037364	3.7415216125890347	10.0	0.0	0.001	0.1413538583627233	75280.45239451427
-2612.3625742806853	3.741506072914596	10.0	0.0	0.001	0.14132640894736703	75280.45239451427
-2612.3624679351688	3.7413661479703593	10.000000000000002	0.0	0.001	0.14134615893607094	75280.45239451427
-2612.363546748075	3.7420944015050424	10.0	0.0	0.001	0.14125375639298116	75280.45239451427
-2612.362505237961	3.7416175673376593	10.0	0.0	0.001	0.1413639715955415	75280.45239451427
-2612.3627099884225	3.7415123385486106	10.0	0.0	0.001	0.14131126059376495	75280.45239451427
-2612.3626243838835	3.741628943843161	10.0	0.0	0.001	0.1413174535972464	75280.45239451427
-2612.362629216599	3.741396707657433	10.0	0.0	0.001	0.14138192350470724	75280.45239451427
-2612.3637842363423	3.7428516491201163	10.0	0.0	0.001	0.1412920018491679	75280.45239451427
-2612.3625759767465	3.74126726714874	10.0	0.0	0.001	0.1413486887577945	75280.45239451427
-2612.3630214573463	3.7416407106540475	10.0	0.0	0.001	0.14128188358543675	75280.45239451427
-2612.3624821894427	3.741444808368	10.0	0.0	0.001	0.1413401696776277	75280.45239451427
-2612.3668064566755	3.741504861819545	10.0	0.0	0.001	0.1411511088784774	75280.45239451427
-2612.362500127504	3.7416470043748635	10.0	0.0	0.001	0.1413630215243539	75280.45239451427
-2612.362488552105	3.741250853478917	10.0	0.0	0.001	0.14136685465717708	75280.45239451427
-2612.362786163759	3.741523195613054	10.0	0.0	0.001	0.14133934056149952	75280.45239451427
-2612.3625261919437	3.741613059368047	10.0	0.0	0.001	0.14133818775789336	75280.45239451427
-2612.3624252233585	3.741823439551393	10.0	0.0	0.001	0.14135439533466404	75280.45239451427
-2612.362734969474	3.7414729860593687	10.0	0.0	0.001	0.1413096872515687	75280.45239451427
-2612.362580708964	3.7410468723414194	9.999999999999972	0.0	0.001	0.14134721661014005	75280.45239451427
-2612.362527345113	3.741486590713235	10.0	0.0	0.001	0.14134000557445883	75280.45239451427
-2612.3625180084964	3.7415280237667186	10.0	0.0	0.001	0.14135044764907548	75280.45239451427
-2612.362566324371	3.7415777401407273	10.0	0.0	0.001	0.14137729027222473	75280.45239451427
-2612.363974680182	3.7419471206984967	10.0	0.0	0.001	0.14123728871901933	75280.45239451427
-2612.3624705685215	3.7415669991033824	10.0	0.0	0.001	0.14134552525000224	75280.45239451427
-2612.3624777511145	3.7417404234511142	10.0	0.0	0.001	0.14135495951194108	75280.45239451427
-2612.3625158648993	3.741633570073963	10.0	0.0	0.001	0.14135256831887288	75280.45239451427
-2612.362521594795	3.741621413190216	10.0	0.0	0.001	0.14134765432983015	75280.45239451427
-2612.3625655825776	3.7413000397695844	10.0	0.0	0.001	0.14134235873950945	75280.45239451427
-2612.3625748582617	3.741495434374707	10.000000000000002	0.0	0.001	0.14133381687114768	75280.45239451427
-2612.3625241915825	3.7415411558516545	10.0	0.0	0.001	0.14134256124206315	75280.45239451427
-2612.36252550666	3.7413459003654133	10.0	0.0	0.001	0.14133319691773344	75280.45239451427
-2612.3625157937345	3.7415287411943767	10.0	0.0	0.001	0.1413461433673651	75280.45239451427
-2612.362552993002	3.74163937127289	10.0	0.0	0.001	0.14134062610800707	75280.45239451427
-2612.362811904709	3.7420360408903544	10.0	0.0	0.001	0.1413939470509482	75280.45239451427
-2612.362590372787	3.7412284801177247	10.0	0.0	0.001	0.1413422562784398	75280.45239451427
-2612.36506049719	3.7414613984654936	10.0	0.0	0.001	0.1411966608919208	75280.45239451427
-2612.3626370247657	3.7415164183612295	10.0	0.0	0.001	0.14132013026078685	75280.45239451427
-2612.3624554364196	3.7414529844525384	10.0	0.0	0.001	0.14134514818158486	75280.45239451427
-2612.362476370535	3.741654075464223	10.0	0.0	0.001	0.14135923060972275	75280.45239451427
-2612.362578437808	3.74170283194094	10.0	0.0	0.001	0.1413816366266736	75280.45239451427
-2612.5598891986047	3.742282313614975	10.0	0.0	0.001	0.14270692437538784	75280.45239451427
-2612.3752513061236	3.741540064396647	10.0	0.0	0.001	0.1416950190933571	75280.45239451427
-2612.3625263387685	3.7415037577243235	10.0	0.0	0.001	0.14134707805995952	75280.45239451427
-2612.3625323112424	3.741189470400811	10.0	0.0	0.001	0.14134811992864374	75280.45239451427
-2612.362614123833	3.7416587800618477	10.0	0.0	0.001	0.14132320791375333	75280.45239451427
-2612.3624866913206	3.7413797604942265	10.0	0.0	0.001	0.14136163136424662	75280.45239451427
-2612.3625091377553	3.7414161917755826	10.0	0.0	0.001	0.14135784333246598	75280.45239451427
-2612.3625028623956	3.7416044722292927	10.0	0.0	0.001	0.14134613861523354	75280.45239451427
-2612.3629926774247	3.7415900352570453	10.0	0.0	0.001	0.14141735818160128	75280.45239451427
-2612.3625004378237	3.741470758956019	10.0	0.0	0.001	0.14135125516686645	75280.45239451427
-2612.362496511437	3.7415207754460096	10.0	0.0	0.001	0.14135643180579083	75280.45239451427
-2612.3626651762816	3.7415290508269967	10.0	0.0	0.001	0.1413249269606018	75280.45239451427
-2612.362595856003	3.7415890502533085	10.0	0.0	0.001	0.14133321774271346	75280.45239451427
-2612.3625053402698	3.741464622212603	10.0	0.0	0.001	0.14132291529571547	75280.45239451427
-2612.3626471801645	3.741246259549507	10.0	0.0	0.001	0.14134207860668796	75280.45239451427
-2612.36260593702	3.741507794700945	10.0	0.0	0.001	0.14133414259346583	75280.45239451427
-2612.3625626636517	3.7416163522220436	10.0	0.0	0.001	0.14135190698108727	75280.45239451427
-2612.3624997772304	3.7416930495191	10.0	0.0	0.001	0.14135335284264844	75280.45239451427
-2612.362505887427	3.741396313725019	10.0	0.0	0.001	0.14137151667626802	75280.45239451427
-2612.3625144082343	3.7415658387069124	10.0	0.0	0.001	0.14134547318895746	75280.45239451427
-2612.362696333609	3.7417290599961337	10.0	0.0	0.001	0.14131748353091755	75280.45239451427
-2612.3627156975763	3.7422110830047752	10.0	0.0	0.001	0.14133831184816276	75280.45239451427
-2612.362501687977	3.7414564947216644	10.0	0.0	0.001	0.14136334432131517	75280.45239451427
-2612.36251995032	3.741346579367864	10.0	0.0	0.001	0.1413498378164709	75280.45239451427
-2612.362491042237	3.74165990824549	10.0	0.0	0.001	0.14135759254307578	75280.45239451427
-2612.3624668677635	3.7416617411102404	10.0	0.0	0.001	0.14137199598174896	75280.45239451427
-2612.362700502588	3.7414146411085243	10.0	0.0	0.001	0.14138809995486473	75280.45239451427
-2612.362534241261	3.741533348105771	10.0	0.0	0.001	0.1413530074512832	75280.45239451427
-2612.3630957303285	3.7414755164063744	9.999999999999998	0.0	0.001	0.14127899425919554	75280.45239451427
-2612.362469997197	3.7416697921498163	10.0	0.0	0.001	0.14134776590858075	75280.45239451427
-2612.362510197047	3.7415319684893644	10.0	0.0	0.001	0.1413462111224205	75280.45239451427
-2612.362647275253	3.741543450887569	10.0	0.0	0.001	0.14138436851557654	75280.45239451427
-2612.3637895094066	3.7413497640418334	10.0	0.0	0.001	0.14124203219824594	75280.45239451427
-2612.362647972218	3.7414992429633074	10.0	0.0	0.001	0.14133856974631595	75280.45239451427
-2612.362559572378	3.7415152472465754	10.0	0.0	0.001	0.141373851052927	75280.45239451427
-2612.362554653876	3.7413326851905424	10.0	0.0	0.001	0.1413376715494521	75280.45239451427
-2612.362667591948	3.7420398101540435	10.0	0.0	0.001	0.14132827975271353	75280.45239451427
-2612.3625265618184	3.741501563315226	10.0	0.0	0.001	0.14134912167357924	75280.45239451427
-2612.36252918274	3.741514257654505	10.0	0.0	0.001	0.14134577127759246	75280.45239451427
-2612.3625582198256	3.741645984328288	10.0	0.0	0.001	0.14136383892054064	75280.45239451427
-2612.36361832321	3.741438477374011	10.0	0.0	0.001	0.14125042326403733	75280.45239451427
-2612.3625900364264	3.741747739122129	10.0	0.0	0.001	0.14138656149335088	75280.45239451427
-2612.3625207375553	3.741592074735041	10.0	0.0	0.001	0.14136649622951544	75280.45239451427
-2612.362631005376	3.7421807744732587	10.0	0.0	0.001	0.1413513910859286	75280.45239451427
-2612.362505281351	3.7414587752023727	10.000000000000002	0.0	0.001	0.14135237159873112	75280.45239451427
-2612.362577203945	3.7417350474392443	10.0	0.0	0.001	0.14136976213707256	75280.45239451427
-2612.362517722211	3.7415176662217977	10.0	0.0	0.001	0.14135202731350519	75280.45239451427
-2612.3626690480387	3.7421525406157876	10.0	0.0	0.001	0.14135343434255473	75280.45239451427
-2612.3626636601352	3.7416924075549804	10.0	0.0	0.001	0.14131527837971833	75280.45239451427
-2612.362978904833	3.7416168442281728	10.0	0.0	0.001	0.1414148087756598	75280.45239451427
-2612.362746484504	3.7416698422329726	10.0	0.0	0.001	0.14130615903783192	75280.45239451427
-2612.362531418693	3.7415094322625073	10.0	0.0	0.001	0.14135286617768697	75280.45239451427
-2612.362474202468	3.7415541139792396	10.0	0.0	0.001	0.1413461010965543	75280.45239451427
-2612.363484703874	3.7421516183638737	10.0	0.0	0.001	0.14144296466151615	75280.45239451427
-2612.3626398387187	3.741635918027986	10.0	0.0	0.001	0.14138555426274926	75280.45239451427
-2612.362673695134	3.741604498878298	10.0	0.0	0.001	0.1413044008741673	75280.45239451427
-2612.362524545516	3.7415885212670204	10.0	0.0	0.001	0.14134270294382542	75280.45239451427
-2612.362503673851	3.7416316307152906	10.0	0.0	0.001	0.14132952153931722	75280.45239451427
-2612.3654383423345	3.7414356263902064	10.0	0.0	0.001	0.14118208089218662	75280.45239451427
-2612.362878323969	3.741534027620062	10.0	0.0	0.001	0.14140609783801672	75280.45239451427
-2612.3629603594372	3.7416887825477523	10.0	0.0	0.001	0.14128916810881179	75280.45239451427
-2612.3625177656336	3.74164877069851	10.0	0.0	0.001	0.14135369381651597	75280.45239451427
-2612.362520244097	3.7418484999731665	10.0	0.0	0.001	0.14134606239567704	75280.45239451427
-2612.3627999832624	3.742352465566181	10.0	0.0	0.001	0.14137221382681842	75280.45239451427
-2612.3641774204657	3.7417352485710804	10.0	0.0	0.001	0.1412277704957282	75280.45239451427
-2612.3625655800206	3.7414827355595106	10.0	0.0	0.001	0.14137478010770496	75280.45239451427
-2612.3625625035093	3.7415117330247747	10.0	0.0	0.001	0.1413698333249823	75280.45239451427
-2612.362669839609	3.742040313060139	10.0	0.0	0.001	0.14132119545734523	75280.45239451427
-2612.362753591966	3.7409605547653806	10.0	0.0	0.001	0.14131741153500366	75280.45239451427
-2612.3625358456	3.741768325356802	10.0	0.0	0.001	0.14134983697631834	75280.45239451427
-2612.362551094259	3.7410427913072883	10.0	0.0	0.001	0.1413345009126241	75280.45239451427
-2612.362397887145	3.741546314340001	10.0	0.0	0.001	0.14135173387518948	75280.45239451427
-2612.3624918599053	3.741495016649956	10.0	0.0	0.001	0.14135566015113235	75280.45239451427
-2612.3629141958645	3.741123004290295	10.0	0.0	0.001	0.1414037099535057	75280.45239451427
-2612.362727077899	3.7420316011255994	10.0	0.0	0.001	0.14131226550862597	75280.45239451427
-2612.3625449718957	3.7415952257605936	10.0	0.0	0.001	0.1413694876981713	75280.45239451427
-2612.36337512047	3.741409975149861	10.0	0.0	0.001	0.14143903945081135	75280.45239451427
-2612.362494299898	3.741523439932606	10.0	0.0	0.001	0.14134497635107868	75280.45239451427
-2612.3625481915797	3.741597176139536	10.0	0.0	0.001	0.14135725418992595	75280.45239451427
-2612.3625196381713	3.741501623739575	10.0	0.0	0.001	0.141343343432655	75280.45239451427
-2612.362557655404	3.741312442245288	10.0	0.0	0.001	0.14136786874268095	75280.45239451427
-2612.3626954532315	3.741487460882456	10.0	0.0	0.001	0.14130853222255857	75280.45239451427
-2612.3625806557466	3.741258305755109	10.0	0.0	0.001	0.14134172296407815	75280.45239451427
-2612.3625337176327	3.741702696645686	10.000000000000002	0.0	0.001	0.1413618322096358	75280.45239451427
-2612.362530781991	3.741528930092949	10.0	0.0	0.001	0.14133233401901288	75280.45239451427
-2612.3626824784533	3.74169755152163	10.0	0.0	0.001	0.1413089126558773	75280.45239451427
-2612.362565929046	3.7413643158567673	10.0	0.0	0.001	0.14136214774936168	75280.45239451427
-2612.3624941740823	3.741288600901003	10.0	0.0	0.001	0.1413314766246295	75280.45239451427
-2612.3625056475257	3.7416920910020357	10.0	0.0	0.001	0.1413398670094386	75280.45239451427
-2612.36255648137	3.7414958416578075	10.0	0.0	0.001	0.14133701366347637	75280.45239451427
-2612.3625074867377	3.74155605158525	10.0	0.0	0.001	0.14134726003229656	75280.45239451427
-2612.3631783429673	3.7421512894514284	10.0	0.0	0.001	0.14128124752433988	75280.45239451427
-2612.3624697827718	3.741261814639136	10.0	0.0	0.001	0.14134634743597616	75280.45239451427
-2612.3625680332866	3.7418189699524764	10.0	0.0	0.001	0.141357391632838	75280.45239451427
-2612.362537258886	3.741238624466392	10.0	0.0	0.001	0.14135096020245358	75280.45239451427
-2612.362468129175	3.7417097381351123	10.0	0.0	0.001	0.14136623985403377	75280.45239451427
-2612.3625436234947	3.7415243652519523	10.0	0.0	0.001	0.14133573949797543	75280.45239451427
-2612.362657651852	3.7409886304818687	10.0	0.0	0.001	0.14133821232370825	75280.45239451427
-2612.362559213069	3.741457070336207	10.0	0.0	0.001	0.14132586765998278	75280.45239451427
-2612.362555113945	3.7415321337178082	10.0	0.0	0.001	0.14132410586957783	75280.45239451427
-2612.362544434748	3.7411634528445394	10.0	0.0	0.001	0.14135911048624034	75280.45239451427
-2612.362654721748	3.7414549931229986	10.0	0.0	0.001	0.1413871018377054	75280.45239451427
-2612.3624699140964	3.741447221434493	10.0	0.0	0.001	0.1413477757103149	75280.45239451427
-2612.362686751705	3.7413291842254406	10.0	0.0	0.001	0.1413873901554949	75280.45239451427
-2612.362612851772	3.7418254813399527	10.0	0.0	0.001	0.14132624256620557	75280.45239451427
-2612.362572532108	3.7415821069998643	10.0	0.0	0.001	0.1413711519458198	75280.45239451427
-2612.3626771998547	3.7413628206987095	10.0	0.0	0.001	0.14138389953575287	75280.45239451427
-2612.362568881339	3.741542863497371	10.0	0.0	0.001	0.14136046881036007	75280.45239451427
-2612.3625493183854	3.7416162752204984	9.999999999999998	0.0	0.001	0.1413690063174948	75280.45239451427
-2612.362469397556	3.741465072229947	10.0	0.0	0.001	0.14135625687530368	75280.45239451427
-2612.460220600309	3.740965032580798	10.0	0.0	0.001	0.14039864121806767	75280.45239451427
-2612.362528094219	3.7418185596254143	10.0	0.0	0.001	0.1413464130165942	75280.45239451427
-2612.3626739798697	3.7409080232633687	10.0	0.0	0.001	0.14135901394145728	75280.45239451427
-2612.362505840404	3.7416983684376204	10.0	0.0	0.001	0.1413535392905093	75280.45239451427
-2612.362568392331	3.7415507085234445	10.0	0.0	0.001	0.1413617506104475	75280.45239451427
-2612.362595148583	3.7420039050709324	10.0	0.0	0.001	0.141365923848117	75280.45239451427
-2612.3625213222526	3.741495953603314	10.0	0.0	0.001	0.14136476483801036	75280.45239451427
-2612.362498684768	3.741743154843055	10.0	0.0	0.001	0.14134598362847103	75280.45239451427
-2612.3624909640957	3.741280638574812	10.0	0.0	0.001	0.14132463538595524	75280.45239451427
-2612.3626403700728	3.7414101802578066	10.0	0.0	0.001	0.14131961706696533	75280.45239451427
-2612.362559330106	3.7417640258192253	10.0	0.0	0.001	0.1413661204249726	75280.45239451427
-2612.362575041191	3.74214474192084	10.0	0.0	0.001	0.14136400603008406	75280.45239451427
-2612.3625798051535	3.741373771592246	10.0	0.0	0.001	0.1413296249192706	75280.45239451427
-2612.362558257796	3.7417071612261945	10.0	0.0	0.001	0.14137622671674072	75280.45239451427
-2612.3624941773437	3.741536858661409	10.0	0.0	0.001	0.1413495682488949	75280.45239451427
-2612.3624889984862	3.7416350775167753	10.0	0.0	0.001	0.1413407822473165	75280.45239451427
-2612.3625225385063	3.7412173472227717	10.0	0.0	0.001	0.14134560387146047	75280.45239451427
-2612.362738673738	3.7411768977114512	10.0	0.0	0.001	0.14130724126636698	75280.45239451427
-2612.3627371074504	3.7415924416090056	10.0	0.0	0.001	0.14130266681560058	75280.45239451427
-2612.3626181018126	3.7415446278059648	10.0	0.0	0.001	0.14132097232576377	75280.45239451427
-2612.3624933294714	3.7414726948926025	10.0	0.0	0.001	0.14134231414211834	75280.45239451427
-2612.362700009093	3.742253247162549	10.0	0.0	0.001	0.141376940623153	75280.45239451427
-2612.362565260534	3.7411014938995804	10.0	0.0	0.001	0.1413449725324149	75280.45239451427
-2612.3625232171307	3.7411563757917348	10.0	0.0	0.001	0.1413531869694697	75280.45239451427
-2612.363307278113	3.741355922171937	10.0	0.0	0.001	0.14126326446330453	75280.45239451427
-2612.3625329313018	3.7412091806724543	10.0	0.0	0.001	0.14134505552328427	75280.45239451427
-2612.3625316004686	3.741556684020049	10.0	0.0	0.001	0.141346431802482	75280.45239451427
-2612.362653345579	3.740800974061327	10.0	0.0	0.001	0.1413613317283789	75280.45239451427
-2612.362547785753	3.741484635326349	10.0	0.0	0.001	0.14135268540480994	75280.45239451427
-2612.3624842522095	3.741588192239587	10.0	0.0	0.001	0.14135553006007606	75280.45239451427
-2612.3628277872485	3.7413226608522616	10.0	0.0	0.001	0.14129506469060465	75280.45239451427
-2612.3625506690514	3.7415341153049484	10.0	0.0	0.001	0.14134307638028878	75280.45239451427
-2612.362535688193	3.741583603719091	10.0	0.0	0.001	0.14133743444463054	75280.45239451427
-2612.3625348811365	3.741779471202249	10.0	0.0	0.001	0.14133801695800824	75280.45239451427
-2612.362637962726	3.7410947864432447	10.0	0.0	0.001	0.14137911270658673	75280.45239451427
-2612.3625179227283	3.7415035381808948	10.0	0.0	0.001	0.14134736387227437	75280.45239451427
-2612.362896713661	3.7414585391443143	10.0	0.0	0.001	0.1414117102542938	75280.45239451427
-2612.3625301266575	3.741615833607517	10.0	0.0	0.001	0.14137760680796932	75280.45239451427
-2612.362534782139	3.741612215100548	10.0	0.0	0.001	0.14132699460777165	75280.45239451427
-2612.3625658277397	3.741565493188643	10.0	0.0	0.001	0.14132691997743468	75280.45239451427
-2612.3625746520092	3.7413931794775275	10.0	0.0	0.001	0.14132584775491205	75280.45239451427
-2612.3625581519527	3.7414789160797315	10.0	0.0	0.001	0.14137279796983782	75280.45239451427
-2612.362573239345	3.7414383845599715	10.0	0.0	0.001	0.14136853195863874	75280.45239451427
-2612.362518433981	3.7413564812225752	10.0	0.0	0.001	0.14133036613216116	75280.45239451427
-2612.362576477125	3.7414718491711634	10.0	0.0	0.001	0.14132158140409146	75280.45239451427
-2612.3625886849177	3.7412573642157763	10.0	0.0	0.001	0.14135203088436063	75280.45239451427
-2612.3624705516786	3.741605069549294	10.0	0.0	0.001	0.14134866682587582	75280.45239451427
-2612.362549618569	3.7415982095314733	10.0	0.0	0.001	0.14133970149581587	75280.45239451427
-2612.362552246016	3.741810661403595	10.0	0.0	0.001	0.14133994030280925	75280.45239451427
-2612.3625706374823	3.741569366592952	10.0	0.0	0.001	0.14132923438687278	75280.45239451427
-2612.362530565688	3.741440779782033	10.0	0.0	0.001	0.14133374154772196	75280.45239451427
-2612.362546259779	3.7414045104407476	10.0	0.0	0.001	0.14135268275524607	75280.45239451427
-2612.3624685833865	3.7413894432648145	10.0	0.0	0.001	0.1413584260777362	75280.45239451427
-2612.3671267194895	3.741813578998711	10.0	0.0	0.001	0.14155040059697419	75280.45239451427
-2612.3626200145663	3.7414741368871804	10.0	0.0	0.001	0.14131719930991543	75280.45239451427
-2612.362594985024	3.7412932693479486	10.0	0.0	0.001	0.1413774167174992	75280.45239451427
-2612.36305683797	3.741674354738259	10.0	0.0	0.001	0.141278907606404	75280.45239451427
-2612.362430365432	3.741412248033954	10.0	0.0	0.001	0.14137242735930466	75280.45239451427
-2612.3624989541495	3.741444805536468	10.0	0.0	0.001	0.14135025667854836	75280.45239451427
-2612.379969075264	3.7420089939902854	10.0	0.0	0.001	0.1409497664035794	75280.45239451427
-2612.3624811529726	3.7413706944917475	10.0	0.0	0.001	0.1413439172177752	75280.45239451427
-2612.362536347331	3.7415385068354703	10.0	0.0	0.001	0.14133516183539122	75280.45239451427
-2612.362525537319	3.74130615388888	10.0	0.0	0.001	0.1413519908424537	75280.45239451427
-2612.362536912283	3.7416035616308667	10.0	0.0	0.001	0.14136384860380594	75280.45239451427
-2612.362633503108	3.7419903890593713	10.0	0.0	0.001	0.1413728711549966	75280.45239451427
-2612.362836868412	3.7413891186485952	10.0	0.0	0.001	0.14140636545381202	75280.45239451427
-2612.3624766053963	3.7413924810542896	10.0	0.0	0.001	0.14136552393826682	75280.45239451427
-2612.3625310821863	3.741478382291821	10.0	0.0	0.001	0.14135943773912418	75280.45239451427
-2612.3625166069014	3.741740127198578	10.0	0.0	0.001	0.14134122688598838	75280.45239451427
-2612.362613541742	3.7416139279882605	10.0	0.0	0.001	0.14132499290604164	75280.45239451427
-2612.365668709791	3.7424297992719526	10.0	0.0	0.001	0.1415149725942007	75280.45239451427
-2612.3626198807287	3.7420167659780583	10.0	0.0	0.001	0.14133341244475822	75280.45239451427
-2612.3625931113957	3.741968724311684	10.0	0.0	0.001	0.14135293496896661	75280.45239451427
-2612.3624893931624	3.7414677971187755	10.0	0.0	0.001	0.14134938766494204	75280.45239451427
-2612.362562594468	3.741620489255466	10.0	0.0	0.001	0.1413561027102446	75280.45239451427
-2612.3625939380454	3.7415835575292262	10.0	0.0	0.001	0.14132923575690276	75280.45239451427
-2612.3625633965794	3.7411884140512033	10.0	0.0	0.001	0.14135198088183512	75280.45239451427
-2612.3625758773924	3.7414578058372485	10.0	0.0	0.001	0.14132599245196958	75280.45239451427
-2612.3627166456595	3.741783295797883	10.0	0.0	0.001	0.14139255658215383	75280.45239451427
-2612.3625307630628	3.741395561031852	9.999999778687082	0.0	0.001	0.14134982223760836	75280.45239451427
-2612.3625896697395	3.741613123797307	10.0	0.0	0.001	0.14138097089258592	75280.45239451427
-2612.3625327181844	3.7415310049175456	10.0	0.0	0.001	0.141350042603899	75280.45239451427
-2612.362447729324	3.741276303637048	10.0	0.0	0.001	0.14136715693321786	75280.45239451427
-2612.362486339758	3.7415439016589778	10.0	0.0	0.001	0.14135121452812288	75280.45239451427
-2612.3625647868953	3.74141226551862	10.0	0.0	0.001	0.14134796133070932	75280.45239451427
-2612.3625866379334	3.7413294369314714	10.0	0.0	0.001	0.14132295877483694	75280.45239451427
-2612.3626715661853	3.7417515840915314	10.0	0.0	0.001	0.1413859374079826	75280.45239451427
-2612.362672433789	3.7415368199199515	10.0	0.0	0.001	0.14130856880187212	75280.45239451427
-2612.3625346664658	3.741284836246472	10.0	0.0	0.001	0.1413476615073333	75280.45239451427
-2612.362598877405	3.7419123204760965	10.0	0.0	0.001	0.14136624906400574	75280.45239451427
-2612.3624058783366	3.741412232815097	10.0	0.0	0.001	0.14133882450094487	75280.45239451427
-2612.3630382751985	3.7411742264108994	10.0	0.0	0.001	0.1414133854124815	75280.45239451427
-2612.3627665912513	3.7417149290726788	10.0	0.0	0.001	0.1413018691821187	75280.45239451427
-2612.3625574226317	3.74139751742268	10.0	0.0	0.001	0.1413363331817766	75280.45239451427
-2612.3624764320325	3.7414777317966137	10.0	0.0	0.001	0.14134758560080898	75280.45239451427
-2612.362577138232	3.7419703001312334	10.0	0.0	0.001	0.14135502857017396	75280.45239451427
-2612.362634793464	3.741998737813331	10.0	0.0	0.001	0.14137482008156735	75280.45239451427
-2612.3625383007848	3.7412633647546145	10.0	0.0	0.001	0.14135519853767697	75280.45239451427
-2612.3625205009084	3.7415798742830995	10.0	0.0	0.001	0.14137435445212532	75280.45239451427
-2612.362552235618	3.7416401031396895	10.0	0.0	0.001	0.14136703823001173	75280.45239451427
-2612.3626749855853	3.7417272659008134	10.0	0.0	0.001	0.14131223077629126	75280.45239451427
-2612.3625494445464	3.7414779830699803	10.0	0.0	0.001	0.141321336905545	75280.45239451427
-2612.363063270038	3.741548898280802	10.0	0.0	0.001	0.14142336338767256	75280.45239451427
-2612.362565000201	3.742025226281301	9.999999999999998	0.0	0.001	0.14134960240943006	75280.45239451427
-2612.362475628314	3.741489563851921	10.0	0.0	0.001	0.14134636394468691	75280.45239451427
-2612.362496554817	3.741421107719298	10.0	0.0	0.001	0.14135102415031942	75280.45239451427
-2612.3625620356397	3.741577078863889	10.0	0.0	0.001	0.14134056367724007	75280.45239451427
-2612.36251949985	3.741362616194794	10.0	0.0	0.001	0.14137562280542149	75280.45239451427
-2612.3625069967916	3.7413684013755955	10.0	0.0	0.001	0.1413398169616259	75280.45239451427
-2612.3625014546506	3.7415472543451744	10.0	0.0	0.001	0.14133740635007275	75280.45239451427
-2612.362517773424	3.7413402387470627	10.0	0.0	0.001	0.14133868175134165	75280.45239451427
-2612.362837252166	3.741739693512195	10.0	0.0	0.001	0.14141099354913958	75280.45239451427
-2612.3628525057775	3.741818451365438	10.0	0.0	0.001	0.14140429653692527	75280.45239451427
-2612.3625365804155	3.7413864118564577	9.999999887050807	0.0	0.001	0.1413596398233042	75280.45239451427
-2612.3625483807346	3.7418261214453388	10.0	0.0	0.001	0.14135069620429724	75280.45239451427
-2612.3628250042475	3.741554323477596	10.0	0.0	0.001	0.14132739020693505	75280.45239451427
-2612.36275517368	3.740827920479926	10.0	0.0	0.001	0.14135903186425647	75280.45239451427
-2612.362967911994	3.7414262109547525	10.0	0.0	0.001	0.14128642959830615	75280.45239451427
-2612.3623522797743	3.741360218013521	10.0	0.0	0.001	0.14135726543780894	75280.45239451427
-2612.3625270891043	3.7415182816000185	10.0	0.0	0.001	0.14135252848361166	75280.45239451427
-2612.3625514291703	3.7415233098745175	10.0	0.0	0.001	0.1413613947088412	75280.45239451427
-2612.3626266810415	3.741937849218636	10.0	0.0	0.001	0.14138021163246345	75280.45239451427
-2612.362577123787	3.7416490856434415	10.0	0.0	0.001	0.14132725967111315	75280.45239451427
-2612.3627255207607	3.7416254717324127	10.0	0.0	0.001	0.14130966036982012	75280.45239451427
-2612.362447716895	3.7413599265906825	10.0	0.0	0.001	0.14131603672370596	75280.45239451427
-2612.36250276466	3.741574524588534	10.0	0.0	0.001	0.14135454142399875	75280.45239451427
-2612.3626432257606	3.7408705001875964	9.999999999999998	0.0	0.001	0.1413718892935908	75280.45239451427
-2612.3625280506635	3.741338710401814	10.0	0.0	0.001	0.14133979929118265	75280.45239451427
inf	10.0	0.01	0.0	0.001	0.1387788444747421	75280.45239451427
-2612.3625180870995	3.7417228524181376	10.0	0.0	0.001	0.1413487255228006	75280.45239451427
-2612.362688760927	3.7417201605139265	10.0	0.0	0.001	0.14138481490281757	75280.45239451427
-2612.362668819146	3.7414725343347195	10.0	0.0	0.001	0.14131727207087938	75280.45239451427
-2612.362666493084	3.7410078859892058	10.0	0.0	0.001	0.14133993849479667	75280.45239451427
-2612.3624866642917	3.741568519999844	9.999999999999998	0.0	0.001	0.1413550369091906	75280.45239451427
-2612.3625159087155	3.741781667548505	10.0	0.0	0.001	0.1413578701620398	75280.45239451427
-2612.3624953755307	3.741651588326996	10.0	0.0	0.001	0.1413518905745043	75280.45239451427
-2612.362586814713	3.741965696474327	10.0	0.0	0.001	0.14134391998047474	75280.45239451427
-2612.3625323286496	3.7416005650071376	10.0	0.0	0.001	0.14134347610122763	75280.45239451427
-2612.362516010171	3.74144284164351	10.0	0.0	0.001	0.14134991052134277	75280.45239451427
-2612.3625573506333	3.7413633363322583	10.0	0.0	0.001	0.14133986918258656	75280.45239451427
-2612.362621467736	3.741603068413671	10.0	0.0	0.001	0.14132478934586798	75280.45239451427
-2612.3625532203678	3.741572446629722	10.0	0.0	0.001	0.1413418637456732	75280.45239451427
-2612.3625419495993	3.74171923709782	10.0	0.0	0.001	0.1413349900535299	75280.45239451427
-2612.3624975839202	3.741324105228015	10.0	0.0	0.001	0.14133784021487336	75280.45239451427
-2612.362522556087	3.741610273913539	10.0	0.0	0.001	0.14133910340369474	75280.45239451427
-2612.362604646173	3.7415097729621745	10.0	0.0	0.001	0.14132081734694282	75280.45239451427
-2612.362551037292	3.7415462754966162	10.0	0.0	0.001	0.1413465760705197	75280.45239451427
-2612.362572813658	3.741273295637204	10.0	0.0	0.001	0.14136684351603027	75280.45239451427
-2612.362515534084	3.741317555730082	10.0	0.0	0.001	0.14135754211138	75280.45239451427
-2612.3627203332944	3.7407763067417688	10.0	0.0	0.001	0.14133560602383524	75280.45239451427
-2612.3625452461683	3.7414643489540853	10.0	0.0	0.001	0.1413342225981397	75280.45239451427
-2612.362456529032	3.7413883508123216	10.0	0.0	0.001	0.14135346136609078	75280.45239451427
-2612.3625125948897	3.741577334832153	10.0	0.0	0.001	0.14136352962326193	75280.45239451427
-2612.362508370116	3.7416079832577114	10.0	0.0	0.001	0.14134567509866391	75280.45239451427
-2612.362521362351	3.741148608349496	10.0	0.0	0.001	0.1413667165020474	75280.45239451427
-2612.362440788974	3.741526540828878	10.0	0.0	0.001	0.1413513509977387	75280.45239451427
-2612.3637155410725	3.741594031167063	10.0	0.0	0.001	0.1414550082306118	75280.45239451427
-2612.3653120116287	3.7413901025627014	10.0	0.0	0.001	0.14118658888642902	75280.45239451427
-2612.362548994521	3.74168167151633	10.0	0.0	0.001	0.14136522172825253	75280.45239451427
-2612.362505574887	3.7416339850556457	10.0	0.0	0.001	0.14133527530915913	75280.45239451427
-2612.362592202442	3.74175184249533	10.0	0.0	0.001	0.14137853774375236	75280.45239451427
-2612.363249532108	3.7418593903395347	10.0	0.0	0.001	0.14143050800195778	75280.45239451427
-2612.364657532481	3.7424948715676796	10.0	0.0	0.001	0.14122116203138496	75280.45239451427
-2612.362540660437	3.7419381893417683	10.0	0.0	0.001	0.14135837028115972	75280.45239451427
-2612.3626080916038	3.7416140280981605	10.0	0.0	0.001	0.14131730303912715	75280.45239451427
-2612.3625230378475	3.741535370583021	10.0	0.0	0.001	0.14136624279529725	75280.45239451427
-2612.3627232848958	3.741514182241542	10.0	0.0	0.001	0.14130450959477042	75280.45239451427
-2612.3628716990715	3.7416665165063976	10.0	0.0	0.001	0.1412854439777484	75280.45239451427
-2612.363420709438	3.7417583473217593	10.0	0.0	0.001	0.1412593142948559	75280.45239451427
-2612.3625270494476	3.74124487184667	10.0	0.0	0.001	0.14133402483199042	75280.45239451427
-2612.362765814629	3.7413916786704045	10.0	0.0	0.001	0.14139969278011097	75280.45239451427
-2612.362722878297	3.74151581307196	10.0	0.0	0.001	0.14130912629525297	75280.45239451427
-2612.364047747236	3.74125903456628	10.0	0.0	0.001	0.1414682261315445	75280.45239451427
-2612.3624758915685	3.741583945591783	10.0	0.0	0.001	0.14134837345879	75280.45239451427
-2612.3625290098234	3.7414966310265805	10.0	0.0	0.001	0.14136584443704447	75280.45239451427
-2612.3628944254683	3.7416765139905195	10.0	0.0	0.001	0.14140831148042443	75280.45239451427
-2612.362616741358	3.741640989773167	10.0	0.0	0.001	0.14138073611011368	75280.45239451427
-2612.362732946156	3.7421097074640954	10.0	0.0	0.001	0.14131803749852304	75280.45239451427
-2612.3625346243252	3.7408873033915064	10.0	0.0	0.001	0.14136404613511958	75280.45239451427
-2612.362579567604	3.7410814256725766	10.0	0.0	0.001	0.1413499367074462	75280.45239451427
-2612.3625750944893	3.7415387699815117	10.0	0.0	0.001	0.1413536870892666	75280.45239451427
-2612.362530124181	3.7416724759557987	10.0	0.0	0.001	0.1413400370773575	75280.45239451427
-2612.3625337218828	3.741409643148828	10.0	0.0	0.001	0.1413530754284263	75280.45239451427
-2612.3624638917513	3.7415876303714426	10.0	0.0	0.001	0.1413404239570861	75280.45239451427
-2612.362647858864	3.741099724722407	10.0	0.0	0.001	0.14137765891852824	75280.45239451427
-2612.363116814505	3.7414028036738016	10.0	0.0	0.001	0.14127403327415197	75280.45239451427
-2612.362464112355	3.741554960339871	10.0	0.0	0.001	0.1413524779155595	75280.45239451427
-2612.3625250833106	3.7415729299182043	10.0	0.0	0.001	0.1413609784392441	75280.45239451427
-2612.36245230397	3.7415065309573756	10.0	0.0	0.001	0.14133741707331318	75280.45239451427
-2612.362459053036	3.741544724421577	10.0	0.0	0.001	0.14135073942274137	75280.45239451427
-2612.3625449299716	3.7415963878832765	10.0	0.0	0.001	0.1413439484761223	75280.45239451427
-2612.3625790182095	3.741527047743518	10.0	0.0	0.001	0.14136058000838203	75280.45239451427
-2612.3625323783544	3.741732302250244	10.0	0.0	0.001	0.14136702496393644	75280.45239451427
-2612.3625422065497	3.7417888574017257	10.0	0.0	0.001	0.14133382411188825	75280.45239451427
-2612.3626412354533	3.7420471926946877	10.0	0.0	0.001	0.14137445938855508	75280.45239451427
-2612.362514251141	3.741545744899646	10.0	0.0	0.001	0.14134733025932553	75280.45239451427
-2612.3626166439944	3.7414918151805763	10.0	0.0	0.001	0.14131509373994577	75280.45239451427
-2612.362564144736	3.7414628966498458	10.0	0.0	0.001	0.14132827727293323	75280.45239451427
-2612.362600883419	3.7418886269959613	9.999999999999998	0.0	0.001	0.14136770873560178	75280.45239451427
-2612.363050713429	3.740878956620691	10.0	0.0	0.001	0.141408988878983	75280.45239451427
-2612.36254574756	3.7418651250205954	10.0	0.0	0.001	0.1413426693095579	75280.45239451427
-2612.3625319055595	3.742022981222605	10.0	0.0	0.001	0.14136921160008398	75280.45239451427
-2612.3624734299096	3.741520172953332	10.0	0.0	0.001	0.14134565070364385	75280.45239451427
-2612.3625266596105	3.741508730899143	10.0	0.0	0.001	0.1413496927894159	75280.45239451427
-2612.3625068763	3.7414369378319074	10.0	0.0	0.001	0.14134566720936056	75280.45239451427
-2612.3624686733165	3.7417018391104637	10.0	0.0	0.001	0.14135906772603057	75280.45239451427
-2612.362587294897	3.7416494546090076	10.0	0.0	0.001	0.1413378111876128	75280.45239451427
-2612.3625079290287	3.7412591177925085	10.0	0.0	0.001	0.1413626702340234	75280.45239451427
-2612.3626399438012	3.7419811734059794	10.0	0.0	0.001	0.14132025531282116	75280.45239451427
-2612.3626611165414	3.741531527524691	10.0	0.0	0.001	0.1413158761024094	75280.45239451427
-2612.362525473648	3.7415999927192307	10.0	0.0	0.001	0.1413364610290533	75280.45239451427
-2612.3624771534496	3.741517027597583	10.0	0.0	0.001	0.14137888310370308	75280.45239451427
-2612.3624786638566	3.7412831126016104	10.0	0.0	0.001	0.14135315432144965	75280.45239451427
-2612.3625480069104	3.7418674654476263	10.0	0.0	0.001	0.14135732052510644	75280.45239451427
-2612.362979743573	3.741066384553351	10.0	0.0	0.001	0.1412927271193053	75280.45239451427
-2612.362710300111	3.740840975959229	10.0	0.0	0.001	0.14136261296826844	75280.45239451427
-2612.3624766423354	3.741585875074958	10.0	0.0	0.001	0.14135879215406166	75280.45239451427
-2612.36256924012	3.741563260598295	10.0	0.0	0.001	0.14131910791015811	75280.45239451427
-2612.362508086876	3.7414440109325304	10.0	0.0	0.001	0.1413552574143042	75280.45239451427
-2612.3627980004353	3.7418895982161353	10.0	0.0	0.001	0.14135307301762562	75280.45239451427
-2612.3637148383077	3.7415070102103347	10.0	0.0	0.001	0.14145780941480088	75280.45239451427
-2612.3625497804833	3.741818793362914	10.0	0.0	0.001	0.14135294945262644	75280.45239451427
-2612.362564025584	3.7415356995695297	10.0	0.0	0.001	0.1413304219761536	75280.45239451427
-2612.362539010496	3.7414938554382844	10.0	0.0	0.001	0.14134793483521899	75280.45239451427
-2612.3627513692963	3.74142192031268	10.0	0.0	0.001	0.14135908597522343	75280.45239451427
-2612.362453543224	3.7414643827314227	10.0	0.0	0.001	0.14133677412368725	75280.45239451427
-2612.362483412559	3.7414463574427894	10.0	0.0	0.001	0.14134953892974197	75280.45239451427
-2612.3628471580782	3.7415653087975964	10.0	0.0	0.001	0.1414026042891094	75280.45239451427
-2612.3625213511814	3.7415813080523415	10.0	0.0	0.001	0.1413395150145642	75280.45239451427
-2612.3626120901713	3.7414012241057475	10.0	0.0	0.001	0.14138030482954164	75280.45239451427
-2612.362514729216	3.7412255784744697	10.0	0.0	0.001	0.14135310661402833	75280.45239451427
-2612.362777120969	3.7412103984886116	10.0	0.0	0.001	0.14130752503779512	75280.45239451427
-2612.3625181468433	3.7415287912327613	10.0	0.0	0.001	0.14135762469058352	75280.45239451427
-2612.3625728128914	3.7411613333018843	10.0	0.0	0.001	0.14136309792525908	75280.45239451427
-2612.362541696478	3.7414146761871443	10.0	0.0	0.001	0.14133857071638337	75280.45239451427
-2612.3625618827355	3.741750991840726	10.0	0.0	0.001	0.14132912660257885	75280.45239451427
-2612.3626127323614	3.7411881851217204	10.0	0.0	0.001	0.14136678568309097	75280.45239451427
-2612.362602158926	3.741734340596681	10.0	0.0	0.001	0.14137482814440128	75280.45239451427
-2612.3627971692117	3.7411726866168458	10.0	0.0	0.001	0.14130800989492145	75280.45239451427
-2612.362606529172	3.741248530022489	10.0	0.0	0.001	0.14136027169362644	75280.45239451427
-2612.3626292100444	3.741051503742379	10.0	0.0	0.001	0.14136391268516418	75280.45239451427
-2612.3625267421758	3.7412786928881796	10.0	0.0	0.001	0.14134160763565107	75280.45239451427
-2612.3626472143987	3.7409832830399625	10.0	0.0	0.001	0.14134175031649515	75280.45239451427
-2612.362968924838	3.7404876897062898	10.0	0.0	0.001	0.14133734928604869	75280.45239451427
-2612.3626206255767	3.7419181451002177	10.0	0.0	0.001	0.14137739546618214	75280.45239451427
-2612.3628446585494	3.742120834207506	10.0	0.0	0.001	0.14130902789677152	75280.45239451427
-2612.362501871801	3.741230199592534	10.0	0.0	0.001	0.14134303701588266	75280.45239451427
-2612.362931140788	3.741864676091183	10.0	0.0	0.001	0.14129282916917021	75280.45239451427
-2612.362477594535	3.741598228029568	9.999999999999998	0.0	0.001	0.14133944195196324	75280.45239451427
-2612.3625598068547	3.7415417219678213	10.0	0.0	0.001	0.14134082874781928	75280.45239451427
-2612.362568214874	3.7411871398261196	10.0	0.0	0.001	0.14133175777622214	75280.45239451427
-2612.362576244087	3.741535583657715	10.0	0.0	0.001	0.14136661655998542	75280.45239451427
-2612.3624740835357	3.741766943388517	10.0	0.0	0.001	0.1413425658477182	75280.45239451427
-2612.3625689682913	3.7415137341573494	10.0	0.0	0.001	0.14134535933539646	75280.45239451427
-2612.3626396041905	3.7418582263799767	10.0	0.0	0.001	0.14138461337515698	75280.45239451427
-2612.3625536679965	3.741406053451418	9.99999958237386	0.0	0.001	0.14136544942415954	75280.45239451427
-2612.3625726714554	3.741990430008395	10.0	0.0	0.001	0.14135343711542916	75280.45239451427
-2612.3626415224876	3.741981686551754	10.0	0.0	0.001	0.1413315677764751	75280.45239451427
-2612.362536034794	3.7414510725579624	10.0	0.0	0.001	0.14135891255787503	75280.45239451427
-2612.362581652653	3.7417631312906963	10.0	0.0	0.001	0.14137214057685024	75280.45239451427
-2612.3626332057247	3.7419717427332264	10.0	0.0	0.001	0.14133504732471344	75280.45239451427
-2612.3624703864866	3.7415986629198374	10.0	0.0	0.001	0.14134824225534456	75280.45239451427
-2612.3625630777897	3.7416267345713816	10.0	0.0	0.001	0.14132483209757163	75280.45239451427
-2612.362933330388	3.7414546680283474	10.0	0.0	0.001	0.14141125433984494	75280.45239451427
-2612.3625081771324	3.741380474310792	10.0	0.0	0.001	0.14134077369590636	75280.45239451427
-2612.3625760455698	3.741143198944412	10.0	0.0	0.001	0.14134103638552797	75280.45239451427
-2612.3624692967232	3.7413032430274322	10.0	0.0	0.001	0.1413278483054113	75280.45239451427
-2612.3626381653903	3.741985097504334	10.0	0.0	0.001	0.14131089312466483	75280.45239451427
-2612.3625496939694	3.7413351640674177	10.0	0.0	0.001	0.1413406890580811	75280.45239451427
-2612.3624678723545	3.7414450787020055	10.0	0.0	0.001	0.14135088961908382	75280.45239451427
-2612.362529422453	3.7418817571397343	10.0	0.0	0.001	0.1413540201571577	75280.45239451427
-2612.3625453663567	3.7413940249417097	10.0	0.0	0.001	0.1413454086080996	75280.45239451427
-2612.3625902504496	3.7415027936248015	10.0	0.0	0.001	0.1413217408338006	75280.45239451427
-2612.3624581500867	3.7416875541946224	10.0	0.0	0.001	0.14131824474183705	75280.45239451427
-2612.362690381915	3.7413112563551296	10.0	0.0	0.001	0.14139258308798827	75280.45239451427
-2612.3626067969435	3.7414532433091403	10.0	0.0	0.001	0.14137334695929216	75280.45239451427
-2612.362537172302	3.741419835471369	10.0	0.0	0.001	0.1413481833211081	75280.45239451427
-2612.362734264616	3.7416601652462207	10.0	0.0	0.001	0.14139854221637768	75280.45239451427
-2612.3629615207074	3.7415005830485843	10.0	0.0	0.001	0.14131213397583042	75280.45239451427
-2612.3625315196978	3.741575165016778	10.0	0.0	0.001	0.1413711993536707	75280.45239451427
-2612.3625332657666	3.741537749840672	10.0	0.0	0.001	0.14133482274244039	75280.45239451427
-2612.3624929425614	3.7419412790631292	10.0	0.0	0.001	0.14135837493672204	75280.45239451427
-2612.36254653538	3.7413740989208955	10.0	0.0	0.001	0.1413645737199529	75280.45239451427
-2612.362515592556	3.741633484374478	10.0	0.0	0.001	0.1413547133411612	75280.45239451427
-2612.362597532873	3.7412453988884637	10.0	0.0	0.001	0.14135261780061706	75280.45239451427
-2612.3628910012594	3.740646418150041	10.0	0.0	0.001	0.1413247772239643	75280.45239451427
-2612.3625577030352	3.741596211232894	10.0	0.0	0.001	0.1413697772686791	75280.45239451427
-2612.36266738473	3.741893253235849	10.0	0.0	0.001	0.14133485350275343	75280.45239451427
-2612.3626611940927	3.741006495185856	10.0	0.0	0.001	0.1413737478002577	75280.45239451427
-2612.3624955382184	3.74186770184161	10.0	0.0	0.001	0.14136077183873302	75280.45239451427
-2612.3626625444676	3.7415355547340567	10.0	0.0	0.001	0.14138177470049584	75280.45239451427
-2612.362511605984	3.7414988826291355	10.0	0.0	0.001	0.1413466534587847	75280.45239451427
-2612.362337261457	3.7415370732006847	10.0	0.0	0.001	0.14135171553398218	75280.45239451427
-2612.362514481507	3.7415424994370188	10.0	0.0	0.001	0.14134251258891956	75280.45239451427
-2612.3625055138027	3.7415268052325734	10.0	0.0	0.001	0.14135011321796667	75280.45239451427
-2612.362523904675	3.741691143013091	10.0	0.0	0.001	0.14134338308576727	75280.45239451427
-2612.3628005833016	3.7420163799901416	10.0	0.0	0.001	0.14130570064519463	75280.45239451427
-2612.36255415001	3.741653403275778	10.0	0.0	0.001	0.14135033234402822	75280.45239451427
-2612.3625350896837	3.741553024073213	10.0	0.0	0.001	0.1413708513547988	75280.45239451427
-2612.362605304823	3.741456129218241	10.0	0.0	0.001	0.14137610368519046	75280.45239451427
-2612.362856725498	3.741914048117733	10.0	0.0	0.001	0.14130169647366708	75280.45239451427
-2612.3625239053117	3.7414654054426433	10.0	0.0	0.001	0.141335126215977	75280.45239451427
-2612.362523405174	3.7415397629228018	10.0	0.0	0.001	0.14135435630797633	75280.45239451427
-2612.362509294713	3.7415764732217274	10.0	0.0	0.001	0.14134494227112535	75280.45239451427
-2612.3625814276584	3.7412130869905624	10.0	0.0	0.001	0.14134064038713715	75280.45239451427
-2612.3625273427674	3.7415918114722952	10.0	0.0	0.001	0.141360154697569	75280.45239451427
-2612.362511011195	3.7413503722215333	10.0	0.0	0.001	0.14134174968808855	75280.45239451427
-2612.3626540680957	3.7410696520746196	10.0	0.0	0.001	0.14133326969737198	75280.45239451427
-2612.3624679789154	3.7415067774276727	10.0	0.0	0.001	0.14134032810056063	75280.45239451427
-2612.362499320133	3.7415326611216364	10.0	0.0	0.001	0.14135919153405482	75280.45239451427
-2612.3626364838665	3.741128455149388	10.0	0.0	0.001	0.14132917440501025	75280.45239451427
-2612.3625223632207	3.741852878148162	10.0	0.0	0.001	0.1413590558311212	75280.45239451427
-2612.362554549828	3.741508750554967	10.0	0.0	0.001	0.14133258598070775	75280.45239451427
-2612.362541699338	3.7415254486520837	10.0	0.0	0.001	0.14135559988879623	75280.45239451427
-2612.3624839679596	3.7417103272414423	10.0	0.0	0.001	0.1413601621621105	75280.45239451427
-2612.3625776943	3.7417917663450257	10.0	0.0	0.001	0.1413723352843075	75280.45239451427
-2612.362546222258	3.7415284219447424	10.0	0.0	0.001	0.14134901309387432	75280.45239451427
-2612.36253239261	3.7415694429329456	10.0	0.0	0.001	0.1413541898640921	75280.45239451427
-2612.3625554538758	3.7418415029817353	10.0	0.0	0.001	0.14134584850220394	75280.45239451427
-2612.362483269544	3.7417197408768397	10.0	0.0	0.001	0.141357334743096	75280.45239451427
-2612.362498628674	3.7415189223316894	10.0	0.0	0.001	0.14134497822677833	75280.45239451427
-2612.36246624686	3.741636383510758	10.0	0.0	0.001	0.14134235625676603	75280.45239451427
-2612.362523602551	3.741274248729496	10.0	0.0	0.001	0.1413369154825428	75280.45239451427
-2612.3625173895384	3.7419678870996376	10.0	0.0	0.001	0.14135116795411523	75280.45239451427
-2612.3627788921503	3.741527273987354	10.0	0.0	0.001	0.14135225532243495	75280.45239451427
-2612.362571218575	3.74168229578506	10.0	0.0	0.001	0.14131677944351131	75280.45239451427
-2612.3624935819803	3.7414253381871196	10.0	0.0	0.001	0.14134376963034842	75280.45239451427
-2612.362544707723	3.7415543964598585	10.0	0.0	0.001	0.14135027562372593	75280.45239451427
-2612.3625994535523	3.74166991264556	10.0	0.0	0.001	0.14132122578466436	75280.45239451427
-2612.362505564438	3.7415599005793267	10.0	0.0	0.001	0.1413430364495886	75280.45239451427
-2612.362564546777	3.7416272597085025	10.0	0.0	0.001	0.1413316602827717	75280.45239451427
-2612.3628152192387	3.741735905367861	10.0	0.0	0.001	0.14130002441425898	75280.45239451427
-2612.3624911502366	3.741348584790795	10.0	0.0	0.001	0.14133836762618887	75280.45239451427
-2612.3625542116365	3.74131923007142	10.0	0.0	0.001	0.14134418189986764	75280.45239451427
-2612.3633203591935	3.7409258679522726	10.0	0.0	0.001	0.14143240097680887	75280.45239451427
-2612.362502785856	3.7415126056337473	10.0	0.0	0.001	0.14133376776850531	75280.45239451427
-2612.362508648172	3.741701264404446	10.0	0.0	0.001	0.1413480078078812	75280.45239451427
-2612.362539232846	3.7416905956271025	10.0	0.0	0.001	0.1413365005556712	75280.45239451427
-2612.362640801365	3.7413947570401946	10.0	0.0	0.001	0.1413762272569846	75280.45239451427
-2612.362584781046	3.7415490081733003	10.0	0.0	0.001	0.14133814325402194	75280.45239451427
-2612.362523735421	3.7414443445498415	10.0	0.0	0.001	0.1413671852229652	75280.45239451427
-2612.362523407157	3.7413577702959615	10.0	0.0	0.001	0.14134555224531056	75280.45239451427
-2612.3726883549525	3.742042565463495	10.0	0.0	0.001	0.14104555507895278	75280.45239451427
-2612.3625249015086	3.7418005028367394	10.0	0.0	0.001	0.1413305258051895	75280.45239451427
-2612.3624855205794	3.7415478125565267	10.0	0.0	0.001	0.1413487462595632	75280.45239451427
-2612.362700821327	3.7413096767954794	10.0	0.0	0.001	0.141312403460447	75280.45239451427
-2612.3624777528266	3.741575860699908	10.0	0.0	0.001	0.1413457230241515	75280.45239451427
-2612.362539239557	3.7415775841277132	10.0	0.0	0.001	0.14133920870864247	75280.45239451427
-2612.3625383657286	3.7414607868011247	10.0	0.0	0.001	0.14133344787372318	75280.45239451427
-2612.3625153175617	3.7416299105717994	10.0	0.0	0.001	0.14132945455912377	75280.45239451427
-2612.3625500856606	3.741478788611404	10.0	0.0	0.001	0.14132521281289154	75280.45239451427
-2612.362493601401	3.7416871310588036	10.0	0.0	0.001	0.14134955501359045	75280.45239451427
-2612.3625692109854	3.741494234569254	10.0	0.0	0.001	0.14132678168133705	75280.45239451427
-2612.3625575737965	3.741235131399818	10.0	0.0	0.001	0.14135395627059935	75280.45239451427
-2612.3625116947446	3.7416478174540466	10.0	0.0	0.001	0.14132883336623983	75280.45239451427
-2612.3624758957076	3.7415132104628483	10.0	0.0	0.001	0.14135989187461054	75280.45239451427
-2612.362546464425	3.7415310577806533	10.0	0.0	0.001	0.14131631095173192	75280.45239451427
-2612.378040670501	3.741779284133556	10.0	0.0	0.001	0.1409710046333393	75280.45239451427
-2612.362558989901	3.7419509397066406	10.0	0.0	0.001	0.14135120473540036	75280.45239451427
-2612.362573882296	3.74129543781884	10.0	0.0	0.001	0.14133762434529423	75280.45239451427
-2612.3643726397377	3.741941365050681	10.0	0.0	0.001	0.14123261520360328	75280.45239451427
-2612.3628409361672	3.741882298216153	10.0	0.0	0.001	0.14140411425466035	75280.45239451427
-2612.362539650793	3.741687951826723	10.0	0.0	0.001	0.14137160765979054	75280.45239451427
-2612.362577570804	3.7417343077161815	10.0	0.0	0.001	0.14133077645368697	75280.45239451427
-2612.3624418532977	3.7415517683272728	10.0	0.0	0.001	0.14134578875506867	75280.45239451427
-2612.362791713321	3.741437541431314	10.000000000000002	0.0	0.001	0.14134754228514446	75280.45239451427
-2612.3635112045413	3.7411814051507397	10.0	0.0	0.001	0.14125585913163222	75280.45239451427
-2612.3628076921937	3.742053291817552	10.0	0.0	0.001	0.1413071093987544	75280.45239451427
-2612.362950773996	3.7418614910005874	10.0	0.0	0.001	0.1412899072457732	75280.45239451427
-2612.3625715945977	3.741484459633675	10.0	0.0	0.001	0.1413591011246332	75280.45239451427
-2612.3625780667803	3.741196352037416	10.0	0.0	0.001	0.1413580031730476	75280.45239451427
-2612.3648874481996	3.7416027945160995	10.0	0.0	0.001	0.14149896139433343	75280.45239451427
-2612.3625887177277	3.741616119796578	10.0	0.0	0.001	0.1413399169988737	75280.45239451427
-2612.3626192336396	3.7415645776035817	10.000000000000002	0.0	0.001	0.1413665312307841	75280.45239451427
-2612.3625009894577	3.7415615436788086	10.0	0.0	0.001	0.14134657369413076	75280.45239451427
-2612.362497147175	3.741441518915513	10.0	0.0	0.001	0.1413619761674938	75280.45239451427
-2612.3623889797113	3.7413886187332515	10.0	0.0	0.001	0.14135783647788502	75280.45239451427
-2612.362675406629	3.7418469686329794	10.0	0.0	0.001	0.1413169885029689	75280.45239451427
-2612.3625044366418	3.74154856832204	10.0	0.0	0.001	0.14135073363206646	75280.45239451427
-2612.36251718329	3.741604594862867	10.0	0.0	0.001	0.1413525921413492	75280.45239451427
-2612.3629888236474	3.741278366347957	10.0	0.0	0.001	0.14141974077684047	75280.45239451427
-2612.36251632492	3.7416771427484115	10.0	0.0	0.001	0.14134830671373588	75280.45239451427
-2612.3626696946512	3.740960939604959	10.0	0.0	0.001	0.1413511290466635	75280.45239451427
-2612.362689456776	3.741186726738221	10.0	0.0	0.001	0.14131574398914104	75280.45239451427
-2612.3625340632834	3.7417710729866775	10.0	0.0	0.001	0.14134725769714698	75280.45239451427
-2612.3626622693378	3.7420218631710824	10.0	0.0	0.001	0.1413279732522998	75280.45239451427
-2612.3625277261963	3.741302557392567	10.0	0.0	0.001	0.14133616907250077	75280.45239451427
-2612.3625766970613	3.741663834058212	10.0	0.0	0.001	0.14135033944007977	75280.45239451427
-2612.3624906478126	3.7416923915332774	10.0	0.0	0.001	0.14135500548546634	75280.45239451427
-2612.362450073263	3.741559759812612	10.0	0.0	0.001	0.1413414418534823	75280.45239451427
-2612.3625822818603	3.7419716198264523	10.0	0.0	0.001	0.14133968622971463	75280.45239451427
-2612.36275633494	3.740821958832573	10.0	0.0	0.001	0.1413685603941242	75280.45239451427
-2612.3627215071556	3.7421472557781104	10.0	0.0	0.001	0.1413281967532525	75280.45239451427
-2612.3625297500803	3.7413609174203484	10.0	0.0	0.001	0.14135795484625477	75280.45239451427
-2612.3625879162914	3.741436116952047	10.0	0.0	0.001	0.14137728315381304	75280.45239451427
-2612.3626608804816	3.7415608660041153	10.0	0.0	0.001	0.14138778215115314	75280.45239451427
-2612.362539488607	3.74175814793821	10.0	0.0	0.001	0.14133221035932683	75280.45239451427
-2612.3624893185442	3.7415329167731723	10.0	0.0	0.001	0.14134251495373504	75280.45239451427
-2612.364098760305	3.7420276514154103	10.0	0.0	0.001	0.141232129832184	75280.45239451427
-2612.3625044657865	3.741547453048274	10.0	0.0	0.001	0.1413414216721648	75280.45239451427
-2612.36250709831	3.7415018160877316	10.0	0.0	0.001	0.14133610539130445	75280.45239451427
-2612.3625802502247	3.7411539732663046	10.0	0.0	0.001	0.14134846787502153	75280.45239451427
-2612.362343880912	3.7416898967195547	10.0	0.0	0.001	0.14133313361967692	75280.45239451427
-2612.362540067636	3.741444009468976	10.0	0.0	0.001	0.14134941672681123	75280.45239451427
-2612.3625375222887	3.7415096679020547	10.0	0.0	0.001	0.14133373960043707	75280.45239451427
-2612.362552351441	3.741640019032549	10.0	0.0	0.001	0.14137205610072262	75280.45239451427
-2612.3625408107982	3.7415287984477597	10.000000000000002	0.0	0.001	0.14135444181856138	75280.45239451427
-2612.362741090589	3.7418095369238324	10.0	0.0	0.001	0.14130992910086884	75280.45239451427
-2612.3625719797296	3.7416044659084133	10.0	0.0	0.001	0.14132682405578667	75280.45239451427
-2612.3627765578067	3.7415646554255906	10.0	0.0	0.001	0.14133739045159296	75280.45239451427
-2612.3625467334577	3.7417251717323903	10.0	0.0	0.001	0.14136845988702676	75280.45239451427
-2612.3625218650704	3.7415842997371405	10.0	0.0	0.001	0.14135234973060717	75280.45239451427
-2612.362455450011	3.7415377933500458	10.0	0.0	0.001	0.14134860260333457	75280.45239451427
-2612.3627342520003	3.74106061073509	10.000000000000002	0.0	0.001	0.14131936338278864	75280.45239451427
-2612.3626113758746	3.741601910292585	10.0	0.0	0.001	0.14136445548357765	75280.45239451427
-2612.3625147766966	3.7413286684002456	10.0	0.0	0.001	0.14135509861180479	75280.45239451427
-2612.362564559301	3.7419234141981037	10.0	0.0	0.001	0.14131747113464477	75280.45239451427
-2612.36253388633	3.741465046527909	10.0	0.0	0.001	0.14135199322216177	75280.45239451427
-2612.362542320454	3.7413397836457962	10.0	0.0	0.001	0.14134338602971364	75280.45239451427
-2612.362547140547	3.7415916641397398	10.0	0.0	0.001	0.1413669962179632	75280.45239451427
-2612.3625574638145	3.7413358556929213	10.0	0.0	0.001	0.14135272801914905	75280.45239451427
-2612.3624953332237	3.7413837828345127	10.0	0.0	0.001	0.14134283275629134	75280.45239451427
-2612.362423827498	3.7412387623743864	10.0	0.0	0.001	0.1413514253465867	75280.45239451427
-2612.3626144759046	3.7411065598283892	10.0	0.0	0.001	0.14132920590322937	75280.45239451427
-2612.362407653242	3.741217167902615	10.0	0.0	0.001	0.141361691000644	75280.45239451427
-2612.3625287666446	3.741391243750827	10.0	0.0	0.001	0.1413688557061837	75280.45239451427
-2612.3625210927426	3.7418517022068998	10.0	0.0	0.001	0.1413334264624427	75280.45239451427
-2612.3625365498774	3.7415837346000966	10.0	0.0	0.001	0.14136110725200765	75280.45239451427
-2612.3625425507475	3.741644794641409	10.0	0.0	0.001	0.14133954041990382	75280.45239451427
-2612.3625099506653	3.7417564758678523	10.0	0.0	0.001	0.14134578603531867	75280.45239451427
-2612.3627406807327	3.7417415950481403	10.0	0.0	0.001	0.14139430054264993	75280.45239451427
-2612.362542726619	3.7414260526484977	10.0	0.0	0.001	0.14133895489700068	75280.45239451427
-2612.362469540689	3.7416026476000868	10.0	0.0	0.001	0.14135268679476606	75280.45239451427
-2612.3631717143503	3.7420961069318017	10.0	0.0	0.001	0.1414304042779408	75280.45239451427
-2612.3626856438436	3.741479818610594	10.0	0.0	0.001	0.14131105961135382	75280.45239451427
-2612.3624198447287	3.7416454475102143	10.0	0.0	0.001	0.14135504611934974	75280.45239451427
-2612.3626647675237	3.7419751438414854	10.0	0.0	0.001	0.1413170385360976	75280.45239451427
-2612.362496699222	3.7414345588395257	10.0	0.0	0.001	0.1413625807613294	75280.45239451427
-2612.3624897747186	3.7414903943599596	10.000000000000002	0.0	0.001	0.14134802067003518	75280.45239451427
-2612.362650372671	3.741033923871059	10.0	0.0	0.001	0.14132755000516936	75280.45239451427
-2612.3648319377835	3.7413406372461346	10.0	0.0	0.001	0.14120396754755646	75280.45239451427
-2612.362491465742	3.7415620299839705	10.0	0.0	0.001	0.14133367466621782	75280.45239451427
-2612.3625086508728	3.7414954260596316	10.0	0.0	0.001	0.1413468928526098	75280.45239451427
-2612.362545643753	3.74152691050531	10.0	0.0	0.001	0.14132323448001716	75280.45239451427
-2612.362497395172	3.7415092746943923	10.0	0.0	0.001	0.1413486514283803	75280.45239451427
-2612.362523367048	3.7414394665364745	10.0	0.0	0.001	0.14134816517858637	75280.45239451427
-2612.362519353327	3.7415990694099333	10.0	0.0	0.001	0.1413695496281384	75280.45239451427
-2612.3624913940384	3.7415312172994226	10.0	0.0	0.001	0.1413489695001527	75280.45239451427
-2612.3624986971195	3.741356973038296	10.0	0.0	0.001	0.14135581023176733	75280.45239451427
-2612.362509537039	3.7415166018479753	10.0	0.0	0.001	0.1413373067903467	75280.45239451427
-2612.3629742560233	3.7414783614778737	10.0	0.0	0.001	0.14128971121738979	75280.45239451427
-2612.3624959006775	3.7413231235590496	10.0	0.0	0.001	0.14134311788300624	75280.45239451427
-2612.36237400766	3.74171989759788	10.0	0.0	0.001	0.141341811019392	75280.45239451427
-2612.362543099659	3.741222477987138	10.0	0.0	0.001	0.14134188777858417	75280.45239451427
-2612.3949095243534	3.739276492357512	10.0	0.0	0.001	0.1408152952551847	75280.45239451427
-2612.362851960146	3.741614580082261	10.0	0.0	0.001	0.1412946863407459	75280.45239451427
-2612.3625553455104	3.7419695617861164	10.0	0.0	0.001	0.14135815352349754	75280.45239451427
-2612.3624700766486	3.741416329364113	10.0	0.0	0.001	0.14135431370923174	75280.45239451427
-2612.362520262858	3.74157792491646	10.0	0.0	0.001	0.1413244821851604	75280.45239451427
-2612.3625640444043	3.7416418982505397	9.999999999999998	0.0	0.001	0.14137137634400387	75280.45239451427
-2612.3625126797256	3.7414596777075353	9.999999999999998	0.0	0.001	0.1413609249044587	75280.45239451427
-2612.362575393495	3.7413846318982817	10.0	0.0	0.001	0.14133714300261904	75280.45239451427
-2612.3627935687596	3.740663962353182	10.0	0.0	0.001	0.14134236379251058	75280.45239451427
-2612.3625436120083	3.74159098406097	10.0	0.0	0.001	0.1413484958077721	75280.45239451427
-2612.362753754954	3.7416020646620907	10.0	0.0	0.001	0.14139824585927252	75280.45239451427
-2612.362542482986	3.7416079101339013	10.0	0.0	0.001	0.1413504053004789	75280.45239451427
-2612.36248959792	3.741388097588163	10.0	0.0	0.001	0.14134307570471252	75280.45239451427
-2612.3624615202434	3.7415441174667814	10.0	0.0	0.001	0.14134247277714226	75280.45239451427
-2612.362786232078	3.741600677136546	9.999999999999998	0.0	0.001	0.14136327692406708	75280.45239451427
-2612.3624317499443	3.7413226974747777	10.0	0.0	0.001	0.14134644574824243	75280.45239451427
-2612.3625904398614	3.74138904713582	10.0	0.0	0.001	0.1413242400270747	75280.45239451427
-2612.3626380923006	3.741492132703368	9.999999999999998	0.0	0.001	0.14131947983318244	75280.45239451427
-2612.3625370531595	3.7416745494958445	10.0	0.0	0.001	0.1413348515153993	75280.45239451427
-2612.362489640045	3.74151438776513	10.0	0.0	0.001	0.14134201509896013	75280.45239451427
-2612.3625184715165	3.740952609381078	10.0	0.0	0.001	0.14136148568084309	75280.45239451427
-2612.362494482927	3.741630939541867	10.0	0.0	0.001	0.1413598561187773	75280.45239451427
-2612.362624052632	3.741839078307266	10.0	0.0	0.001	0.14132985797942968	75280.45239451427
-2612.3625940719785	3.7417663387235693	10.0	0.0	0.001	0.14133492681362136	75280.45239451427
-2612.3624863957393	3.741621646105433	10.0	0.0	0.001	0.14133924041181137	75280.45239451427
-2612.3626422842735	3.741614046075115	10.0	0.0	0.001	0.14131535484377544	75280.45239451427
-2612.362548684902	3.7416508100454284	10.0	0.0	0.001	0.14133558350353392	75280.45239451427
-2612.362944189281	3.7411081156282986	10.0	0.0	0.001	0.14129332919390983	75280.45239451427
-2612.362895725768	3.741300063319524	10.0	0.0	0.001	0.14128899132209796	75280.45239451427
-2612.362535425601	3.7413315678975145	10.0	0.0	0.001	0.141369503266253	75280.45239451427
-2612.362523757367	3.741670769697025	10.0	0.0	0.001	0.14134900661364228	75280.45239451427
-2612.3624567042443	3.741415978707678	10.0	0.0	0.001	0.14135591533414554	75280.45239451427
-2612.362579041897	3.7415624619202323	10.0	0.0	0.001	0.14132634911953537	75280.45239451427
-2612.362467392244	3.7413908272551697	10.0	0.0	0.001	0.14134875895843543	75280.45239451427
-2612.3625517131227	3.7418537604718547	10.0	0.0	0.001	0.14136796220359843	75280.45239451427
-2612.3626753292274	3.7416095643018306	10.0	0.0	0.001	0.14131425607389309	75280.45239451427
-2612.364089141167	3.741332740442422	10.0	0.0	0.001	0.14147207756445437	75280.45239451427
-2612.362547751163	3.741730163545601	10.0	0.0	0.001	0.14135018517506573	75280.45239451427
-2612.362551238074	3.7415739044571046	10.0	0.0	0.001	0.1413603521217871	75280.45239451427
-2612.362554846361	3.7414595251045526	10.0	0.0	0.001	0.14134926474525294	75280.45239451427
-2612.362542853509	3.7416888575132323	10.0	0.0	0.001	0.14135517663316183	75280.45239451427
-2612.3625005362373	3.7417366178458087	10.0	0.0	0.001	0.1413422262209078	75280.45239451427
-2612.362524354523	3.741607210643808	10.0	0.0	0.001	0.1413450544920143	75280.45239451427
-2612.3626064920363	3.7417064137055562	10.0	0.0	0.001	0.14131917444879474	75280.45239451427
-2612.363267622608	3.741842208561224	10.0	0.0	0.001	0.1412661118965866	75280.45239451427
-2612.362927686654	3.741755540245752	10.0	0.0	0.001	0.1412846672253311	75280.45239451427
-2612.362548147379	3.7416907706118407	10.0	0.0	0.001	0.1413426377323745	75280.45239451427
-2612.362526651854	3.7412996464226533	10.0	0.0	0.001	0.14133319668406485	75280.45239451427
-2612.3626508065677	3.741823221881027	10.0	0.0	0.001	0.1413839902129484	75280.45239451427
-2612.362462898187	3.7414937555606738	10.0	0.0	0.001	0.14134486433987956	75280.45239451427
-2612.3627145889145	3.7422291693615923	10.0	0.0	0.001	0.14134442309404624	75280.45239451427
-2612.3625282505172	3.7416299195870923	10.0	0.0	0.001	0.14135595600698714	75280.45239451427
-2612.3626625270135	3.741358952823102	9.999999999999998	0.0	0.001	0.14139938590984102	75280.45239451427
-2612.3625608331404	3.741505776378973	10.0	0.0	0.001	0.14136628063292403	75280.45239451427
-2612.362460162401	3.741476847892676	10.0	0.0	0.001	0.14134690312229847	75280.45239451427
-2612.362710377167	3.741787359960265	10.0	0.0	0.001	0.1413106173953773	75280.45239451427
-2612.3625523064093	3.7413092018360214	10.0	0.0	0.001	0.1413403266880896	75280.45239451427
-2612.3624593781183	3.741604044963508	10.0	0.0	0.001	0.14133893911065143	75280.45239451427
-2612.362604973044	3.741624719170753	10.0	0.0	0.001	0.1413255468538177	75280.45239451427
-2612.362605032324	3.741742706692084	10.0	0.0	0.001	0.14132576268646257	75280.45239451427
-2612.3624901487437	3.7414259534869747	10.0	0.0	0.001	0.14136073068315322	75280.45239451427
-2612.362492103569	3.7413194078823495	10.0	0.0	0.001	0.14135044848705572	75280.45239451427
-2612.362536167875	3.7416275900529254	10.0	0.0	0.001	0.14133724602379205	75280.45239451427
-2612.3624867154176	3.7415647171293798	10.0	0.0	0.001	0.14135258011753093	75280.45239451427
-2612.3625232793756	3.741609105804064	10.0	0.0	0.001	0.1413430133362927	75280.45239451427
-2612.3624143259217	3.74142434016461	10.0	0.0	0.001	0.14133723913542767	75280.45239451427
-2612.3626728100317	3.7414857638364274	10.0	0.0	0.001	0.1413142318331656	75280.45239451427
-2612.362474301601	3.7417663757822104	10.0	0.0	0.001	0.1413602646310658	75280.45239451427
-2612.363390927584	3.740827839309737	10.0	0.0	0.001	0.14142915949261367	75280.45239451427
-2612.362681170538	3.7414956696295634	10.0	0.0	0.001	0.14137085965331683	75280.45239451427
-2612.362499040376	3.7410867889630537	10.0	0.0	0.001	0.1413266524536531	75280.45239451427
-2612.362579874114	3.7415486218230805	10.0	0.0	0.001	0.14131799209223644	75280.45239451427
-2612.3625461890306	3.741348332991141	10.0	0.0	0.001	0.14134702848418054	75280.45239451427
-2612.3627175420825	3.7417138653881206	10.0	0.0	0.001	0.1413987577881889	75280.45239451427
-2612.3626932172083	3.741173833896147	10.0	0.0	0.001	0.1413098529783861	75280.45239451427
-2612.362441876251	3.7413991149034076	10.0	0.0	0.001	0.1413409310870404	75280.45239451427
-2612.362620487425	3.7413197340218174	10.0	0.0	0.001	0.1413595889670693	75280.45239451427
-2612.36254181451	3.7416179295243945	10.0	0.0	0.001	0.14137135038258136	75280.45239451427
-2612.3638828324924	3.741489507330447	10.0	0.0	0.001	0.14123994591566905	75280.45239451427
-2612.3625087574574	3.741398535032267	10.0	0.0	0.001	0.14134575388063833	75280.45239451427
-2612.3626513571753	3.7410357171337285	10.0	0.0	0.001	0.14133136113099354	75280.45239451427
-2612.362806471251	3.7415508683632317	10.0	0.0	0.001	0.1413477667673903	75280.45239451427
-2612.362549722215	3.7416720325227364	10.0	0.0	0.001	0.14137345620546193	75280.45239451427
-2612.36252249695	3.741216515430031	10.0	0.0	0.001	0.14134237173279762	75280.45239451427
-2612.3624540039646	3.7414124016039607	10.0	0.0	0.001	0.14134819700724097	75280.45239451427
-2612.3624812791013	3.7415327528122586	10.0	0.0	0.001	0.14135853202537568	75280.45239451427
-2612.362614868564	3.741039337585341	10.0	0.0	0.001	0.1413493756837632	75280.45239451427
-2612.362541118747	3.7415370448857797	10.0	0.0	0.001	0.1413365418289803	75280.45239451427
-2612.362517518222	3.7415391092163337	10.0	0.0	0.001	0.1413537613293498	75280.45239451427
-2612.3625470856555	3.7419297845703605	10.0	0.0	0.001	0.14136794728667437	75280.45239451427
-2612.3625312479635	3.741701114974138	10.0	0.0	0.001	0.14134976646848862	75280.45239451427
-2612.3830692013576	3.7413690002451077	10.0	0.0	0.001	0.14091359488001806	75280.45239451427
-2612.362570577619	3.7418893699632365	10.0	0.0	0.001	0.1413500642873746	75280.45239451427
-2612.3626386498554	3.7418880085313106	10.0	0.0	0.001	0.14131705215303583	75280.45239451427
-2612.362621322667	3.741417748259708	10.0	0.0	0.001	0.14132112296256996	75280.45239451427
-2612.3625249569177	3.7415343377085564	10.0	0.0	0.001	0.1413310277445224	75280.45239451427
-2612.362543059551	3.7420999064060254	10.0	0.0	0.001	0.14134973171454135	75280.45239451427
-2612.3625437741653	3.741451045304488	10.0	0.0	0.001	0.1413602724979557	75280.45239451427
-2612.3625184687876	3.741478823958377	10.0	0.0	0.001	0.14134608673912363	75280.45239451427
-2612.3625222474784	3.741894480804524	10.0	0.0	0.001	0.14134905388008703	75280.45239451427
-2612.362525095755	3.7414497056553495	10.0	0.0	0.001	0.14133726449623313	75280.45239451427
-2612.3626951536735	3.7415270919936523	10.0	0.0	0.001	0.14131423210650648	75280.45239451427
-2612.362511819596	3.7414003063314576	10.0	0.0	0.001	0.14134240926134578	75280.45239451427
-2612.3624913080794	3.7414522302452107	10.0	0.0	0.001	0.14134477919595947	75280.45239451427
-2612.362504423186	3.7414679449630075	10.0	0.0	0.001	0.14133959070951943	75280.45239451427
-2612.362544971008	3.7414849536953234	10.0	0.0	0.001	0.14134299448764007	75280.45239451427
-2612.362545130153	3.7413730235623723	10.0	0.0	0.001	0.14133128611420226	75280.45239451427
-2612.3626223885635	3.741968536136679	10.0	0.0	0.001	0.14133154595650133	75280.45239451427
-2612.3625247835967	3.7417984241359696	10.0	0.0	0.001	0.14133812108765648	75280.45239451427
-2612.362753315073	3.7416196611435044	10.0	0.0	0.001	0.14139845927787503	75280.45239451427
-2612.3624961295736	3.7415857176996936	10.0	0.0	0.001	0.1413442659458405	75280.45239451427
-2612.3625037553534	3.741629634703265	10.0	0.0	0.001	0.1413390514269198	75280.45239451427
-2612.362470658984	3.741553303623631	10.0	0.0	0.001	0.14135187036281585	75280.45239451427
-2612.362593973687	3.74169744806337	10.0	0.0	0.001	0.14134464948768224	75280.45239451427
-2612.3626413653083	3.7420084493029124	10.0	0.0	0.001	0.14138417031744357	75280.45239451427
-2612.362597122409	3.741807167091481	10.0	0.0	0.001	0.14137575811693778	75280.45239451427
-2612.362491817139	3.741811477570637	10.0	0.0	0.001	0.14132337408012857	75280.45239451427
-2612.3624730730517	3.741571253793884	10.0	0.0	0.001	0.14135002395349291	75280.45239451427
-2612.3625417103576	3.7414010196885283	10.0	0.0	0.001	0.14132287348187428	75280.45239451427
-2612.3626149793236	3.7415585029251415	10.0	0.0	0.001	0.1413283455266766	75280.45239451427
-2612.362586667496	3.741656505220685	10.0	0.0	0.001	0.14133246748770384	75280.45239451427
-2612.3625066538584	3.7416938030705422	10.0	0.0	0.001	0.14135381125023894	75280.45239451427
-2612.3624357289846	3.741681456089664	10.0	0.0	0.001	0.1413397265990744	75280.45239451427
-2612.3626706920422	3.741691235320063	10.0	0.0	0.001	0.14130938596583312	75280.45239451427
-2612.362550704439	3.7412974680256426	10.0	0.0	0.001	0.14135419816259412	75280.45239451427
-2612.3625733693093	3.741734715851307	10.0	0.0	0.001	0.1413232451079139	75280.45239451427
-2612.362532072073	3.7416768216342144	10.0	0.0	0.001	0.14134285531932575	75280.45239451427
-2612.3638638061166	3.740849280540206	10.0	0.0	0.001	0.14124440914093625	75280.45239451427
-2612.36283180795	3.741465017902532	10.0	0.0	0.001	0.14129830362020274	75280.45239451427
-2612.36253093369	3.7416397618754593	10.0	0.0	0.001	0.14134373554631077	75280.45239451427
-2612.3625881435128	3.7418502794778905	10.0	0.0	0.001	0.1413572177462105	75280.45239451427
-2612.3624727318547	3.741712587430844	10.0	0.0	0.001	0.14135461043169373	75280.45239451427
-2612.362499087726	3.7418320629492876	10.0	0.0	0.001	0.1413517874637906	75280.45239451427
-2612.362737209623	3.741616176775799	10.0	0.0	0.001	0.1413970005886693	75280.45239451427
-2612.362501268681	3.7415950350621165	10.0	0.0	0.001	0.14134898090414869	75280.45239451427
-2612.362493723121	3.7416157785254733	10.0	0.0	0.001	0.14136048825842443	75280.45239451427
-2612.3624881260366	3.741854825645914	10.0	0.0	0.001	0.14134218016832212	75280.45239451427
-2612.3625076362637	3.7414492787766522	10.0	0.0	0.001	0.141350405917573	75280.45239451427
-2612.3625771666684	3.7419670699714236	10.0	0.0	0.001	0.14136109563565327	75280.45239451427
-2612.3625167090963	3.741559231064456	10.0	0.0	0.001	0.14134807568518773	75280.45239451427
-2612.3625621495657	3.7411691624796157	10.0	0.0	0.001	0.1413623878468121	75280.45239451427
-2612.362831181499	3.7417044660035805	10.0	0.0	0.001	0.14140259247178183	75280.45239451427
-2612.362870944093	3.741532349454988	10.0	0.0	0.001	0.1412952662189495	75280.45239451427
-2612.3625039721496	3.7414883517103195	10.0	0.0	0.001	0.1413454520164609	75280.45239451427
-2612.362701266332	3.741752727109042	10.0	0.0	0.001	0.14131320438177694	75280.45239451427
-2612.3625845859333	3.741644491899267	10.0	0.0	0.001	0.14137533299744803	75280.45239451427
-2612.362535470418	3.7414277904982693	10.000000000000002	0.0	0.001	0.14137690296183278	75280.45239451427
-2612.3625407062973	3.741752818826502	10.0	0.0	0.001	0.14132466007303895	75280.45239451427
