# /home/u2/oliviafernflores/miniconda3/bin/dadi-cli InferDFE --fs /groups/rgutenk/oliviafernflores/gene_ontology/GO_DFE_Inference/GO_0051179_SFS/0051179_dict_Mmd_FRA_Mmd_IRA_SFS_nsyn_unfolded.fs --cache1d /groups/rgutenk/oliviafernflores/IRA_FRA/mmd_FRA_mmd_IRA_1d_cache.bpkl --pdf2d gamma --p0 1 1 .5 --lbounds 0.010 0.010 0 --ubounds 100 1000 0.999 --demo-popt /groups/rgutenk/oliviafernflores/IRA_FRA/demo_results/IRA_FRA_im_pre_inbreeding_demo_fits_combined.txt --ratio 2.4 --output /groups/rgutenk/oliviafernflores/gene_ontology/GO_DFE_Inference/GO_0051179_SFS/mmd_FRA_mmd_IRA_2d_gamma_DFE_0051179 --optimizations 20 --maxeval 400 --check-convergence 10
# Log(likelihood)	shape	scale	misid	theta
-2846.1651333691684	1.0881022000579417	76.53786524694227	0.023114908167259817	22091.2144245875
-2746.379762936885	0.9806563251706621	87.23404211302024	0.01340633184733693	22091.2144245875
-2672.7920767911337	1.039748717825944	87.1293057756264	0.014735693753060464	22091.2144245875
-4146.73878786421	1.3971606227170597	36.245617825929855	0.026323999316541297	22091.2144245875
-2414.798103331941	0.9737431949836864	106.2838885628914	0.02122810417505797	22091.2144245875
-2408.7002582656705	0.9789089879452848	107.27556979446638	0.026937193692692183	22091.2144245875
-2322.9251495538274	0.9467378146476644	115.11330217605722	0.02189331836264412	22091.2144245875
-2157.5668756903196	0.9249816380090895	135.17569394886408	0.023905939958315994	22091.2144245875
-2182.450584171037	0.9178050202755523	130.81069961505355	0.021742920825771877	22091.2144245875
-1674.1522849884618	0.7894792641363957	230.70875615563222	0.020176335252610627	22091.2144245875
-2244.156179413148	0.9324968159373713	123.47736107429684	0.020845153788399122	22091.2144245875
--	nan	nan	nan	22091.2144245875
-1807.9545292221571	0.8359717428717844	198.2638697732161	0.026304582526821614	22091.2144245875
-1560.6363218116455	0.7575883988416128	270.31102975639544	0.018745020351755244	22091.2144245875
-1460.1291725231285	0.7323067173512569	315.3422038714064	0.01747108334125931	22091.2144245875
-1958.013932729752	0.8628969632860861	164.19008087452065	0.020264132184711604	22091.2144245875
-1322.5887188173497	0.6935092739442698	400.1004653677569	0.01769652645886708	22091.2144245875
-1247.7652685488265	0.6716259808975665	463.0949970446474	0.01756900105772015	22091.2144245875
-1396.6202019758152	0.7145200075660721	350.445579062168	0.018734075642370153	22091.2144245875
-1473.107910750622	0.7365489226272978	308.8431584715303	0.018992499030574986	22091.2144245875
