# /home/u2/oliviafernflores/miniconda3/bin/dadi-cli InferDFE --fs /groups/rgutenk/oliviafernflores/gene_ontology/GO_DFE_Inference/GO_0051179_SFS/0051179_dict_Mmd_FRA_Mmd_IRA_SFS_nsyn_unfolded.fs --cache2d /groups/rgutenk/oliviafernflores/IRA_FRA/mmd_FRA_mmd_IRA_2d_cache.bpkl --pdf2d biv_lognormal --p0 1 1 1 1 .5 .5 --lbounds -10 -10 0.01 0.01 0.001 0 --ubounds 10 10 10 10 0.999 0.5 --demo-popt /groups/rgutenk/oliviafernflores/IRA_FRA/demo_results/IRA_FRA_im_pre_inbreeding_demo_fits_combined.txt --ratio 2.4 --output /groups/rgutenk/oliviafernflores/gene_ontology/GO_DFE_Inference/GO_0051179_SFS/mmd_FRA_mmd_IRA_2d_biv_lognormal_asymmetric_DFE_0051179 --optimizations 15 --maxeval 400 --check-convergence 10
# Log(likelihood)	log_mu1	log_sigma1	log_mu2	log_sigma2	rho	misid	theta
-7677.6111465298	3.3073213620586004	7.177724088952524	1.2307337484989405	3.457002523285333	0.9634977733595635	0.49995435789070125	22091.2144245875
-7349.73061476622	2.9065099632218674	6.5698006683474715	0.7805890319018273	3.1790826338846228	0.9395741886537485	0.2313773694978065	22091.2144245875
-4878.487215999991	8.657476588087773	4.1739880880685165	4.452602162637307	1.5261594432858059	0.999	0.4999858485486995	22091.2144245875
-4567.333766156776	3.2753397314059627	9.990138594386144	1.0200209861041358	6.504481637798591	0.9771494839437929	0.19135806966148597	22091.2144245875
-4363.412717683381	10.0	7.1648521342776545	5.344859706707242	3.381283472931668	0.999	0.4909216539758407	22091.2144245875
-5811.5830394775	1.4477556746440845	0.44722504520441353	0.03192822165313787	0.769646592318354	0.312515419331055	0.3783894445061978	22091.2144245875
-4754.723967550357	4.292396553379547	3.123319613327331	2.2517855629283696	0.5754872031842939	0.999	0.34495755252184374	22091.2144245875
-686.8391457046494	9.999963413819131	5.582451923033388	5.341616044105435	2.3740791471659395	0.9989994942512874	0.015556097549996935	22091.2144245875
-4310.177047944406	0.23636195966564627	1.49644847193952	0.8532760844702387	0.050738432870889666	0.2759299447879288	0.4581486552728719	22091.2144245875
-4211.506571812652	8.662484328092185	9.079030829034243	4.461122944320541	4.640330659503274	0.999	0.47555902184835636	22091.2144245875
-4194.230343870565	10.0	10.0	5.359696341054468	5.305762593130541	0.9652162742458857	0.47914223990922433	22091.2144245875
-660.6735351984238	9.456028298183227	6.332821890879483	4.960146701201263	2.863975587878594	0.9989999999999999	0.015654985016530867	22091.2144245875
-3250.8110146848026	9.796539843518	8.519306424642087	5.160126589284846	4.302704559353824	0.9885622832932452	0.3939306726968955	22091.2144245875
-1612.210634154614	10.0	10.0	5.282690314345419	5.375958278640412	0.9295317202602035	0.2074169669240462	22091.2144245875
-1578.880877399679	10.0	10.0	5.335172244394806	5.395964704966067	0.949188520905536	0.2039006047731779	22091.2144245875
