# /home/u2/oliviafernflores/miniconda3/bin/dadi-cli InferDFE --fs /groups/rgutenk/oliviafernflores/gene_ontology/GO_DFE_Inference/GO_0051179_SFS/0051179_dict_Mmd_FRA_Mmd_IRA_SFS_nsyn_unfolded.fs --cache2d /groups/rgutenk/oliviafernflores/IRA_FRA/mmd_FRA_mmd_IRA_2d_cache.bpkl --pdf2d biv_ind_gamma --p0 1 1 1 1 .5 --lbounds 0.010 0.010 0.01 0.01 0 --ubounds 100 1000 100 1000 0.999 --demo-popt /groups/rgutenk/oliviafernflores/IRA_FRA/demo_results/IRA_FRA_im_pre_inbreeding_demo_fits_combined.txt --ratio 2.4 --output /groups/rgutenk/oliviafernflores/gene_ontology/GO_DFE_Inference/GO_0051179_SFS/mmd_FRA_mmd_IRA_2d_biv_ind_gamma_asymmetric_DFE_0051179 --optimizations 20 --maxeval 400 --check-convergence 10
# Log(likelihood)	shape1	scale1	shape2	scale2	misid	theta
-9616.316785848312	1.1804307675158061	8.324818986140327	37.211373600420266	1.8186131465288886	0.04058956523993855	22091.2144245875
-7963.068532589529	1.181441869673906	1.9919192344260384	39.88918256816634	12.51814782878794	0.04127818560716833	22091.2144245875
-7730.185760338544	1.3165643850701783	1.255180407500982	29.326694646439634	32.54462663446721	0.03515079865472315	22091.2144245875
-7989.810184373033	1.3820900779165675	1.220236036705538	26.448791759091492	30.02084593463085	0.02771573425821772	22091.2144245875
-7978.823118475202	1.2148297384448328	1.757353412525145	34.618122132702254	16.072267953464657	0.03515801142168908	22091.2144245875
-7625.274945115003	1.2584321518839363	1.2525703346955046	31.592840657111566	31.6703714324636	0.03799276095801405	22091.2144245875
-7607.345498400395	1.1775272113800106	1.576700910445376	38.89286075906611	20.688551806668464	0.03381005593875981	22091.2144245875
-7528.143350850964	1.2315427822684148	1.2554220650245247	34.801792132425504	29.50946719493233	0.03008248640532025	22091.2144245875
-7732.696038785092	1.1202097910863913	1.9045091136597239	45.8905135163297	13.00205147119922	0.028950112638247275	22091.2144245875
-7201.848092836782	1.1789009297846533	1.1616160476532231	39.02059260887815	36.56568277361104	0.03444803683518562	22091.2144245875
-7184.140976847132	1.130042479143274	1.2058649626392313	41.043649356364156	33.8399163835305	0.03609959125875181	22091.2144245875
-7154.4024647893875	1.1076805270727537	1.3853141662529513	48.56484186494532	24.63163106755811	0.033664914674629835	22091.2144245875
-8084.8691867482285	1.16637737050761	2.009458122773248	38.32346680720449	12.154252941389997	0.01912988384086052	22091.2144245875
-6862.7808969729995	1.022260447661192	1.2241398074778242	57.959770337106896	28.525697845505608	0.041656472679587477	22091.2144245875
-7431.321194737802	1.1522989203242389	1.5221981964337605	43.656799039195576	20.791596473775307	0.040072570237988284	22091.2144245875
-7040.347448017408	0.9681389888470735	1.7609885879682192	69.27280678176704	15.475394930121347	0.041869424654252425	22091.2144245875
-7972.636764812629	1.281283944367377	1.58411321202057	32.78727037139261	18.394781189222034	0.035359810380315784	22091.2144245875
-6635.4912901024045	1.0751906245589224	1.0431811552045087	51.72776526536532	48.04773946202307	0.031950194097061166	22091.2144245875
-7580.045027984669	0.9683269874202642	2.5252671304749046	67.37024272057083	8.286680324801019	0.03471560019907701	22091.2144245875
-6311.130648198523	0.9099725730199028	1.3694735642671636	99.99050839579938	25.457457439979766	0.05972428753460208	22091.2144245875
