# /home/u2/oliviafernflores/miniconda3/bin/dadi-cli InferDFE --fs /groups/rgutenk/oliviafernflores/gene_ontology/GO_DFE_Inference/GO_0051179_SFS/0051179_dict_Mmd_FRA_Mmd_IRA_SFS_nsyn_unfolded.fs --cache2d /groups/rgutenk/oliviafernflores/IRA_FRA/mmd_FRA_mmd_IRA_2d_cache.bpkl --pdf2d biv_ind_gamma --p0 1 1 .5 --lbounds 0.010 0.010 0 --ubounds 100 1000 0.999 --demo-popt /groups/rgutenk/oliviafernflores/IRA_FRA/demo_results/IRA_FRA_im_pre_inbreeding_demo_fits_combined.txt --ratio 2.4 --output /groups/rgutenk/oliviafernflores/gene_ontology/GO_DFE_Inference/GO_0051179_SFS/mmd_FRA_mmd_IRA_2d_biv_ind_gamma_symmetric_DFE_0051179 --optimizations 20 --maxeval 400 --check-convergence 10
# Log(likelihood)	shape	scale	misid	theta
-6147.1792921360475	0.8421820347793574	76.14395076004617	0.04143314840085573	22091.2144245875
-6134.171334864664	0.9561209104139017	68.13411314314102	0.0376537123438435	22091.2144245875
-5370.358010240925	0.8062763539750158	115.95332544410577	0.03208087335531672	22091.2144245875
-6146.475598151217	0.9600927329297296	67.51841863952743	0.0303338900167301	22091.2144245875
-6190.31521154134	0.9844765595587273	66.32293407268614	0.03662233985833269	22091.2144245875
-4903.089912635171	0.7147049136789264	175.61963127983057	0.027651687811622788	22091.2144245875
-5127.950426481204	0.7107801768233788	152.53868109960484	0.015395963995821254	22091.2144245875
-5590.133391205462	0.845240948244529	97.95984300031407	0.030770977580218586	22091.2144245875
-5748.519339056396	0.8773341103112724	87.66508716719571	0.0253159934871197	22091.2144245875
-5276.57453473512	0.7888550832306581	125.14618962178409	0.03066052752609261	22091.2144245875
-5323.166857453071	0.7967925579130187	120.42124483749933	0.029615880174176643	22091.2144245875
-4694.3716913495045	0.6753202611732153	218.61487096040483	0.028385255210624908	22091.2144245875
-4987.447404944716	0.7262183666303628	162.53603228432738	0.03559189062787709	22091.2144245875
-4769.204945062755	0.6688780299173955	206.36112102608115	0.03678230730121038	22091.2144245875
-4760.723726192284	0.7009086280636692	207.89560615286837	0.03689261819506684	22091.2144245875
-4952.5564745264755	0.7221028743138471	168.2223424014081	0.037078604653779774	22091.2144245875
-4786.622721800408	0.6935632853280729	197.81578393276567	0.029147152785810856	22091.2144245875
-4615.59398775581	0.6600237854080192	239.14947285137137	0.02818272250304833	22091.2144245875
-4202.892716613362	0.5772293758694403	416.39357403338363	0.026923771940323093	22091.2144245875
-4226.893728958283	0.5826017744698162	401.372021818479	0.02680958969052568	22091.2144245875
