# /home/u2/oliviafernflores/miniconda3/bin/dadi-cli InferDFE --fs /groups/rgutenk/oliviafernflores/gene_ontology/GO_DFE_Inference/GO_0051179_SFS/0051179_dict_Mmd_FRA_Mmd_IRA_SFS_nsyn_unfolded.fs --cache2d /groups/rgutenk/oliviafernflores/IRA_FRA/mmd_FRA_mmd_IRA_2d_cache.bpkl --pdf2d biv_lognormal --p0 1 1 .5 .5 --lbounds -10 0.01 0.001 0 --ubounds 10 10 0.999 0.5 --demo-popt /groups/rgutenk/oliviafernflores/IRA_FRA/demo_results/IRA_FRA_im_pre_inbreeding_demo_fits_combined.txt --ratio 2.4 --output /groups/rgutenk/oliviafernflores/gene_ontology/GO_DFE_Inference/GO_0051179_SFS/mmd_FRA_mmd_IRA_2d_biv_lognormal_DFE_0051179 --optimizations 15 --maxeval 400 --check-convergence 10
# Log(likelihood)	log_mu	log_sigma	rho	misid	theta
-6215.368322667011	1.1237933837780076	0.0630194898049769	0.4575377650907344	0.4949573686479877	22091.2144245875
-565.4040742181978	10.0	5.260996176121105	0.9985612160180672	0.012937061482863325	22091.2144245875
-565.4040684781876	10.0	5.261051998244048	0.9985641482435832	0.012939554289936685	22091.2144245875
-565.4040450594592	10.0	5.260946800750013	0.9985685687110084	0.012946696022023571	22091.2144245875
-565.4041033312511	10.0	5.26077176386679	0.9985732971937793	0.012951058340085001	22091.2144245875
-565.4040688498818	10.0	5.260921912081635	0.9985604379698133	0.012946778111895969	22091.2144245875
-569.7305174333192	10.0	5.2629912123731115	0.998612759265346	0.007804831158227578	22091.2144245875
-565.4129244194839	10.0	5.26114567200839	0.9985666447973082	0.013202112999477215	22091.2144245875
-565.4928808401121	10.0	5.255324819349209	0.9985560744724303	0.013492147847586263	22091.2144245875
-565.50806801855	10.0	5.263565569887319	0.9985759301269076	0.012123279869724795	22091.2144245875
