# /home/u2/oliviafernflores/miniconda3/bin/dadi-cli InferDFE --fs /groups/rgutenk/oliviafernflores/gene_ontology/GO_DFE_Inference/GO_0032502_SFS/0032502_dict_Mmd_FRA_Mmd_IRA_SFS_nsyn_unfolded.fs --cache2d /groups/rgutenk/oliviafernflores/IRA_FRA/mmd_FRA_mmd_IRA_2d_cache.bpkl --pdf2d biv_lognormal --p0 1 1 .5 .5 --lbounds -10 0.01 0.001 0 --ubounds 10 10 0.999 0.5 --demo-popt /groups/rgutenk/oliviafernflores/IRA_FRA/demo_results/IRA_FRA_im_pre_inbreeding_demo_fits_combined.txt --ratio 2.4 --output /groups/rgutenk/oliviafernflores/gene_ontology/GO_DFE_Inference/GO_0032502_SFS/mmd_FRA_mmd_IRA_2d_biv_lognormal_DFE_0032502 --optimizations 15 --maxeval 400 --check-convergence 10
# Log(likelihood)	log_mu	log_sigma	rho	misid	theta
-540.8003171156079	10.0	5.43061230253981	0.9987578866706541	0.01354109989055406	22091.2144245875
-540.8003115421388	10.0	5.430645237136267	0.9987565157684596	0.013545922698700766	22091.2144245875
-540.8004153641768	10.0	5.430406037197732	0.9987596186374731	0.013534510434148607	22091.2144245875
-540.8003149655167	10.0	5.430600659793699	0.9987557098395596	0.013544507689444802	22091.2144245875
-540.8003444761381	10.0	5.430670329752923	0.9987600661172199	0.01355741207958501	22091.2144245875
-540.8003287050349	10.0	5.430580464531579	0.9987541783298275	0.013552431035756483	22091.2144245875
-540.8003117757698	10.0	5.430652197666803	0.9987563993695572	0.013545078633482416	22091.2144245875
-540.8005313895947	10.0	5.43065544404713	0.9987556660717393	0.013584874587009334	22091.2144245875
-540.8432360231261	10.0	5.431289238069967	0.9987534191568826	0.013005111073720795	22091.2144245875
-540.8005083758546	10.0	5.430571457395281	0.9987530357107189	0.013510828470729933	22091.2144245875
