# /home/u2/oliviafernflores/miniconda3/bin/dadi-cli InferDFE --fs /groups/rgutenk/oliviafernflores/gene_ontology/GO_DFE_Inference/GO_0032502_SFS/0032502_dict_Mmd_FRA_Mmd_IRA_SFS_nsyn_unfolded.fs --cache2d /groups/rgutenk/oliviafernflores/IRA_FRA/mmd_FRA_mmd_IRA_2d_cache.bpkl --pdf2d biv_lognormal --p0 1 1 1 1 .5 .5 --lbounds -10 -10 0.01 0.01 0.001 0 --ubounds 10 10 10 10 0.999 0.5 --demo-popt /groups/rgutenk/oliviafernflores/IRA_FRA/demo_results/IRA_FRA_im_pre_inbreeding_demo_fits_combined.txt --ratio 2.4 --output /groups/rgutenk/oliviafernflores/gene_ontology/GO_DFE_Inference/GO_0032502_SFS/mmd_FRA_mmd_IRA_2d_biv_lognormal_asymmetric_DFE_0032502 --optimizations 15 --maxeval 400 --check-convergence 10
# Log(likelihood)	log_mu1	log_sigma1	log_mu2	log_sigma2	rho	misid	theta
-6304.118522872604	1.1064643686562046	1.8183539854185211	0.05328951295500693	0.6754576479764888	0.82821321317932	0.49524422538583646	22091.2144245875
-4987.73844447735	8.872467564253444	5.121501371991319	4.663563001136188	2.2191787890422248	0.999	0.49334898300468516	22091.2144245875
-5510.816082826465	7.095375076188269	3.6499435418776076	3.505644983340203	1.2150681113411745	0.999	0.4792842609077072	22091.2144245875
-11628.59481223634	2.2305518321520847	1.1569985387223167	0.03554488213314709	1.3259681446508391	0.3414757913716225	0.4672642914754233	22091.2144245875
-5600.362696433719	4.735221415460009	9.999292250038051	2.1762347355121774	5.530069713473005	0.9788442653666177	0.4869555078578465	22091.2144245875
-5326.60535620376	4.877213898920259	5.9040721156334115	2.5071628920593496	2.579699705789671	0.999	0.48962277116386443	22091.2144245875
-5263.3054551244495	6.214748568699634	10.0	3.034908973188707	5.945780371593799	0.8907366555492333	0.49530691371166796	22091.2144245875
-4779.7684851498125	8.303760850540824	6.548701171816656	4.368062146493154	3.1643018947879327	0.999	0.4844029768965074	22091.2144245875
-1466.5936473873835	3.0598810928018794	3.267835189350296	1.4255921429778862	1.4830171669815644	0.999	0.15556462096429072	22091.2144245875
-626.432818925074	9.729703223362097	6.526394962604545	5.211002690834884	3.140486361944842	0.999	0.019697765105437512	22091.2144245875
-600.751935969699	9.994165123231676	6.658779014293608	5.429253796768253	3.2056974831889296	0.999	0.013127923558592214	22091.2144245875
-538.5966241238294	10.0	10.0	5.4831764859470224	5.358500595160872	0.999	0.012927939026570794	22091.2144245875
-538.5590096054834	10.0	10.0	5.47832015966083	5.365857764120621	0.999	0.013235921411293728	22091.2144245875
-4431.650739697577	10.0	10.0	5.491204954058449	5.473518232302797	0.9712638465371646	0.4701394736944924	22091.2144245875
-3635.182781976905	9.704469774874477	7.664789931364868	5.235533953966528	3.827906036436243	0.999	0.40344985048380877	22091.2144245875
