# /home/u2/oliviafernflores/miniconda3/bin/dadi-cli InferDFE --fs /groups/rgutenk/oliviafernflores/gene_ontology/GO_DFE_Inference/GO_0032502_SFS/0032502_dict_Mmd_FRA_Mmd_IRA_SFS_nsyn_unfolded.fs --cache2d /groups/rgutenk/oliviafernflores/IRA_FRA/mmd_FRA_mmd_IRA_2d_cache.bpkl --pdf2d biv_ind_gamma --p0 1 1 .5 --lbounds 0.010 0.010 0 --ubounds 100 1000 0.999 --demo-popt /groups/rgutenk/oliviafernflores/IRA_FRA/demo_results/IRA_FRA_im_pre_inbreeding_demo_fits_combined.txt --ratio 2.4 --output /groups/rgutenk/oliviafernflores/gene_ontology/GO_DFE_Inference/GO_0032502_SFS/mmd_FRA_mmd_IRA_2d_biv_ind_gamma_symmetric_DFE_0032502 --optimizations 20 --maxeval 400 --check-convergence 10
# Log(likelihood)	shape	scale	misid	theta
-6187.5783321238705	0.8777213757193542	75.10095118699341	0.031413029339266825	22091.2144245875
-5863.554331455685	0.7454035623690536	111.45685878544396	0.08680600554421422	22091.2144245875
-6684.472373628754	0.9442614733364308	56.08441473430203	0.034137649729037337	22091.2144245875
-5290.724869774387	0.7131539125590965	149.84659404173763	0.029474773174628478	22091.2144245875
-5189.090936188121	0.701978620803467	165.70911685864007	0.03162756468439493	22091.2144245875
-5575.157781621714	0.7657612946832751	117.13583641350698	0.03039549218900863	22091.2144245875
-5436.788906347584	0.7159634749579328	138.61487091896117	0.05572277879544267	22091.2144245875
-6062.390092817088	0.8543054191411373	81.61946524626855	0.030938088353545643	22091.2144245875
-4900.101913994136	0.6408843795706257	223.5314771100965	0.028794635001588926	22091.2144245875
-5465.5013751601455	0.7441904872372863	128.33304676152645	0.029775670177037274	22091.2144245875
-5001.4747728925095	0.6542769205168055	200.18461968551665	0.029510411690226317	22091.2144245875
-4936.604598094786	0.647268748137636	214.5189940918851	0.02851145830347484	22091.2144245875
-5126.257248446016	0.6827735242371438	175.54387684039904	0.029185033957230187	22091.2144245875
-4801.237737433905	0.6261519952262087	262.8638346621008	0.046993263904909564	22091.2144245875
-4575.0503959499	0.5776180019427043	338.8207499370977	0.03276440710726315	22091.2144245875
-4691.38523056753	0.6012475123436631	288.1882733776193	0.02780500897641856	22091.2144245875
-4543.689802745737	0.5679743772552295	354.1996817182608	0.029991540622507216	22091.2144245875
-4325.964403255416	0.5301937193214135	496.38945708124504	0.02683076167969122	22091.2144245875
-4485.135842786563	0.5625147053155886	384.9370753701798	0.028156191659573906	22091.2144245875
-4213.794402658111	0.5078774164583972	605.2307057342133	0.026591702034167646	22091.2144245875
