# /home/u2/oliviafernflores/miniconda3/bin/dadi-cli InferDFE --fs /groups/rgutenk/oliviafernflores/gene_ontology/GO_DFE_Inference/GO_0032502_SFS/0032502_dict_Mmd_FRA_Mmd_IRA_SFS_nsyn_unfolded.fs --cache1d /groups/rgutenk/oliviafernflores/IRA_FRA/mmd_FRA_mmd_IRA_1d_cache.bpkl --pdf2d gamma --p0 1 1 .5 --lbounds 0.010 0.010 0 --ubounds 100 1000 0.999 --demo-popt /groups/rgutenk/oliviafernflores/IRA_FRA/demo_results/IRA_FRA_im_pre_inbreeding_demo_fits_combined.txt --ratio 2.4 --output /groups/rgutenk/oliviafernflores/gene_ontology/GO_DFE_Inference/GO_0032502_SFS/mmd_FRA_mmd_IRA_2d_gamma_DFE_0032502 --optimizations 20 --maxeval 400 --check-convergence 10
# Log(likelihood)	shape	scale	misid	theta
-4221.138646705371	1.3383184283595784	35.3794858563492	0.025338413711130367	22091.2144245875
-2807.29931265042	1.0260057618888918	81.7431342767429	0.04350915725139543	22091.2144245875
-3330.980953576603	1.1341727646219217	56.501149047239664	0.02299892081537254	22091.2144245875
-2493.143088322722	0.9503588289589844	100.69536124937535	0.025126516395745608	22091.2144245875
-2558.56797972212	0.9216593246727589	98.50662325231157	0.02716272997926937	22091.2144245875
-2868.9194620818334	1.0332039857797408	76.44771338131746	0.015253778213172068	22091.2144245875
-2529.9338208824047	0.9594848994975576	97.69558372116127	0.022387442423172366	22091.2144245875
-2312.6498765597594	0.9060744651354489	117.2125267880271	0.021672133690598894	22091.2144245875
-2252.384882599828	0.8933735489819129	123.71512345926065	0.021841580840118776	22091.2144245875
-2066.390142814533	0.8487256976700691	152.15654372607514	0.009042595162524095	22091.2144245875
-1854.2969555997736	0.8012020193153112	185.91583356835022	0.020529195728145384	22091.2144245875
-1753.0220334858143	0.7766857858114096	209.9060160372232	0.020260031024410208	22091.2144245875
-1729.7073516734704	0.7709902248326019	216.13300942815482	0.019992921822568788	22091.2144245875
-1679.914021730055	0.7588401281094425	230.4644847237171	0.01993456827002187	22091.2144245875
-1809.08745456468	0.7940828219079953	196.3208417479019	0.022058122059699946	22091.2144245875
-2024.3112376417357	0.8407249428496568	154.3775272653797	0.020497302608002366	22091.2144245875
-1370.7969738723696	0.6777468701124673	522.8381378548231	0.013512664078097982	22091.2144245875
-1538.4550560488378	0.7232744155283938	280.75027842421804	0.020071811421580682	22091.2144245875
-1518.4602270257883	0.7181267810448653	289.2513334253701	0.019491086696402964	22091.2144245875
-1332.6461530702977	0.6695195976419838	393.4593065796967	0.018843205941656206	22091.2144245875
