# /home/u2/oliviafernflores/miniconda3/bin/dadi-cli InferDFE --fs /groups/rgutenk/oliviafernflores/gene_ontology/GO_DFE_Inference/GO_0032502_SFS/0032502_dict_Mmd_FRA_Mmd_IRA_SFS_nsyn_unfolded.fs --cache2d /groups/rgutenk/oliviafernflores/IRA_FRA/mmd_FRA_mmd_IRA_2d_cache.bpkl --pdf2d biv_ind_gamma --p0 1 1 1 1 .5 --lbounds 0.010 0.010 0.01 0.01 0 --ubounds 100 1000 100 1000 0.999 --demo-popt /groups/rgutenk/oliviafernflores/IRA_FRA/demo_results/IRA_FRA_im_pre_inbreeding_demo_fits_combined.txt --ratio 2.4 --output /groups/rgutenk/oliviafernflores/gene_ontology/GO_DFE_Inference/GO_0032502_SFS/mmd_FRA_mmd_IRA_2d_biv_ind_gamma_asymmetric_DFE_0032502 --optimizations 20 --maxeval 400 --check-convergence 10
# Log(likelihood)	shape1	scale1	shape2	scale2	misid	theta
-8306.171656388511	1.056728570153383	2.4683723438522316	51.54993676379261	7.685356815781004	0.08310768495593925	22091.2144245875
-8596.179918335973	1.278156961271965	1.6960067582753353	28.019533681572774	14.709469332168876	0.033688019148729695	22091.2144245875
-9946.343690782369	1.3210828780740278	2.4928292173347146	19.220272331759933	7.822654532000483	0.04969867824831916	22091.2144245875
-9340.25996746186	1.5504871259098574	1.6711738643892868	18.021375828136517	16.367602394515046	0.03724915305584785	22091.2144245875
-11776.045976440624	2.097983406301486	2.069334646202221	7.156217459975774	10.461843562161112	0.04296040177578304	22091.2144245875
-9206.761158058613	1.3337064961433411	2.1557932983184513	24.644780220498923	9.416184397806086	0.038813517706737424	22091.2144245875
-9456.94324071981	1.3496796001646076	2.5649231576539986	23.439126665935387	7.835571417487016	0.036417400199786246	22091.2144245875
-8041.976508138048	1.3680004480894605	0.9470689932854338	23.067387100289487	51.68749155066213	0.03803662191827854	22091.2144245875
-8584.293714008143	1.2024573016552416	2.0931339792618617	33.75295358426521	10.246963027119246	0.03573294042169985	22091.2144245875
-7563.222682840826	1.072347204433588	1.4571302116516829	45.993926815093126	20.175361341151476	0.033497705172017896	22091.2144245875
-9099.978317853454	1.488206842261987	1.4282304286030125	17.823326671617416	22.204555863993455	0.037488831180216065	22091.2144245875
-8441.119022074894	1.2562622841510882	1.8499327709204283	33.788366629014526	13.641308543521923	0.01799765208905792	22091.2144245875
-8317.898242739155	1.323270530548902	1.1858552409130165	23.94580752572348	30.891765346892957	0.024872720819326222	22091.2144245875
-7251.93678840133	1.0860391587017646	1.1909924150654245	47.6043442528822	29.52107462176621	0.03390931662872254	22091.2144245875
-7046.924943056332	1.0513004529123449	1.0873649281361863	49.30740239039089	37.03455922518998	0.03249113626267688	22091.2144245875
-6075.669082455886	0.8993255077130528	0.8367814780110853	79.50634214782241	73.04014319874528	0.03015013402937145	22091.2144245875
-6619.123871761808	0.9769260924189542	0.6934541305149213	53.53333509552674	91.85732524477363	0.05034293747104139	22091.2144245875
-5622.847185625513	0.8070538969096923	0.6313304458789307	100.0	142.10694444616115	0.0251635059508531	22091.2144245875
-6533.661849750037	1.018574946159766	0.8315142823830235	54.19115767245393	73.90948315279428	0.030370251293937757	22091.2144245875
-5904.9765004802175	0.9017463235667471	0.7905421121592704	98.811686989659	72.16011952276095	0.03408597964942662	22091.2144245875
