# /home/u2/oliviafernflores/miniconda3/bin/dadi-cli InferDFE --fs /groups/rgutenk/oliviafernflores/gene_ontology/GO_DFE_Inference/GO_0032501_SFS/0032501_dict_Mmd_FRA_Mmd_IRA_SFS_nsyn_unfolded.fs --cache2d /groups/rgutenk/oliviafernflores/IRA_FRA/mmd_FRA_mmd_IRA_2d_cache.bpkl --pdf2d biv_lognormal --p0 1 1 1 1 .5 .5 --lbounds -10 -10 0.01 0.01 0.001 0 --ubounds 10 10 10 10 0.999 0.5 --demo-popt /groups/rgutenk/oliviafernflores/IRA_FRA/demo_results/IRA_FRA_im_pre_inbreeding_demo_fits_combined.txt --ratio 2.4 --output /groups/rgutenk/oliviafernflores/gene_ontology/GO_DFE_Inference/GO_0032501_SFS/mmd_FRA_mmd_IRA_2d_biv_lognormal_asymmetric_DFE_0032501 --optimizations 15 --maxeval 400 --check-convergence 10
# Log(likelihood)	log_mu1	log_sigma1	log_mu2	log_sigma2	rho	misid	theta
-4179.16496348351	10.0	4.541614568296771	5.345585551835047	1.6126234313054177	0.999	0.49473867373059494	22091.2144245875
-3985.3357006174188	10.0	5.054596929457633	5.209072755134336	1.9170715094785036	0.999	0.4865984816233247	22091.2144245875
-3934.2473764410224	10.0	6.063235886235662	5.234088173520773	2.5341545658006965	0.999	0.4909922463753947	22091.2144245875
-3942.2560395629853	2.6135441031742572	2.4173669491639216	1.00367005721577	0.9432669261393108	0.999	0.4920277893026324	22091.2144245875
-4163.660627041161	10.0	5.489575062196759	5.526785375790471	2.1719411646524542	0.999	0.49999806615105324	22091.2144245875
-4032.09296641643	10.0	5.04676965971199	5.171141039490091	1.906643076573299	0.999	0.4908527533984089	22091.2144245875
-4134.623883981171	6.554405494909759	6.622372461930756	3.0569891301384997	2.9488190162215417	0.999	0.490508183936505	22091.2144245875
-1287.804975088076	6.673842621960357	4.6501744109520775	3.2614772416692306	1.5878348848655828	0.999	0.01741237172725719	22091.2144245875
-3945.8376850700097	8.504554819464714	8.744393781787851	4.190323179900418	4.247368970925042	0.999	0.49327523694278663	22091.2144245875
-911.3188495388224	8.6013790271275	5.235615730777622	4.210346199792185	2.061942281927061	0.9989930477531767	0.01940105787458539	22091.2144245875
-581.3287192791794	10.0	10.0	5.1126783620681495	4.963186757033667	0.999	0.013384216014246792	22091.2144245875
-3394.582947878942	10.0	10.0	5.210422992435285	5.099011012178964	0.999	0.4470626875180268	22091.2144245875
-581.3287187876088	10.0	10.0	5.112682504800764	4.963213626148133	0.999	0.013386179300992916	22091.2144245875
-581.3287193806085	10.0	10.0	5.112696429670891	4.963231259112331	0.999	0.013386352714427455	22091.2144245875
