# /home/u2/oliviafernflores/miniconda3/bin/dadi-cli InferDFE --fs /groups/rgutenk/oliviafernflores/gene_ontology/GO_DFE_Inference/GO_0032501_SFS/0032501_dict_Mmd_FRA_Mmd_IRA_SFS_nsyn_unfolded.fs --cache2d /groups/rgutenk/oliviafernflores/IRA_FRA/mmd_FRA_mmd_IRA_2d_cache.bpkl --pdf2d biv_ind_gamma --p0 1 1 1 1 .5 --lbounds 0.010 0.010 0.01 0.01 0 --ubounds 100 1000 100 1000 0.999 --demo-popt /groups/rgutenk/oliviafernflores/IRA_FRA/demo_results/IRA_FRA_im_pre_inbreeding_demo_fits_combined.txt --ratio 2.4 --output /groups/rgutenk/oliviafernflores/gene_ontology/GO_DFE_Inference/GO_0032501_SFS/mmd_FRA_mmd_IRA_2d_biv_ind_gamma_asymmetric_DFE_0032501 --optimizations 20 --maxeval 400 --check-convergence 10
# Log(likelihood)	shape1	scale1	shape2	scale2	misid	theta
-10255.416556661323	1.759867956555682	3.036927270977638	15.68936515998936	6.836446551685687	0.03817244014274723	22091.2144245875
-8190.6194906674355	1.3455573551280562	1.7567123708143597	32.93885449482628	16.046953896662703	0.045722469926627506	22091.2144245875
-8785.772148820399	1.5875972465880603	1.6807180539017756	20.766283771299626	19.392359936074506	0.028960508059416176	22091.2144245875
-7620.215671424514	1.1469890353650054	2.0135572761514875	49.828294662144934	14.48620139083694	0.0370656457307522	22091.2144245875
-8549.646137919099	1.2608523152723397	2.130603004865191	31.97254336918372	14.509744396079352	0.11794020132797783	22091.2144245875
-8480.878642490205	1.3741011722717555	2.0077500141210276	30.127711610681228	13.221033673900116	0.053371484532555795	22091.2144245875
-6635.922865124508	1.1265771727937302	1.1061575561659265	55.85886930682009	46.41727208868791	0.042855358745655964	22091.2144245875
-7337.970451561436	1.0561726826466717	1.8802769106196815	58.95741201177295	15.828970963042408	0.043406525120569604	22091.2144245875
-8041.893037379433	1.170244864335411	2.365491060434155	44.115206923685264	10.832424635754572	0.042594046568838514	22091.2144245875
-7290.430707151258	1.1774913186948104	1.5236475919973669	46.84894189133435	24.49026729715711	0.035549890785440845	22091.2144245875
-7841.399756778628	1.3823052764586692	1.3551436111662254	28.9653951902875	30.97404025527752	0.039258361306975645	22091.2144245875
-7219.018380239266	1.1608100885900732	1.5619845269629427	50.55752000780555	24.052482155601414	0.0526589729946795	22091.2144245875
-7632.655178984309	1.2673259848409069	1.5095886933958893	36.20663445021023	25.587618185549456	0.0387008428634269	22091.2144245875
-7002.420822833414	1.1749289399544254	1.259144997617735	46.92249982463658	37.43658400912491	0.024876664069519702	22091.2144245875
-7435.710192168977	1.074035806473055	1.8570979771780085	57.165714794253574	16.31418444827289	0.08336373029680763	22091.2144245875
-8727.841480859566	1.4478987171037998	1.976254527227387	23.2436075206154	18.07581257607884	0.03426847841467944	22091.2144245875
-7229.970366561928	1.2045127897598216	1.3487064792131915	42.58541004042774	32.098601159127085	0.03688164663060497	22091.2144245875
-6782.598126190053	0.9553007571824458	1.7624269219089357	89.2977343112594	17.19404926959337	0.04468591493065916	22091.2144245875
-6969.487096541362	1.1206284588526318	1.4691821703497796	58.62018180481022	25.73847157823522	0.029442168659446315	22091.2144245875
-6162.197351376155	0.9801051871430279	1.1464450016560466	85.90152819187222	43.65296789636795	0.03691842558314224	22091.2144245875
