# /home/u2/oliviafernflores/miniconda3/bin/dadi-cli InferDFE --fs /groups/rgutenk/oliviafernflores/gene_ontology/GO_DFE_Inference/GO_0032501_SFS/0032501_dict_Mmd_FRA_Mmd_IRA_SFS_nsyn_unfolded.fs --cache2d /groups/rgutenk/oliviafernflores/IRA_FRA/mmd_FRA_mmd_IRA_2d_cache.bpkl --pdf2d biv_ind_gamma --p0 1 1 .5 --lbounds 0.010 0.010 0 --ubounds 100 1000 0.999 --demo-popt /groups/rgutenk/oliviafernflores/IRA_FRA/demo_results/IRA_FRA_im_pre_inbreeding_demo_fits_combined.txt --ratio 2.4 --output /groups/rgutenk/oliviafernflores/gene_ontology/GO_DFE_Inference/GO_0032501_SFS/mmd_FRA_mmd_IRA_2d_biv_ind_gamma_symmetric_DFE_0032501 --optimizations 20 --maxeval 400 --check-convergence 10
# Log(likelihood)	shape	scale	misid	theta
-5142.630004338113	0.8103817025917447	146.16289021220987	0.032520732784308476	22091.2144245875
-5009.433940225205	0.7719641284137148	164.20900155387503	0.031120094864574954	22091.2144245875
-4992.829350543943	0.7673045396012027	166.87414660294323	0.029107186605681887	22091.2144245875
-5321.8876097911325	0.835615499021591	124.88900788823683	0.032348255026154724	22091.2144245875
-4830.344048125525	0.7359143021044829	195.84011410800335	0.03033768019314918	22091.2144245875
-4866.241854306773	0.7431418135895251	188.7981036259399	0.03125333902497429	22091.2144245875
-5315.856801609919	0.8343300861522449	125.50919478567302	0.03267327906000565	22091.2144245875
-4569.334987968151	0.6833159460387728	261.57255951133715	0.03027682436218075	22091.2144245875
-4812.442876093677	0.6682469720737185	234.85721725108286	0.07357582268469384	22091.2144245875
-4399.566014864969	0.6277083071371999	331.66653080812563	0.03286620582578652	22091.2144245875
-5222.414568502634	0.7946043519565434	137.27867095056868	0.027001274585521408	22091.2144245875
--	82.89509235365894	591.4513922076187	0.0	22091.2144245875
-4846.29543357807	0.741770172772148	193.64443727180378	0.02395273921314512	22091.2144245875
-4693.422696725666	0.7078179904701707	226.71153966514106	0.030581374148719843	22091.2144245875
-4593.590200829692	0.6849644902654188	254.4070652867242	0.027319284087257326	22091.2144245875
-4642.91473995271	0.6975523039787793	239.99141457904415	0.03021133516288722	22091.2144245875
-4381.924618514478	0.6433383972605677	331.9511786390044	0.029490639609498583	22091.2144245875
-4370.964938978017	0.6408234604740153	336.9400306572057	0.02977552747315328	22091.2144245875
-4214.7869036954135	0.608540381155755	421.95122918051453	0.0283266494939289	22091.2144245875
-3770.3350174513034	0.5120430020233401	951.3454024626009	0.027931156511873764	22091.2144245875
