# /home/u2/oliviafernflores/miniconda3/bin/dadi-cli InferDFE --fs /groups/rgutenk/oliviafernflores/gene_ontology/GO_DFE_Inference/GO_0032501_SFS/0032501_dict_Mmd_FRA_Mmd_IRA_SFS_nsyn_unfolded.fs --cache1d /groups/rgutenk/oliviafernflores/IRA_FRA/mmd_FRA_mmd_IRA_1d_cache.bpkl --pdf2d gamma --p0 1 1 .5 --lbounds 0.010 0.010 0 --ubounds 100 1000 0.999 --demo-popt /groups/rgutenk/oliviafernflores/IRA_FRA/demo_results/IRA_FRA_im_pre_inbreeding_demo_fits_combined.txt --ratio 2.4 --output /groups/rgutenk/oliviafernflores/gene_ontology/GO_DFE_Inference/GO_0032501_SFS/mmd_FRA_mmd_IRA_2d_gamma_DFE_0032501 --optimizations 20 --maxeval 400 --check-convergence 10
# Log(likelihood)	shape	scale	misid	theta
-2626.5516004950746	0.9777192952141842	102.7579061248112	0.0168858285307063	22091.2144245875
-3101.6069004278643	1.1435782197576527	68.94190967447354	0.02010739381469354	22091.2144245875
-2919.700896956677	1.1343657954033444	76.907150386602	0.024115107643609766	22091.2144245875
-3029.9754035207484	0.9961982440691491	85.1144866959107	0.014576132669575451	22091.2144245875
-2773.0976230426236	1.0775302378520712	87.72970893714768	0.00835645734237888	22091.2144245875
-2667.455623674773	1.0703625352384303	92.42608450013189	0.02301472731423813	22091.2144245875
-2178.3512461564947	0.8689796690056175	155.01353931456762	0.02541238744616195	22091.2144245875
-2200.5018699913535	0.9540242130166089	137.8143235918474	0.019717895892989026	22091.2144245875
-1869.2108852355245	0.8607779317276635	195.95357686848214	0.02299890163186232	22091.2144245875
-1685.5020209339837	0.8177685983149903	246.43976867843327	0.02090641850210349	22091.2144245875
-1970.424212779275	0.890248507808162	174.42252109732374	0.020821277256145677	22091.2144245875
-1855.4616498737214	0.8498381862972867	200.06228727832732	0.01980287956605266	22091.2144245875
-1659.303387836601	0.810424583555874	255.38566408932434	0.020016544271938184	22091.2144245875
-1758.771138103294	0.8371820640524762	223.8844913738804	0.021144720356284268	22091.2144245875
-1562.4182634734477	0.7833344449111596	293.5029943239911	0.019811581441375244	22091.2144245875
-1786.9281875551576	0.8448421362043315	216.0761708845175	0.020918586282194607	22091.2144245875
-1679.7304224776904	0.815658680000882	248.3567607864553	0.02041950340308799	22091.2144245875
-1122.3125015211967	0.6476100036676914	684.9476937394285	0.0202202234981706	22091.2144245875
-1256.9701497168467	0.6937395781032933	502.0196355596391	0.018548233210244354	22091.2144245875
-1102.191946172381	0.6433577613638248	719.6132558524542	0.017934540333673324	22091.2144245875
