# /home/u2/oliviafernflores/miniconda3/bin/dadi-cli InferDFE --fs /groups/rgutenk/oliviafernflores/gene_ontology/GO_DFE_Inference/GO_0032501_SFS/0032501_dict_Mmd_FRA_Mmd_IRA_SFS_nsyn_unfolded.fs --cache2d /groups/rgutenk/oliviafernflores/IRA_FRA/mmd_FRA_mmd_IRA_2d_cache.bpkl --pdf2d biv_lognormal --p0 1 1 .5 .5 --lbounds -10 0.01 0.001 0 --ubounds 10 10 0.999 0.5 --demo-popt /groups/rgutenk/oliviafernflores/IRA_FRA/demo_results/IRA_FRA_im_pre_inbreeding_demo_fits_combined.txt --ratio 2.4 --output /groups/rgutenk/oliviafernflores/gene_ontology/GO_DFE_Inference/GO_0032501_SFS/mmd_FRA_mmd_IRA_2d_biv_lognormal_DFE_0032501 --optimizations 15 --maxeval 400 --check-convergence 10
# Log(likelihood)	log_mu	log_sigma	rho	misid	theta
-588.7016288096809	10.0	5.05137987661786	0.9986371874114117	0.01396533426044164	22091.2144245875
-588.7008757588704	10.0	5.051117109618506	0.9986587573878514	0.0139295656043783	22091.2144245875
-588.7008763606393	10.0	5.051115495447662	0.9986592527430608	0.01392762973615128	22091.2144245875
-595.1257825799888	10.0	5.0532119561223485	0.9986641130953399	0.007157111692088508	22091.2144245875
-588.7641353890748	10.0	5.051657072476965	0.9986606329194867	0.013183037149328997	22091.2144245875
-716.5002316552626	8.597979741542941	4.252254431215917	0.9612991764431194	0.022279047642922333	22091.2144245875
-588.700875702528	10.0	5.051121709678749	0.9986591080627162	0.013930088293175073	22091.2144245875
-588.720770443211	10.0	5.04770280989488	0.9986564209501199	0.013937208169037046	22091.2144245875
-588.7214828267596	10.0	5.049763248623851	0.9986809117988839	0.013541344418014911	22091.2144245875
-588.7034663034995	10.0	5.051397850112178	0.998656796420552	0.013779922510668886	22091.2144245875
