# /home/u2/oliviafernflores/miniconda3/bin/dadi-cli InferDFE --fs /groups/rgutenk/oliviafernflores/gene_ontology/GO_DFE_Inference/GO_0048519_SFS/0048519_dict_Mmd_FRA_Mmd_IRA_SFS_nsyn_unfolded.fs --cache2d /groups/rgutenk/oliviafernflores/IRA_FRA/mmd_FRA_mmd_IRA_2d_cache.bpkl --pdf2d biv_ind_gamma --p0 1 1 1 1 .5 --lbounds 0.010 0.010 0.01 0.01 0 --ubounds 100 1000 100 1000 0.999 --demo-popt /groups/rgutenk/oliviafernflores/IRA_FRA/demo_results/IRA_FRA_im_pre_inbreeding_demo_fits_combined.txt --ratio 2.4 --output /groups/rgutenk/oliviafernflores/gene_ontology/GO_DFE_Inference/GO_0048519_SFS/mmd_FRA_mmd_IRA_2d_biv_ind_gamma_asymmetric_DFE_0048519 --optimizations 20 --maxeval 400 --check-convergence 10
# Log(likelihood)	shape1	scale1	shape2	scale2	misid	theta
-7110.760937310792	0.8268171847476042	1.593430363534808	91.70626168594112	15.085888019969907	0.06371133663507683	22091.2144245875
-7942.930996711156	1.15322216544245	1.6886671956521482	39.65187191659169	15.92500677437982	0.03806561542264403	22091.2144245875
-7776.864428637814	1.1766383289533624	1.4519552361724462	37.63753166684368	21.73159115427744	0.03718431806274986	22091.2144245875
-9546.66715851782	1.7023270278593565	1.4956723043615563	14.4911528722382	20.21724606030653	0.04095498551431471	22091.2144245875
-8773.584649284194	1.3820909991320378	1.6722141701539333	23.451596695842404	16.707766904774164	0.03448061945359441	22091.2144245875
-7897.910636421406	1.314389025337688	1.1055024628423722	26.82300726624596	39.408541592832954	0.036280525558866135	22091.2144245875
-7693.311725918446	1.118217656099512	1.5635058978860343	42.55380138700304	19.078204324280243	0.036062722874005415	22091.2144245875
-8020.4778977493625	1.2990230978690205	1.2637246214862614	28.5675188472688	28.533976095690438	0.0422360695602847	22091.2144245875
-10105.50623753502	1.8221449697359964	1.5882012261188858	11.724667228859389	17.684587299629495	0.03281409034360219	22091.2144245875
-8157.771778437087	1.2613877450032163	1.435761845948346	28.753869976515592	23.414823461760253	0.03751630408115187	22091.2144245875
-7388.646233953148	1.119395495946403	1.2969442790184378	43.01513103344055	28.13409663052484	0.034295996850987324	22091.2144245875
-8872.792670392026	1.269013546065589	2.3383306381163464	30.062638760727868	8.99908850582239	0.038395873792740426	22091.2144245875
-8671.56546254085	1.2265231131114411	2.316970359480537	33.83312839237246	9.093426370354734	0.04381759838967218	22091.2144245875
-7061.5068866825	0.9892931967012271	1.4925875206067958	67.91476639451747	19.413928766413967	0.03510064979294933	22091.2144245875
-6900.145562855283	1.003644750593675	1.2355347756379802	59.44424288940005	30.159187701669396	0.034837515373281856	22091.2144245875
-7771.0270986765245	1.1390453088386452	1.5697611996232057	41.1796084231655	18.379774860211697	0.03411327110741891	22091.2144245875
-7305.3975354230915	1.0894883593516989	1.0706800982745472	42.74876763451302	35.49725904989697	0.028323224127750096	22091.2144245875
-6645.105296000816	0.9696683099680949	1.1584642866853756	68.17954174093563	34.29783856815898	0.0354008155806252	22091.2144245875
-8059.029436636012	1.445289253941196	0.9315922236981364	20.843579799917322	62.1621631710566	0.03630269603881002	22091.2144245875
-7139.535825459421	0.9733374728446972	1.5157549399085197	62.799678771998174	19.98380620541756	0.04478513926693204	22091.2144245875
