# /home/u2/oliviafernflores/miniconda3/bin/dadi-cli InferDFE --fs /groups/rgutenk/oliviafernflores/gene_ontology/GO_DFE_Inference/GO_0048519_SFS/0048519_dict_Mmd_FRA_Mmd_IRA_SFS_nsyn_unfolded.fs --cache2d /groups/rgutenk/oliviafernflores/IRA_FRA/mmd_FRA_mmd_IRA_2d_cache.bpkl --pdf2d biv_lognormal --p0 1 1 1 1 .5 .5 --lbounds -10 -10 0.01 0.01 0.001 0 --ubounds 10 10 10 10 0.999 0.5 --demo-popt /groups/rgutenk/oliviafernflores/IRA_FRA/demo_results/IRA_FRA_im_pre_inbreeding_demo_fits_combined.txt --ratio 2.4 --output /groups/rgutenk/oliviafernflores/gene_ontology/GO_DFE_Inference/GO_0048519_SFS/mmd_FRA_mmd_IRA_2d_biv_lognormal_asymmetric_DFE_0048519 --optimizations 15 --maxeval 400 --check-convergence 10
# Log(likelihood)	log_mu1	log_sigma1	log_mu2	log_sigma2	rho	misid	theta
-13205.876481010017	2.2376113471907835	2.9254607382376907	0.04095734470699183	0.9839198609932127	0.5841245124218253	0.49518222183442523	22091.2144245875
-6374.38210637791	6.338646346719709	3.2506476140358505	3.020186825750346	0.70065528568209	0.999	0.4931470333913409	22091.2144245875
-6795.606598635384	5.241141030310123	3.597375449777699	2.1778903918630266	0.973177753669793	0.999	0.496389270144497	22091.2144245875
-3910.295567174534	8.143105926566836	3.2447701768558086	4.131456381879527	0.8788893094927128	0.999	0.34958378618506336	22091.2144245875
-699.9444267413826	9.891075651724913	5.5807700123794035	5.236524073124873	2.4688946980657223	0.999	0.016526786142429743	22091.2144245875
-5450.625640542328	9.918783417258163	2.9954498895029253	5.3696911483757015	0.7238667742864885	0.5333753684072114	0.344147421459524	22091.2144245875
--	-10.0	-10.0	10.0	0.01	0.9990000000000001	0.06784473275525489	22091.2144245875
-1294.146490863889	5.543725088379364	8.769323590489304	2.6406894288408638	4.524425819700568	0.999	0.06540561017993056	22091.2144245875
-537.7416071594657	10.0	10.0	5.391132230328051	5.250995717033754	0.999	0.013583674591528821	22091.2144245875
-537.7376665428178	10.0	10.0	5.391584374928348	5.2519606195863	0.999	0.013728619464447584	22091.2144245875
-537.7358529614334	10.0	10.0	5.391923000523046	5.2503326434878295	0.999	0.013765340057874748	22091.2144245875
