# /home/u2/oliviafernflores/miniconda3/bin/dadi-cli InferDFE --fs /groups/rgutenk/oliviafernflores/gene_ontology/GO_DFE_Inference/GO_0048519_SFS/0048519_dict_Mmd_FRA_Mmd_IRA_SFS_nsyn_unfolded.fs --cache2d /groups/rgutenk/oliviafernflores/IRA_FRA/mmd_FRA_mmd_IRA_2d_cache.bpkl --pdf2d biv_lognormal --p0 1 1 .5 .5 --lbounds -10 0.01 0.001 0 --ubounds 10 10 0.999 0.5 --demo-popt /groups/rgutenk/oliviafernflores/IRA_FRA/demo_results/IRA_FRA_im_pre_inbreeding_demo_fits_combined.txt --ratio 2.4 --output /groups/rgutenk/oliviafernflores/gene_ontology/GO_DFE_Inference/GO_0048519_SFS/mmd_FRA_mmd_IRA_2d_biv_lognormal_DFE_0048519 --optimizations 15 --maxeval 400 --check-convergence 10
# Log(likelihood)	log_mu	log_sigma	rho	misid	theta
-542.2369760059719	10.0	5.332930807406309	0.9987413396363057	0.014225620726317027	22091.2144245875
-542.2367632998379	10.0	5.332999308518154	0.998748709755064	0.014195383322631492	22091.2144245875
-542.2437230500198	10.0	5.333170851429638	0.9987553434392951	0.013970351554188833	22091.2144245875
-542.3277750859636	10.0	5.332458549222225	0.9987532914024119	0.013395201230111098	22091.2144245875
-542.2367597441068	10.0	5.333045320738919	0.9987478526248205	0.014192730522591616	22091.2144245875
-561.8625571556411	10.0	5.33727305210667	0.9986549601423397	0.004371705555959869	22091.2144245875
-708.8627691146942	7.983960756892404	4.079867405946991	0.9863979270561939	0.01914729902373718	22091.2144245875
-542.2572152794381	10.0	5.329407878302242	0.9987801863909456	0.014169050093493835	22091.2144245875
--	10.0	0.01	0.999	0.0	22091.2144245875
-542.2367927543087	10.0	5.333051397457678	0.9987423269319563	0.014196097090257367	22091.2144245875
