# /home/u2/oliviafernflores/miniconda3/bin/dadi-cli InferDFE --fs /groups/rgutenk/oliviafernflores/gene_ontology/GO_DFE_Inference/GO_0048519_SFS/0048519_dict_Mmd_FRA_Mmd_IRA_SFS_nsyn_unfolded.fs --cache2d /groups/rgutenk/oliviafernflores/IRA_FRA/mmd_FRA_mmd_IRA_2d_cache.bpkl --pdf2d biv_ind_gamma --p0 1 1 .5 --lbounds 0.010 0.010 0 --ubounds 100 1000 0.999 --demo-popt /groups/rgutenk/oliviafernflores/IRA_FRA/demo_results/IRA_FRA_im_pre_inbreeding_demo_fits_combined.txt --ratio 2.4 --output /groups/rgutenk/oliviafernflores/gene_ontology/GO_DFE_Inference/GO_0048519_SFS/mmd_FRA_mmd_IRA_2d_biv_ind_gamma_symmetric_DFE_0048519 --optimizations 20 --maxeval 400 --check-convergence 10
# Log(likelihood)	shape	scale	misid	theta
-6056.137584154931	0.9039967748614662	79.54789883682616	0.038021185325654065	22091.2144245875
-6166.33694785339	0.9032860629237851	73.44371195691377	0.036013939532303675	22091.2144245875
-6829.659781554001	1.0405495404960117	49.98767932857519	0.03981811423280457	22091.2144245875
-5868.867993487693	0.8499134697923655	89.49565675727656	0.03090084296526921	22091.2144245875
-6140.963103282155	0.9087862256267202	74.9823431966242	0.023596451658670855	22091.2144245875
-5549.569797151943	0.7925577406464863	113.53417399817833	0.030106399363245693	22091.2144245875
-5678.123680023243	0.8174689529298697	102.83818391123533	0.028784534297887684	22091.2144245875
-5409.104155587176	0.7644829131091365	127.32643882199407	0.030289653547159665	22091.2144245875
-5858.106539363484	0.8497813849678715	90.16503709508768	0.03130871348985451	22091.2144245875
-5006.240090997058	0.6929073619568006	184.73422205493304	0.02954735917209152	22091.2144245875
-5421.799441198876	0.7682885337405291	125.96532845404622	0.030091577424471154	22091.2144245875
-5254.598963279193	0.7377636888630945	145.61360345446278	0.02947042901638588	22091.2144245875
-4963.670666362556	0.682784495318227	192.9746933217702	0.029062792998906874	22091.2144245875
-6455.702544912887	0.962330225131599	61.767282956194734	0.02358508548437669	22091.2144245875
-5043.941285381366	0.6983970729618204	178.50656449631447	0.03593331417893761	22091.2144245875
-5052.507888817025	0.6999109023376108	176.29229721832516	0.02862808220238489	22091.2144245875
-4673.053062285251	0.62737682203334	268.4822320823753	0.028376456899036076	22091.2144245875
-4600.470845807968	0.6129367196408165	294.4375242296864	0.028260950664592572	22091.2144245875
-4360.454595858893	0.5749103027373701	420.76600288447725	0.02734655504607504	22091.2144245875
-4219.9762160280325	0.5377348543975988	519.8356835517275	0.02718277103769113	22091.2144245875
