# /home/u2/oliviafernflores/miniconda3/bin/dadi-cli InferDFE --fs /groups/rgutenk/oliviafernflores/gene_ontology/GO_DFE_Inference/GO_0048519_SFS/0048519_dict_Mmd_FRA_Mmd_IRA_SFS_nsyn_unfolded.fs --cache1d /groups/rgutenk/oliviafernflores/IRA_FRA/mmd_FRA_mmd_IRA_1d_cache.bpkl --pdf2d gamma --p0 1 1 .5 --lbounds 0.010 0.010 0 --ubounds 100 1000 0.999 --demo-popt /groups/rgutenk/oliviafernflores/IRA_FRA/demo_results/IRA_FRA_im_pre_inbreeding_demo_fits_combined.txt --ratio 2.4 --output /groups/rgutenk/oliviafernflores/gene_ontology/GO_DFE_Inference/GO_0048519_SFS/mmd_FRA_mmd_IRA_2d_gamma_DFE_0048519 --optimizations 20 --maxeval 400 --check-convergence 10
# Log(likelihood)	shape	scale	misid	theta
-2449.249677694619	0.9596103695498521	103.78032495715307	0.02242055742638707	22091.2144245875
-2938.6385033551887	1.070171549747126	72.20352718636644	0.022631578564319643	22091.2144245875
-3260.0313709574293	1.149093070888946	58.818672011574726	0.024878915792395706	22091.2144245875
-2425.107676913768	0.9057776400862201	111.24983372826985	0.012889966674525275	22091.2144245875
-2589.379171864157	0.9944083849912682	92.80376244788849	0.022696707449554262	22091.2144245875
-2172.271469817796	0.8979500543243885	132.4100421280572	0.02156522758526692	22091.2144245875
-2261.6748817151247	0.9187517145798388	121.9343893957557	0.02113579457316561	22091.2144245875
-1653.8948758367949	0.7698044803381532	236.0135988238732	0.020106154869619423	22091.2144245875
-2181.469966357933	0.8993373809752445	131.26926169688556	0.02134304058298901	22091.2144245875
-1790.3824953366175	0.7751857797341561	205.90366337663983	0.015151335301136222	22091.2144245875
-1473.5924961533904	0.7245089560922867	305.8902060720168	0.019290030049324294	22091.2144245875
-2031.9739601101915	0.8648449429537522	151.99668614942934	0.021314085022792025	22091.2144245875
-1569.9393709885162	0.7072729386269149	295.88097947736225	0.0417957624250127	22091.2144245875
-1402.9147895650658	0.7072595284999822	345.59370581433376	0.02556931151150527	22091.2144245875
-1685.7336189788025	0.7795959035352672	226.2947356773284	0.02025331358282942	22091.2144245875
-1580.901150999684	0.7528836228581172	260.82525369898104	0.019933707410224728	22091.2144245875
-1469.7586027583152	0.7236987014756534	307.98940779114247	0.017510104042944365	22091.2144245875
-1398.891237795732	0.7045917243860421	345.2179366140179	0.019725052436154238	22091.2144245875
-1660.2973209098118	0.7706433187731577	234.06409694394605	0.02015095345577948	22091.2144245875
-1596.5386892832296	0.7572822565589213	255.15852343390284	0.019870773490634253	22091.2144245875
