-2185.8699015564657	8.308737358844342	29.946441318575786	0.13002572626507608	75280.45239451427
-3154.4327705442174	0.01	0.10270900478192369	0.1725976679655884	75280.45239451427
-2274.809362134384	5.725521203951132	19.292497681798938	0.13260478544809917	75280.45239451427
-2279.6487267275743	5.771849141880121	18.888885093494057	0.13236379813035157	75280.45239451427
-3154.432771572706	0.01	0.10270888295447145	0.17260008985890604	75280.45239451427
-3474.3082128326078	0.2880123789009463	0.05342750735672671	0.17857893699304353	75280.45239451427
-2236.9031435354837	7.096896557576905	23.35583645668886	0.13353651435250238	75280.45239451427
-3474.3094891994333	0.2888837487687308	0.054097205392714266	0.17857917377095395	75280.45239451427
-3154.4327705458186	0.01	0.10270900935845538	0.17259761396579695	75280.45239451427
-2253.7359098857614	6.160740785483081	20.851862506210967	0.1318359002447933	75280.45239451427
-3154.432770562209	0.01	0.10270901892469055	0.1725973751126167	75280.45239451427
-3474.3113349215505	0.28975722539077153	0.05477488504453588	0.17855254560221964	75280.45239451427
-2259.8317578218503	5.947800756391967	20.502147518171544	0.13306943762714274	75280.45239451427
-3474.3120631206425	0.2900432463859703	0.054997532532177304	0.17855953565347782	75280.45239451427
-3474.326494300027	0.2926945609336124	0.05708523822390755	0.178653623517308	75280.45239451427
-3474.3150658632203	0.29090978453468785	0.055674387497244786	0.17857034065863336	75280.45239451427
-3474.306020981243	0.25908640782206405	0.03342947056674981	0.17856885594945165	75280.45239451427
-2220.9881252287205	7.075074315171294	24.260997894941763	0.13045109276407507	75280.45239451427
-3154.4327707648017	0.01	0.10270908521187944	0.17259699232086262	75280.45239451427
-2173.5687297562617	8.623654719978958	32.877724974575735	0.12959394278934808	75280.45239451427
-3154.4327715314666	0.01	0.10270898971969745	0.17259482334437679	75280.45239451427
-3474.314763312819	0.2907196295943077	0.05552616480436665	0.17851404635722662	75280.45239451427
-3154.4327712897575	0.01	0.10270901936817678	0.1725952038106362	75280.45239451427
-3154.4327705486	0.01	0.10270901184962435	0.17259783615507002	75280.45239451427
-2204.9894767577025	9.00723523734411	30.31582643066882	0.13014353502409517	75280.45239451427
-2268.700007130967	5.840462640831276	19.696854280660688	0.13285837558436336	75280.45239451427
-3154.4327705674773	0.01	0.10270903303868902	0.17259758207496934	75280.45239451427
-3474.318821869823	0.2916229072032534	0.05623393158786648	0.1785854392668088	75280.45239451427
-3474.3107448371725	0.2895433772638182	0.0546088297836086	0.17857155892613027	75280.45239451427
-3474.3264353457585	0.2925695655411397	0.056990830988650376	0.17861795375371195	75280.45239451427
-3474.311229265496	0.2897451202769224	0.054765422360516756	0.17857147445096408	75280.45239451427
-2205.2354237377094	8.108471260250244	27.73406218738874	0.12936878291966541	75280.45239451427
-2167.619193745363	8.821582966311615	34.961837874944386	0.12831375731986766	75280.45239451427
-5162.006219777013	0.6764047649709484	0.054985189920857123	0.19775186160895453	75280.45239451427
-3474.32219842148	0.29222709317720036	0.056714259067794495	0.17858002857039038	75280.45239451427
-3154.4327705481373	0.01	0.10270899656216148	0.17259785404615904	75280.45239451427
-8777.710653006843	1.0618881689064101	0.05528721182666358	0.2182110304414252	75280.45239451427
-3474.311296413479	0.28977279249880444	0.05478704413701185	0.1785845556126192	75280.45239451427
-3154.432770552554	0.01	0.10270898780540316	0.17259752755614743	75280.45239451427
-2263.492624808784	5.847609830058425	20.277950025632478	0.1303130938607356	75280.45239451427
-2200.308602295554	7.463809677868619	27.68567887163721	0.13327689520837327	75280.45239451427
-3154.432770662709	0.01	0.10270900907522147	0.1725986824280982	75280.45239451427
-2266.317089839167	5.930559835447575	19.82751158459187	0.13203658396128926	75280.45239451427
-2239.615653585148	6.3538002734901555	22.118921305888176	0.13112822596716917	75280.45239451427
-2287.2197062093946	5.613441442837436	18.405864298738614	0.13304600122052831	75280.45239451427
-2195.410088189783	7.890822360943097	28.151184463385693	0.1316543364873501	75280.45239451427
-3154.4327705440364	0.01	0.10270900289731065	0.17259769223615187	75280.45239451427
-3474.329348471414	0.2930831127181062	0.057395221689611635	0.17858917584364029	75280.45239451427
-2191.3137036845073	7.593431747407401	29.569269256086567	0.1294736129094101	75280.45239451427
-2228.4016439498423	6.777993639960521	23.27682433150609	0.13136558028593398	75280.45239451427
-3154.432770717466	0.01	0.10270900952451445	0.1725988907421077	75280.45239451427
-2195.32393964694	8.007037264535043	28.368850312873416	0.12823409290237037	75280.45239451427
-3474.310051086708	0.2892086433298805	0.05434978654314848	0.17858528045830058	75280.45239451427
-3474.3089259885924	0.28853037104493773	0.053825507471687434	0.17855822110733754	75280.45239451427
-2787.8265434658083	3.9509236115085655	28.979755669226602	0.1330516391493961	75280.45239451427
-2294.3386884128568	5.431150542940092	18.102943919105282	0.1336023548172172	75280.45239451427
-2184.253801001736	8.054218980604807	30.86081051548102	0.12747923442323392	75280.45239451427
-2249.100785536314	6.261439028768007	21.169404306688328	0.131906194393003	75280.45239451427
-3154.432770547881	0.01	0.10270900624242343	0.1725978623226416	75280.45239451427
-2438.9768399275035	4.450768460912926	18.741604354419533	0.13230721678189344	75280.45239451427
-2210.118758698927	7.105732515130378	27.23582755129931	0.13071214630439001	75280.45239451427
-2171.08321239858	8.849957330119912	33.789070926451366	0.12971988310684004	75280.45239451427
-3474.3062587439736	0.2806750884283318	0.04795257374658249	0.17853568821417012	75280.45239451427
-5162.00574236719	0.6762632276535924	0.05486710342285163	0.1977440291663491	75280.45239451427
-2221.818865622916	6.735727980556866	25.259727571784154	0.12963612557286738	75280.45239451427
-3154.4327705445703	0.01	0.1027089985543791	0.17259766138370816	75280.45239451427
-3474.3060415687496	0.11211586005374109	0.03831583477347103	0.17857559960653807	75280.45239451427
-8777.708301073919	1.061368244417191	0.05480399067101539	0.21821818337224536	75280.45239451427
-2248.460939302513	6.616020645260497	21.671548857747524	0.1323970522549206	75280.45239451427
-2218.384100073849	7.138158668700962	24.596000070917647	0.13004424677680937	75280.45239451427
-3154.4327705517535	0.01	0.10270901669119427	0.17259753123747262	75280.45239451427
-3474.3136412544786	0.2905522970702803	0.05539518040358415	0.17857640011982898	75280.45239451427
-2190.6167437497747	7.954707705655132	28.909648771013394	0.13006086917550908	75280.45239451427
-3154.4327730940267	0.01	0.10270932825001582	0.17259735111264496	75280.45239451427
-3474.317956252027	0.2914827788970784	0.05612596580252478	0.17853040895276567	75280.45239451427
-3474.306007963918	0.11248879000979661	0.03807072206629197	0.17857631068007637	75280.45239451427
-5162.005081596587	0.6759551855333289	0.054612595710533555	0.19778366903014424	75280.45239451427
-2200.4909234402166	7.631759898264348	27.16261950224397	0.1307493722599377	75280.45239451427
-2225.2862661993904	6.663143710403376	24.823273140974017	0.13344236173420204	75280.45239451427
-3154.432770544062	0.01	0.10270900288206851	0.17259769003140268	75280.45239451427
-3154.4327705478295	0.01	0.1027090102249312	0.17259783307367807	75280.45239451427
-5162.01665584276	0.6440249992860512	0.03138316320221259	0.1974033393252178	75280.45239451427
-2299.2706653887626	5.512207892822029	17.703101646158146	0.13395612767408965	75280.45239451427
-3474.3060077790237	0.1148234209924683	0.036553013524098135	0.17857696296704298	75280.45239451427
-3154.432770546706	0.01	0.1027090111469828	0.17259777910729404	75280.45239451427
-3474.308050259027	0.28415960650899785	0.050514503974000834	0.1784578758240071	75280.45239451427
-2434.411128507464	4.906386722844568	23.335538161248433	0.1301032021485092	75280.45239451427
-3474.3197051867464	0.29184109700934613	0.056408800080053396	0.17856557476019422	75280.45239451427
-2248.8692250467484	6.281497779942943	21.196379527646123	0.13228773301835142	75280.45239451427
-2182.6050068264685	8.261296014268863	30.440016228095466	0.12860597132126636	75280.45239451427
-3154.4327719145604	0.01	0.10270876858754324	0.17259700061429417	75280.45239451427
-2165.7710902824765	9.36210462413946	34.93477946616664	0.1276861263258145	75280.45239451427
-3154.4327750433404	0.01	0.10270910694998373	0.17260364036657894	75280.45239451427
-3474.4682589301947	0.26662613096619237	0.0382545101834646	0.1774293781539113	75280.45239451427
-3474.364889263311	0.29528476127324205	0.05916409396570271	0.1786934063755346	75280.45239451427
-3474.3060073316938	0.10860412596282303	0.04065151882049299	0.17857778393491577	75280.45239451427
-3474.306007841469	0.2681874664458345	0.039284418186492254	0.17857870130613723	75280.45239451427
-5162.032327726467	0.48776022877749403	0.050762403103124756	0.1972676761639674	75280.45239451427
-2386.2159571083043	5.000303088514987	22.027446406455727	0.12901694017768145	75280.45239451427
-2190.8972167952206	7.68610997712613	32.362245365501934	0.11911159101380119	75280.45239451427
-5162.003492169837	0.6755643461882821	0.05428479910189304	0.19778388615715484	75280.45239451427
-3474.306809960658	0.2589621501204891	0.03335067828471172	0.17861010805060668	75280.45239451427
-3474.308253526063	0.2624523918153858	0.03555206744641514	0.1787138024498679	75280.45239451427
-2311.595381954434	7.528044917693267	22.353923681865577	0.1325977590242696	75280.45239451427
-2222.787874708888	6.9229593616863125	23.940315470893783	0.1317342087914073	75280.45239451427
-3474.315787330856	0.2910677545134665	0.055799469816266836	0.17854943711385965	75280.45239451427
-3154.432771726497	0.01	0.10270895339278156	0.17260075900032013	75280.45239451427
-3474.3224837530647	0.29217962752545834	0.0566735482846983	0.1785887749419977	75280.45239451427
-2283.0016324992657	7.333604072315878	22.3821051291522	0.13166405958617222	75280.45239451427
-2264.2048161802495	5.795445242932502	20.987418661539905	0.1318535380044526	75280.45239451427
-3474.309047651953	0.28863932558602823	0.05390923984664309	0.17857153644779672	75280.45239451427
-3487.982600801632	0.2355186777989442	0.019869016432595577	0.16811450888478113	75280.45239451427
-3154.4327718237755	0.01	0.10270877965902643	0.17259856235669982	75280.45239451427
-5161.99961102858	0.6638325257544926	0.04504852361258431	0.19768563078363716	75280.45239451427
-5161.998758390969	0.49768551278294854	0.043180629572553406	0.19773905458409188	75280.45239451427
-3154.432770580862	0.01	0.10270903482135905	0.17259737137286096	75280.45239451427
-3154.432770603214	0.01	0.10270904771846288	0.17259739042817676	75280.45239451427
-3474.3060233549413	0.12741990404191164	0.028771706776033676	0.1785896820893405	75280.45239451427
-3154.4327705444794	0.01	0.10270900342134368	0.1725976318029889	75280.45239451427
-2312.560432018966	5.409199829356153	17.027636047349432	0.13369830930872373	75280.45239451427
-5161.9987276988195	0.6694766514440579	0.04937117885908127	0.19777359183966006	75280.45239451427
-3154.432770746541	0.01	0.10270898459370673	0.17259641548947605	75280.45239451427
-2175.2866103584715	8.549274144708079	32.34544986145982	0.1255469832908557	75280.45239451427
-3154.4327708695623	0.01	0.10270902649858023	0.17259930472784218	75280.45239451427
-3474.412584343955	0.29664422154808634	0.06027809718962934	0.17890163911285512	75280.45239451427
-3474.3061099569613	0.282662860003702	0.0494060225595546	0.17857413690182686	75280.45239451427
-2269.1833311593664	5.923096899782448	19.563181708021055	0.13374733488255877	75280.45239451427
-8777.725464145686	1.0636553649212384	0.05695696556707096	0.21825461395556006	75280.45239451427
-3154.43277075705	0.01	0.10270898449052289	0.17259900092992203	75280.45239451427
-2257.053185366218	5.940196421316938	21.893939678399807	0.1306236890052615	75280.45239451427
-3154.432770548162	0.01	0.10270899464310632	0.17259754459608756	75280.45239451427
-2294.9981222561573	5.390409898268634	18.192202397137944	0.13330848614787388	75280.45239451427
-3474.3072914670865	0.1553408482069828	0.013779764833018241	0.17847602898597636	75280.45239451427
-2242.3365704012867	6.730807195288012	22.076855431286646	0.13185306889570614	75280.45239451427
-2257.799281582418	6.052758192350427	20.4269250793143	0.1323185578212047	75280.45239451427
-4029.2149250504362	0.010510540984626428	32.37011731108778	0.12478662367243333	75280.45239451427
-2353.310897743629	4.886438097285207	15.284260644119867	0.1353618915194974	75280.45239451427
-3154.432770617862	0.01	0.10270898390102215	0.17259843072877673	75280.45239451427
-2285.891000697364	6.146058084226785	19.188036451344626	0.13214889988298198	75280.45239451427
-3154.4327705441374	0.01	0.10270900309257579	0.1725977183681429	75280.45239451427
-3474.3214394080496	0.292099545522052	0.05661219106716357	0.17855677724478097	75280.45239451427
-2221.158159750351	7.05844105056823	24.40771586102693	0.12998116761357675	75280.45239451427
-3474.3150137174434	0.290896379720786	0.055664498085792886	0.17860017128184602	75280.45239451427
-3474.317133328286	0.29137634582829736	0.056041999813207365	0.17857206426696162	75280.45239451427
-2252.4953951782527	6.13466226444843	20.88289442930611	0.13142301852025393	75280.45239451427
-3474.3220365982816	0.29183797903077036	0.05640168857386921	0.17848748172617152	75280.45239451427
-3474.3060071638274	0.10423374789056597	0.04364058036420363	0.17857881740234974	75280.45239451427
-3154.432771344347	0.01	0.10270886352553608	0.17259937439431505	75280.45239451427
-2317.8559721349707	5.1136376074690535	17.055858980161858	0.13419147141058071	75280.45239451427
-5162.015590634982	0.6779054608292293	0.05624561038984372	0.19777088442401572	75280.45239451427
-3154.4327705473934	0.01	0.10270899244179679	0.17259777514511196	75280.45239451427
-3474.3113481113432	0.28973725027178604	0.05475951255457572	0.17861285663794044	75280.45239451427
-2185.4712610538413	8.067985784863492	30.06769054775212	0.1305715162419119	75280.45239451427
-2218.1852337040023	6.836996518890174	26.03458088375935	0.13203774339491267	75280.45239451427
-3474.3140506983177	0.29065958170607026	0.05547925009781787	0.17859111525840263	75280.45239451427
-3474.306039300366	0.28095307826218974	0.04815442997187032	0.1785784518548593	75280.45239451427
-2217.67825445477	7.553635679154497	25.37163116966348	0.1305621596944509	75280.45239451427
-2204.486999510681	7.253211886002892	26.567053668533063	0.12970663570649765	75280.45239451427
-2264.410253930337	5.797099597581159	20.602943533401135	0.13228261799177757	75280.45239451427
-3154.4327838747963	0.01	0.10270968987352322	0.17259354515246	75280.45239451427
-5162.002473180461	0.6751244374654363	0.0539199171907308	0.19776326614893397	75280.45239451427
-3474.308124075359	0.287933967715859	0.05336730088442077	0.1785771428195853	75280.45239451427
-2242.2913284930164	6.364239407154184	21.797123078695705	0.13184740155338692	75280.45239451427
-3474.314906105595	0.29083060872930877	0.055613169123722564	0.1785362069591262	75280.45239451427
-3474.32813148696	0.2815897171203385	0.04861777460722787	0.17815469554540267	75280.45239451427
-5162.002369764537	0.6750751518245413	0.05387994614161965	0.1977610823507	75280.45239451427
-2254.661595302397	6.192728377811297	20.69863621913671	0.1327778140442415	75280.45239451427
-2244.066494052746	6.757880141750446	22.045257939273466	0.13100357275202065	75280.45239451427
-3154.43277054907	0.01	0.10270899490024034	0.17259751806461707	75280.45239451427
-2188.965993840991	7.845523281645324	31.145727120637876	0.1278192305694343	75280.45239451427
-3474.3319415819597	0.29328745902336856	0.05755921642269805	0.1786416587782334	75280.45239451427
-3474.3130984327045	0.2903842490891855	0.05526358962620263	0.17856242133016184	75280.45239451427
-3474.3060182420204	0.2791701755728594	0.04686606762756829	0.17858242052111015	75280.45239451427
-3474.306008577899	0.270119252194447	0.04057551533855308	0.1785753692701967	75280.45239451427
-3474.3064527598985	0.2608080974056146	0.034509113138917254	0.17851838849682972	75280.45239451427
-3474.307915047263	0.2877343405178128	0.05321426619171947	0.17857740717361317	75280.45239451427
-2231.75951109767	6.469727032032639	23.969834032474353	0.1319600135640552	75280.45239451427
-2236.42096089442	6.542572146751368	22.376722186232293	0.13151479546293873	75280.45239451427
-3154.43279130651	0.01	0.1027092417878485	0.172584945255267	75280.45239451427
-2204.894525657247	7.44165979304023	26.393658118284165	0.1310756254934399	75280.45239451427
-2173.9719902501693	8.839376731934486	32.87290662000538	0.12821384786605614	75280.45239451427
-2326.279918679386	5.155231970553494	16.365027156451006	0.13443892373388797	75280.45239451427
-3474.3077870139077	0.2875889320429174	0.05310336595661045	0.17858229266001752	75280.45239451427
-3154.432771989312	0.01	0.10270875824304573	0.1725973489581431	75280.45239451427
-3474.3077571650792	0.27795208442462416	0.045995353388228175	0.17869776319919844	75280.45239451427
-3474.326079913879	0.29271058369415454	0.0570978595190509	0.17861164843346916	75280.45239451427
-5162.006009941564	0.6763550999087492	0.05494364855946112	0.19778888694822125	75280.45239451427
-2198.434357418055	7.606850818377381	27.514303208043028	0.1276915421056644	75280.45239451427
-3474.3080606775793	0.28787175428152606	0.053319623040212635	0.17857289438778845	75280.45239451427
-2193.2510060256413	7.952641197734456	28.478553606750104	0.1264092448148904	75280.45239451427
-3474.3063537371945	0.11629686562930595	0.035607545322626284	0.1786313637869669	75280.45239451427
-2211.1070076404376	7.377459388497418	25.617437871242068	0.12965023699132608	75280.45239451427
-2230.365861859452	6.472559082983038	22.97205953901638	0.13124343051379414	75280.45239451427
-2220.383252719418	6.780080792652829	24.110075613229697	0.130695929239388	75280.45239451427
-3474.3060129945366	0.1157600269476378	0.03595084952038821	0.178582884810661	75280.45239451427
-5162.01269267695	0.6776422558435894	0.05602675780506077	0.19775588282558	75280.45239451427
-2322.0866241847016	5.3366840245465506	16.600354549758407	0.13440789365842576	75280.45239451427
-3154.4327705441765	0.01	0.10270900475101209	0.17259767756187347	75280.45239451427
-3474.364559319991	0.29532377545866445	0.059200072184586734	0.17867918296749075	75280.45239451427
-2298.254842311378	5.326631028347747	18.18099093091748	0.13310124178399416	75280.45239451427
-3474.3091182349954	0.28868908630837753	0.053947819632011215	0.17858394842007447	75280.45239451427
-3154.4327705714104	0.01	0.10270898986890067	0.1725981337957203	75280.45239451427
-3474.306032727961	0.28031794592592574	0.04769351806126296	0.17857198308732022	75280.45239451427
-2221.441573691573	6.754686951016818	25.787301111220486	0.12994579403449585	75280.45239451427
-8777.707217780067	1.0610243664829018	0.05448679134889799	0.21824376625304362	75280.45239451427
-3474.306013522727	0.2757623028317831	0.044449679419035965	0.17857861060549363	75280.45239451427
-3474.3226226202955	0.2922838934259947	0.056759051177726026	0.17859106376195402	75280.45239451427
-3474.309482643185	0.28886044189497234	0.05408007542184635	0.17860560724747368	75280.45239451427
-2238.9719053895806	6.315498044458548	23.124668045185242	0.1304004898825511	75280.45239451427
-3474.3065138523634	0.2853116865202354	0.05137687094686236	0.17858080276965468	75280.45239451427
-3474.334778748823	0.2935825364384743	0.0577944251028237	0.1786022723432006	75280.45239451427
-5162.007685029621	0.6767628968859972	0.055285606823080626	0.19777576742838782	75280.45239451427
-3474.3163074498225	0.29120589184103574	0.05590771702933583	0.1785761770543157	75280.45239451427
-3474.3091384299933	0.27507881996752515	0.04397171074074862	0.17841869139144578	75280.45239451427
-3474.3097881346403	0.2890714057306119	0.054243344336056765	0.1785907455309501	75280.45239451427
-2240.9854855147305	6.573996550472538	22.06906850297669	0.1336833091057355	75280.45239451427
-3474.313802094659	0.2905898353538425	0.055424604277524506	0.17859322025415839	75280.45239451427
-3474.3483558387097	0.2944651871218564	0.05850452233876896	0.1784739944615626	75280.45239451427
-3474.31519480506	0.29094734600383404	0.05570412453068831	0.17857074770650988	75280.45239451427
-2298.0843534326395	5.460587206902693	17.775606318132795	0.13358601226386038	75280.45239451427
-3474.336926161559	0.2937569564736696	0.05793455788498681	0.17860582757770682	75280.45239451427
-3154.4327705440496	0.01	0.10270900271217201	0.1725976911631279	75280.45239451427
-2172.840009111721	9.021455911754332	33.05286597785384	0.13160648033710037	75280.45239451427
-3474.3237968455323	0.2924421807954483	0.05688491851377397	0.17859194661562186	75280.45239451427
-3474.3060797837115	0.28213748093004404	0.04901981163937547	0.17858048778507876	75280.45239451427
-3154.4327707189814	0.01	0.10270895781400133	0.17259666305450325	75280.45239451427
-3154.432770548969	0.01	0.1027089966414377	0.17259787483539743	75280.45239451427
-2266.277382600695	5.967797225086457	19.830193970911328	0.13172519201239127	75280.45239451427
-2228.4508181862993	6.573097495913362	23.45035525985265	0.13007016480900568	75280.45239451427
-3154.4327705442356	0.01	0.10270900017687194	0.17259770663320184	75280.45239451427
-3474.3128078223285	0.2902977918002386	0.05519602300897211	0.17856559124136503	75280.45239451427
-2226.810150515328	6.888439789284084	23.591270588522075	0.12849036607154876	75280.45239451427
-3474.3101530122312	0.28927028036232166	0.054397120911270046	0.17857425940155341	75280.45239451427
-2279.353342608166	5.643762288109751	18.94292697274145	0.13338479692980776	75280.45239451427
-2228.7631106207286	6.750527309965614	23.21945520397452	0.13198648448256592	75280.45239451427
-2173.195226906943	8.54026739982137	33.27387953818112	0.1266447769879183	75280.45239451427
-2220.557987533356	6.801905172443773	24.326167225450018	0.13210017915475022	75280.45239451427
-2212.3828327613746	7.25261308545825	25.302573272157524	0.1307081334847959	75280.45239451427
-2205.051624224293	7.280942919193687	27.253142322879913	0.1340085589815062	75280.45239451427
-5162.037582027349	0.6797047170206613	0.057793740863703175	0.19766105502018633	75280.45239451427
-2287.963269853456	5.5483486403779505	18.35858292001215	0.13290973005070386	75280.45239451427
-3474.32090316388	0.29203547362855015	0.056562249539763035	0.17858107255397154	75280.45239451427
-3154.4327706356084	0.01	0.10270897397200576	0.17259691675554206	75280.45239451427
-3474.3061564248005	0.2832719206431852	0.04985566422541401	0.17858096525115197	75280.45239451427
-8777.710370701592	1.0618384635067366	0.05524126398771832	0.2182264900876512	75280.45239451427
-3474.3112994260973	0.28977466626058823	0.05478851675460937	0.1785832998557332	75280.45239451427
-2256.715704999975	6.129101552368929	20.5988000927798	0.1317218720711657	75280.45239451427
-2252.1329185151835	6.017988755459695	21.872177204229573	0.13159815349582382	75280.45239451427
-3474.306042915511	0.12069125044486666	0.03284452998432701	0.17856146446425436	75280.45239451427
-3474.3398650484587	0.29398574570674596	0.058118253946812914	0.178564452703417	75280.45239451427
-2215.4028143572714	7.056885856747733	24.852724358635598	0.13062292827154337	75280.45239451427
-3474.313510779435	0.2904561658204375	0.05532008433763751	0.17861912341439248	75280.45239451427
-2217.5722695276086	6.984717494726612	24.696101223755687	0.13019292213681505	75280.45239451427
-3474.309278360258	0.2887908961919598	0.05402638336773736	0.17857470482981516	75280.45239451427
-2201.410354346398	7.475552108408347	27.000706758646498	0.13162811518036027	75280.45239451427
-3474.3064022889153	0.2848648192585701	0.051041679107757296	0.17857259145042945	75280.45239451427
-3154.4327705545566	0.01	0.10270900668965187	0.17259739954307465	75280.45239451427
-3474.320131483485	0.2919093272673472	0.056462990705568754	0.17856564718933415	75280.45239451427
-2190.042378553274	7.500166527384795	29.978523162756353	0.1298833459477266	75280.45239451427
-3474.315591209557	0.2910105949929811	0.055754173514071005	0.178542701505184	75280.45239451427
-2158.718573450103	10.09334335208963	37.43470133288389	0.1266733943636791	75280.45239451427
-3474.3088588799797	0.28851212235061235	0.053811671913479804	0.17858492615741872	75280.45239451427
-2230.766370934781	6.541559654281402	22.75164077663058	0.1311836582938633	75280.45239451427
-3474.308930504588	0.2885595177822406	0.05384825313216533	0.17858483612206158	75280.45239451427
-3475.5189178552982	0.28466727964815336	0.05087286191191181	0.17549652294816923	75280.45239451427
-3474.3060160537216	0.26112695414490805	0.034710497475216914	0.17857818461023986	75280.45239451427
-3154.4327714433475	0.01	0.10270919625505978	0.17259754199108923	75280.45239451427
-3154.432786811695	0.01	0.10270971969783912	0.17259190521305984	75280.45239451427
-2203.0586358385476	7.314046962388092	26.943074609691415	0.1296861104267696	75280.45239451427
-3474.316240562799	0.2911892682450598	0.05589515345258874	0.17858099651956563	75280.45239451427
-3154.4327742886617	0.01	0.10270931799315373	0.17259429906159213	75280.45239451427
-2175.7306841923164	8.374960149850276	33.21463063549598	0.12703445999984284	75280.45239451427
-3474.309702622207	0.2890353166399984	0.05421538816882072	0.17857539415423532	75280.45239451427
-3154.4327705471533	0.01	0.10270901369347836	0.17259773039612103	75280.45239451427
-8777.721623251113	1.0633027436673015	0.05662207478320169	0.2182676210801523	75280.45239451427
-3474.306144295776	0.25721537426147745	0.032270586394192904	0.17861146861311572	75280.45239451427
-2164.1142055122327	9.378944104824882	35.74254219816526	0.12872555941559816	75280.45239451427
-3474.310490589063	0.2894317089917402	0.054522169994858496	0.1785811420611487	75280.45239451427
-2174.2462343999623	9.461863131234347	33.68923839621727	0.12835276589018657	75280.45239451427
-3474.346199165828	0.2943903601498296	0.05844445942491288	0.17863482232392927	75280.45239451427
-3154.432770572086	0.01	0.10270899840831807	0.17259721030507788	75280.45239451427
-2199.454969766036	7.4934279811755005	27.471288387073304	0.1321323768173565	75280.45239451427
-3474.3123573050007	0.2901579781384919	0.055087134586385755	0.17857350563464613	75280.45239451427
-2224.1520003499213	6.955698181669305	23.839578918238324	0.13053879268114607	75280.45239451427
-3154.4327705579917	0.01	0.1027090145263172	0.17259739250734366	75280.45239451427
-3474.3203513845947	0.29194754746833546	0.056493250795315475	0.1785785207243304	75280.45239451427
-2298.8512896452544	5.794271461701469	18.055929853983585	0.13582165567145654	75280.45239451427
-3474.3544918921652	0.2942668670325566	0.058331149017801065	0.17855341830769675	75280.45239451427
-2279.746106025629	5.70133244096967	18.894029852869128	0.1322376690755141	75280.45239451427
-2275.806763461581	5.717889688704697	19.207884003367568	0.13288638299774766	75280.45239451427
-2164.4700282968533	9.255396469700651	35.53064633539701	0.12965232869341484	75280.45239451427
-5161.998611322699	0.6598137169411121	0.04209506897641533	0.19776858633127295	75280.45239451427
-2292.6933893910223	5.450198387727916	18.2115120886032	0.13302156476649837	75280.45239451427
-3474.3957899452835	0.29651646353223843	0.060174174382934924	0.17854760757495727	75280.45239451427
-2227.297698479835	6.654640952556932	23.68982777699829	0.13104808760457237	75280.45239451427
-2270.801787268317	5.818245543158548	19.52521378036264	0.13227028021175577	75280.45239451427
-3474.306695697056	0.1284928926337602	0.02813919064602794	0.1785050003945902	75280.45239451427
-3154.4327705449887	0.01	0.10270900869130803	0.17259766337201815	75280.45239451427
-3154.432770553223	0.01	0.10270902162938438	0.17259761944152716	75280.45239451427
-3154.432772210169	0.01	0.10270892024985291	0.17259414817217963	75280.45239451427
-2187.804804785927	8.233190048995294	29.413873828324554	0.13107141970771677	75280.45239451427
-3154.4327705755936	0.01	0.10270903172022731	0.17259799756554262	75280.45239451427
-2274.621551656422	5.890118543077066	19.25354236417189	0.13366067354988093	75280.45239451427
-2157.714509888677	11.739353949284768	40.25877171410771	0.1291359335258482	75280.45239451427
-5162.0411133734815	0.6797838357961881	0.057866532090390756	0.19788148356194743	75280.45239451427
-2206.303004465344	7.200292716856644	26.41032481397408	0.13042228365127362	75280.45239451427
-3474.315952996937	0.2910999451891625	0.055823559543074115	0.17860102408418038	75280.45239451427
-3474.3400442966677	0.2936224730590838	0.0578274052315463	0.17877715257128868	75280.45239451427
-5162.017128962141	0.6782058164320128	0.056505625754653656	0.19779627208549355	75280.45239451427
-5162.01018796188	0.6772449095070162	0.055690848707998584	0.19775831376745323	75280.45239451427
-3474.310417633292	0.28939168407726046	0.05449105280913081	0.17856773651622304	75280.45239451427
-5162.6611057278205	0.6869915775450692	0.06431844918405352	0.19834776781757663	75280.45239451427
-2339.029666653247	5.087541638535912	15.816493813479527	0.13472879468064183	75280.45239451427
-2174.456267124316	8.604850698184059	32.74971981559048	0.1291133082074397	75280.45239451427
-2238.7106797032593	6.400137996420222	24.7945670805218	0.13261022077116164	75280.45239451427
-3474.306011336815	0.2780971288779198	0.04609869459069529	0.17857946086053839	75280.45239451427
-3154.432775819588	0.01	0.10270921457730582	0.17259175458904807	75280.45239451427
-3474.329203950628	0.29303865854613875	0.05735984407598216	0.17862806027489173	75280.45239451427
-2230.6135257946917	6.476830483391136	22.894003990628352	0.13183244707741212	75280.45239451427
-3474.346029241604	0.29439931543422754	0.058451638504095314	0.17860331176076832	75280.45239451427
-2296.3147705949923	5.327780824889755	18.88715356200118	0.1333492450397453	75280.45239451427
-2205.0553253625085	8.001937010812734	27.291513849032576	0.12963928488382093	75280.45239451427
-3474.3101709318526	0.2892528288588662	0.05438380545420843	0.17855829706385298	75280.45239451427
-2288.3447933887555	5.600399528017366	18.336340308040285	0.13326858473113057	75280.45239451427
-3474.3307705079674	0.2932219913655922	0.05750593471450339	0.17859679530201197	75280.45239451427
-8777.707511881035	1.0610403463852869	0.05450019977204538	0.21817242367355721	75280.45239451427
-2205.511476867521	7.631601791719341	26.617321659185016	0.130368686673391	75280.45239451427
-2260.85354759925	6.025270693993403	20.171029521296656	0.13176484182078016	75280.45239451427
-3474.324815088169	0.292445839877281	0.056887696183926174	0.1786695233218918	75280.45239451427
-3474.310788814683	0.2895400689575714	0.05460623695050455	0.1786000458357751	75280.45239451427
-3154.432770544063	0.01	0.10270900293318305	0.17259767914538032	75280.45239451427
-2262.4243845952424	5.947572837061128	20.078221997944212	0.13250757643933048	75280.45239451427
-2299.153722988418	5.418883289588056	17.73848715091925	0.133191901583328	75280.45239451427
-2170.8642370147845	9.548529632396043	34.12953116562819	0.1269045568582936	75280.45239451427
-3474.306010832591	0.2778912134678265	0.04595213355269307	0.1785771093692732	75280.45239451427
-3154.4327705535716	0.01	0.10270902116325656	0.17259758352469598	75280.45239451427
-2224.4010307052285	6.79517966159717	23.720043615611008	0.1296913626703312	75280.45239451427
-2274.2517416373344	5.802246502848402	19.253867712078037	0.13305953614789923	75280.45239451427
-3474.3182990291875	0.29155889951696135	0.056185815460673146	0.17862131785042357	75280.45239451427
-3474.339311292239	0.2939439063401518	0.05808468445729458	0.17856093511606685	75280.45239451427
-3154.4327705758114	0.01	0.10270896736262346	0.17259756626455058	75280.45239451427
-2209.7023161421976	7.352397374688424	25.774215717476217	0.13344119101226468	75280.45239451427
-3154.432770637801	0.01	0.10270906445817932	0.17259783002474574	75280.45239451427
-2291.6112846195792	5.678400220167813	18.183759973234537	0.13377824261613178	75280.45239451427
-3154.432770786285	0.01	0.10270898220166039	0.17259908489678139	75280.45239451427
-3154.432772287496	0.01	0.1027087365382702	0.17259833316858877	75280.45239451427
-3474.3060086977703	0.11981335803117979	0.033389834371709864	0.17857510323229872	75280.45239451427
-2221.361163618277	6.748368487995617	24.394484747489805	0.1307273875666944	75280.45239451427
-2253.8020564452004	6.062508831905725	20.965500147637343	0.1320700340919109	75280.45239451427
-2219.0863485548225	7.2186945512548535	30.478897397334183	0.12414916839285663	75280.45239451427
-5161.999107870346	0.6676076320882216	0.04791618968151921	0.1978316501415786	75280.45239451427
-3474.3128695833934	0.29031927700785154	0.05521281257439758	0.17858898548459723	75280.45239451427
-3154.432770561817	0.01	0.10270900576879269	0.17259807337649138	75280.45239451427
-2210.1330312228647	7.562514227063291	26.08070522102291	0.13203476627137134	75280.45239451427
-3154.4327707410316	0.01	0.1027089969344512	0.1725964099483126	75280.45239451427
-5162.002384769545	0.6750798161222203	0.053883519806676175	0.19778683098963834	75280.45239451427
-2223.1305991474487	6.859454842739653	23.860378759658172	0.13117073613505104	75280.45239451427
-3474.308091409642	0.28789114466542154	0.05333410991844666	0.17857001735794503	75280.45239451427
-3474.308409515569	0.2881806694994952	0.05355657466953127	0.17857795063096563	75280.45239451427
-3154.432770544443	0.01	0.10270900492416603	0.1725976431685676	75280.45239451427
-3474.3177666990114	0.2914662467792842	0.05611389301920525	0.17860682799051272	75280.45239451427
-3474.3283352312474	0.2929536927288091	0.057291528451709504	0.17862177075610372	75280.45239451427
-2260.971417803883	6.025898960255782	20.242294621487716	0.1326748359305439	75280.45239451427
-3474.3069883753687	0.2722240715013712	0.04200024354936461	0.1785463314254843	75280.45239451427
-3154.4327706732324	0.01	0.1027090189303117	0.17259870359461307	75280.45239451427
-3474.3129280350518	0.28717059366156744	0.052783140399659235	0.1787899682641132	75280.45239451427
-3474.3162542384816	0.29118003490763095	0.05588757149693577	0.17860200610936458	75280.45239451427
-2256.5902291872594	6.4548761087607875	20.99185653692996	0.13443649517255218	75280.45239451427
-3154.4327705469796	0.01	0.10270899239315918	0.17259774832540337	75280.45239451427
-3474.3076292856263	0.28742051352380843	0.05297420810494002	0.17857371256866428	75280.45239451427
-3154.4327705506653	0.01	0.10270901724436951	0.17259757631312322	75280.45239451427
-3474.3295528480935	0.29279801309214987	0.05716793904272692	0.178731508352109	75280.45239451427
-3474.31012766688	0.2892578497717309	0.05438750721689885	0.17858209938589414	75280.45239451427
-3474.3244540467595	0.29239793562235733	0.05685070775981193	0.1784904675751419	75280.45239451427
-2220.251359668562	6.976819893142076	24.289832228920623	0.1318764353657753	75280.45239451427
-2281.06099411274	5.6443910431552995	18.846958869635777	0.13294768219404535	75280.45239451427
-2222.2872749861344	6.734903238619434	24.63750559293461	0.13308192947146286	75280.45239451427
-2258.455393348333	5.942371009513348	20.6133038934003	0.13343866145326527	75280.45239451427
-3154.4327706002678	0.01	0.10270899187977289	0.17259835945572555	75280.45239451427
-3474.309147533835	0.2887037285386595	0.05395893499052797	0.17857061702115187	75280.45239451427
-2238.0150914772225	6.347343435612931	22.414162876971186	0.1313381214122171	75280.45239451427
-3154.4327705440546	0.01	0.10270900229408904	0.17259769385891588	75280.45239451427
-3474.31225070827	0.28996007105547483	0.05493034215042436	0.1785705616839235	75280.45239451427
-2175.0038359089153	8.974063901135494	32.55541300030701	0.12782465050179795	75280.45239451427
-2162.150823196839	9.481874980147976	36.259133422593216	0.12948577335545688	75280.45239451427
-2297.7764179889623	5.438157925635756	17.814623135004858	0.13353167947359104	75280.45239451427
-2217.4331160911497	7.967583131723097	26.486788410649368	0.13021748480802503	75280.45239451427
-2231.0183683001314	6.570749221409358	22.97766915981041	0.13117646790959017	75280.45239451427
-3474.3152238835205	0.2906647606002389	0.05547911236940778	0.17857975396340592	75280.45239451427
-2242.389147818023	6.584172131644525	22.00627535478569	0.13412246549740198	75280.45239451427
-2273.111989993221	5.826324303924039	19.27545770170291	0.13252875633255087	75280.45239451427
-2185.448353823225	8.975866901526432	30.87167639507477	0.1312548268378908	75280.45239451427
-3474.315120782655	0.29093296609849173	0.055693497086593206	0.17856692127738613	75280.45239451427
-3154.4327720575316	0.01	0.10270925307038255	0.17259800659757885	75280.45239451427
-2247.881149752243	6.15173481536397	21.433232698782955	0.1321824525382558	75280.45239451427
-3474.3089424649743	0.28856963802433194	0.053855635658339326	0.17857045010955705	75280.45239451427
-3474.308747552245	0.2884385939801061	0.05375472279812541	0.17857925010367068	75280.45239451427
-3474.328462146523	0.29270441168866607	0.05709340365232058	0.17872371283677094	75280.45239451427
-3474.3121562132865	0.2900695435061574	0.05501811496666257	0.17860093600567611	75280.45239451427
-3474.306007356687	0.2603791246081372	0.03423879365347249	0.17857813025001168	75280.45239451427
-2253.149698474411	6.110967539405098	20.937630411990952	0.13212857912664216	75280.45239451427
-3474.330565438396	0.2931979124271976	0.057486892436149455	0.17860468659882509	75280.45239451427
-2281.392149960066	5.710372501616977	18.770157637375178	0.13277954927362645	75280.45239451427
-3474.3105018365695	0.21541231706506697	0.01	0.17838698445957896	75280.45239451427
-3474.3113777338367	0.28980485463335903	0.054812072461936895	0.1785840502984344	75280.45239451427
-3474.3175161683857	0.2914429669935448	0.05609399229309422	0.17856131871262387	75280.45239451427
-8777.704784656293	1.060118893067329	0.053653749372327544	0.2182181412393444	75280.45239451427
-3474.3222703048004	0.2911716706373463	0.055880868479146105	0.17835493056817334	75280.45239451427
-3474.308937058686	0.2885425385669084	0.053834378961619064	0.17859204391987013	75280.45239451427
-2274.0919325529803	5.788559202726099	19.27555685822368	0.13209515063297997	75280.45239451427
-3474.3058628191984	0.09533104734846276	0.05002859648831629	0.17857864690598027	75280.45239451427
-3154.43277184498	0.01	0.10270878093267949	0.17259668278073237	75280.45239451427
-3154.43277073138	0.01	0.10270901326289736	0.1725964474889075	75280.45239451427
-2194.026608274341	7.6794241000835965	28.24420456952083	0.12830590319541657	75280.45239451427
-3474.306064147305	0.25501216397858345	0.030924789773976634	0.1785568056365768	75280.45239451427
-2244.516695422235	6.389586745366306	21.686382583025896	0.1317555119884043	75280.45239451427
-2272.403864450111	5.685985054549573	19.948783525507057	0.13232132874416422	75280.45239451427
-2261.8740075479386	6.037950637876391	20.1695993870555	0.1325299346807271	75280.45239451427
-8777.720134518044	1.0630067698507062	0.05633311923292658	0.21821192704781844	75280.45239451427
-2338.1116232162613	5.036496362767477	15.86199092489795	0.13498888829741956	75280.45239451427
-3474.306738732104	0.10111675343029412	0.04583031820217141	0.17850127579196406	75280.45239451427
-3154.4327706005015	0.01	0.10270897323704185	0.17259823803405572	75280.45239451427
-3474.3060225365357	0.24604697249451304	0.025653797973538648	0.178567220430507	75280.45239451427
-8777.710402564864	1.0618395648177459	0.0552423701873607	0.21821064000645304	75280.45239451427
-3474.317859713893	0.2915079884251684	0.056145696263027275	0.17855711962032497	75280.45239451427
-2177.5091004176043	8.722275600625597	31.959238306094107	0.1279644084839339	75280.45239451427
-2276.8121353722017	5.7116700108187395	19.124316937989718	0.13326061346171472	75280.45239451427
-3154.432772075394	0.01	0.10270889725839621	0.17259444214074102	75280.45239451427
-2289.7423877622177	5.471953553910149	20.362459644637834	0.13153329254125637	75280.45239451427
-3474.3507629623127	0.2945750276358388	0.058598472471996635	0.17853754877090144	75280.45239451427
-3474.316132453667	0.2911145952710037	0.0558357512664565	0.17862251905591928	75280.45239451427
-2165.242589059424	9.254144412499429	35.15497453526052	0.12687554560820996	75280.45239451427
-8777.724922399324	1.063621680022791	0.056925187938949864	0.21822608439941762	75280.45239451427
-2239.765053994769	6.412101043578533	22.039259075675478	0.13241117461787696	75280.45239451427
-2253.359419482009	6.0999009852015735	20.93631488003221	0.13133815006665486	75280.45239451427
-3154.4327705605388	0.01	0.1027090244692055	0.17259748240685388	75280.45239451427
-3154.43290015442	0.01	0.10270710259164659	0.17261677289765753	75280.45239451427
-2195.118287788553	7.850715710102821	28.22040191613455	0.13238483520631028	75280.45239451427
-3154.4327705440974	0.01	0.10270900379770487	0.1725976972734426	75280.45239451427
-2229.6762549743376	6.512018565502006	23.77088487460769	0.13060306794979906	75280.45239451427
-2298.9818162527126	5.3938970292183726	20.436896454500875	0.13332083227997346	75280.45239451427
-3474.3100590495123	0.2892235971831879	0.05436096805126289	0.17858216076551467	75280.45239451427
-3474.3133855033934	0.2903997023654339	0.05527395908751229	0.17859180676836123	75280.45239451427
-3474.3078840240123	0.28769521873408765	0.05318404386544926	0.1785759035410882	75280.45239451427
-3474.3122757139654	0.2901301942453495	0.055065159423206084	0.17857804554131249	75280.45239451427
-3154.4327710258945	0.01	0.10270914444958086	0.17259760413341263	75280.45239451427
-2286.8034137650307	5.695305908423516	18.440539068319953	0.13338344336950247	75280.45239451427
-2301.5902933892294	5.352586347028447	17.66603360118497	0.13353425160822754	75280.45239451427
-2287.489983688432	5.530447979910713	18.489490697105563	0.13357971201693786	75280.45239451427
-3474.3235008179063	0.2923119710593787	0.05678145237291188	0.17850318297480897	75280.45239451427
-2215.8230130798806	7.0024752468235	24.756039780504977	0.12948374637321022	75280.45239451427
-2265.626686459033	5.934787890779991	19.815187538799716	0.1322675602201479	75280.45239451427
-2294.100357232985	5.518727422599955	17.99822466601685	0.13297606725324804	75280.45239451427
-3474.3787497101266	0.2959014180997984	0.05966787855231383	0.1784830895112452	75280.45239451427
-3154.432770551455	0.01	0.10270900315722051	0.17259744185494846	75280.45239451427
-2208.183262380898	7.686028007144559	26.4954431690691	0.13226715549367657	75280.45239451427
-3154.4327711541982	0.01	0.10270911620455651	0.1725960974538295	75280.45239451427
-2349.236963398226	5.015540194401794	15.421661493495002	0.13522758695667084	75280.45239451427
-3474.306007291469	0.10856095377940359	0.04068059348138556	0.17857839598825329	75280.45239451427
-3154.4327705631295	0.01	0.10270902766894653	0.17259750358907203	75280.45239451427
-3154.432770561488	0.01	0.10270899324669301	0.17259733334736274	75280.45239451427
-3474.306007314469	0.10282813201282867	0.04462182942982407	0.178580112018661	75280.45239451427
-2214.419978032784	7.394112617324238	25.410371873952073	0.1314175541956882	75280.45239451427
-2316.8056405545544	5.224223361295146	16.822275276707437	0.1341915430222267	75280.45239451427
-2346.5504576502058	4.936720245487164	19.10357967146097	0.1323872798456254	75280.45239451427
-3474.306013578684	0.25404144106063964	0.03033830293228746	0.17857118360300936	75280.45239451427
-2230.783519989244	7.523062954011081	24.71195348981843	0.13350705705500723	75280.45239451427
-2186.556156528426	7.96337593703198	29.79021490041782	0.12952117566201982	75280.45239451427
-2206.7112155289324	7.132708388275124	27.17861041714078	0.12974243087280535	75280.45239451427
-2266.4525828478395	5.85843779473827	19.808257391561533	0.13308032931185082	75280.45239451427
-3474.315932683102	0.29096796086049775	0.0557208398594077	0.17865311322462005	75280.45239451427
-3474.368932171992	0.11793078196789508	0.034570059307456706	0.17786232524096976	75280.45239451427
-3474.3251589905776	0.2925023313286078	0.056934482443348776	0.17850319205636792	75280.45239451427
-2207.6767551660078	8.843806419987047	29.690982882278924	0.12678592134135058	75280.45239451427
-3154.432770552487	0.01	0.10270899479655145	0.1725974500971417	75280.45239451427
-3474.3121403740097	0.2900558681737108	0.055007510618248434	0.17860481760495034	75280.45239451427
-2252.930736047482	6.037275241002965	21.051511589616346	0.13173761095811604	75280.45239451427
-2209.3455911220653	7.3715783258154035	25.823341000142612	0.12816065393149725	75280.45239451427
-5162.004643453943	0.675937160105932	0.054595085570665884	0.19774433924123894	75280.45239451427
-3474.3159552990205	0.2911283772345856	0.055846963972982916	0.17858437281899128	75280.45239451427
-2233.846687989559	6.634938246726596	22.446344796163324	0.13187021685185815	75280.45239451427
-3474.3467413667986	0.294442827033398	0.05848614008761762	0.17860699617649417	75280.45239451427
-2188.073501289613	8.299147364925764	29.55971426110053	0.13141681078496642	75280.45239451427
-3474.7611352519825	0.23023241452345292	0.017123741365336505	0.1766543224394713	75280.45239451427
-3474.3415446291183	0.2939931683589904	0.05812823757737495	0.1786489933074371	75280.45239451427
-2246.160300709188	6.22144722631467	21.486474110159822	0.13213178510138904	75280.45239451427
-5162.0232608250435	0.6615725315148456	0.043375146287891506	0.1982037593508793	75280.45239451427
-2310.9334747969083	5.155797314870005	17.914950638068106	0.13286276183339613	75280.45239451427
-2244.095279919462	6.936448300621784	22.640869001808365	0.13169155935499322	75280.45239451427
-2200.6701330328415	7.799204645002926	27.33846055667602	0.13048908375110535	75280.45239451427
-3474.3097454781764	0.28905921762222997	0.05423371745057944	0.17858339721202868	75280.45239451427
-2195.7899854187035	7.999486207090614	28.108584562699427	0.1276948172085664	75280.45239451427
-3154.432770822362	0.01	0.10270889541181145	0.17259754154274462	75280.45239451427
-2261.6000108862045	5.946151897936673	20.170429581325124	0.1329729151464527	75280.45239451427
-2301.4806831726346	5.574139572195347	17.642486732245263	0.13340912875809144	75280.45239451427
-2286.589428022745	5.472586356803608	18.8416727385369	0.13320054270729673	75280.45239451427
-2197.792101173433	7.535795098250039	27.737250544702555	0.12945836835552657	75280.45239451427
-2278.1895856210504	5.852740609906887	19.020924656771395	0.13370730078189583	75280.45239451427
-3474.306012263056	0.2420263753243059	0.02339374809755298	0.17858450180024507	75280.45239451427
-3474.3155377638295	0.29092628338153737	0.05568821555170786	0.1786398663255823	75280.45239451427
-2319.358804423138	5.060424525992536	17.54455545832749	0.13323025052934914	75280.45239451427
-3474.3155136874284	0.29102928911156317	0.05576901837320427	0.17857571925261415	75280.45239451427
-2243.5129593496167	6.41536932474561	21.676887328185124	0.13158209708040763	75280.45239451427
-2223.9783818759047	6.731795779980921	23.80852902764775	0.13076443169019777	75280.45239451427
-2216.5960163801446	6.965843223507154	24.7501312867251	0.12887363240436106	75280.45239451427
-3474.312656096057	0.2901882359987764	0.05511103928538557	0.17853790581489634	75280.45239451427
-3474.4857295095408	0.29842153543627215	0.061753656334442415	0.17843546416378053	75280.45239451427
-2243.5394593401634	6.2116850662597525	22.03249189688226	0.13237210469872643	75280.45239451427
-3154.432770569474	0.01	0.10270903191035406	0.17259789322487437	75280.45239451427
-3154.43277060209	0.01	0.10270900187812251	0.17259838723906282	75280.45239451427
-2205.9413207503812	7.464862727540273	26.355533060816583	0.1329120577834115	75280.45239451427
-2190.966949583256	7.908710202555549	32.23540747016713	0.12769842016703453	75280.45239451427
-3154.4327705443166	0.01	0.10270900566942527	0.17259771204736982	75280.45239451427
-2178.9834041648555	8.40710337349134	32.19758714621345	0.13350056963038476	75280.45239451427
-2283.3499041126165	5.65479610854884	18.656109043368495	0.13357169168028876	75280.45239451427
-2238.0896833203615	6.584341421842622	22.3532345096011	0.1319109368412946	75280.45239451427
-3474.378464060133	0.29593029850266295	0.059691496958944795	0.17860552420650844	75280.45239451427
-3474.310436596098	0.28935052426026947	0.05445934581850638	0.1785471855062419	75280.45239451427
-3474.3121798071656	0.2900806282351355	0.05502675995609371	0.17859935009151018	75280.45239451427
-2242.073652797095	6.64441591059586	22.086505054780332	0.13141250899505932	75280.45239451427
-3154.432771569291	0.01	0.1027091873821726	0.1725963618894873	75280.45239451427
-3566.866992884802	1.9325982597843618	24.499854050642238	0.13264121819091784	75280.45239451427
-3485.171260042462	0.2524876539459459	0.02940464703029965	0.16924340667870033	75280.45239451427
-2325.8779273838645	5.2476436881314985	16.393092120353955	0.1339857059498834	75280.45239451427
-3154.4327707597085	0.01	0.1027090551927727	0.17259880719814646	75280.45239451427
-3474.32355045032	0.29239364674437235	0.056846268265556325	0.17861277499704156	75280.45239451427
-2325.7219218342334	5.011414107031276	16.87248693850922	0.13476717899668958	75280.45239451427
-3154.432770557837	0.01	0.1027090143770835	0.1725973936832215	75280.45239451427
-2283.0165301521906	5.807426780641995	18.72701122849788	0.13383771871521763	75280.45239451427
-5162.00243922888	0.6751173108110324	0.053914643005680246	0.1977775829266995	75280.45239451427
-3154.432770613421	0.01	0.10270897528211566	0.17259834725187143	75280.45239451427
-8777.701582674994	0.8849895620481734	0.0484023375995929	0.21822400009810045	75280.45239451427
-3154.4327709233294	0.01	0.10270907952671493	0.1725990980455991	75280.45239451427
-2261.6323016921933	5.9175478102444	20.33738058571	0.13206274604929563	75280.45239451427
-3154.4327713789153	0.01	0.10270907128152745	0.17259523006295832	75280.45239451427
-5162.0019114689585	0.674798945420961	0.053651780492714185	0.19774641409649715	75280.45239451427
-3474.307026445	0.28566337917436135	0.051643044413606495	0.17854169900152309	75280.45239451427
-2280.7702565861155	6.086488340489001	19.24331037442002	0.13254529217625918	75280.45239451427
-3474.4590981240926	0.29781371194042067	0.06124997661369404	0.17883922042073394	75280.45239451427
-2285.8826410973306	5.819271912583438	18.597970221935118	0.13305044549961423	75280.45239451427
-2225.577862639597	6.6298476821677435	23.873252906027968	0.1305287353978047	75280.45239451427
-3474.313614902736	0.2905167122578602	0.05536611219361689	0.17857861713130221	75280.45239451427
-3474.306013823282	0.2777079159978738	0.04582188707510945	0.17858341718650278	75280.45239451427
-2178.3225911619384	8.202484284889502	32.24218096554567	0.1330592180800807	75280.45239451427
-2201.404939407507	7.597594188263318	27.022016471668294	0.13182319104926335	75280.45239451427
-2249.4814083551246	6.1681389031537215	21.30007803854495	0.13178473168974428	75280.45239451427
-3474.3114410582616	0.2898303899871037	0.05483189056372251	0.17857487528673896	75280.45239451427
-2266.958600670845	5.891289134561241	19.795779523499302	0.13223694468345878	75280.45239451427
-3474.3090403004053	0.2886400980843854	0.05390999335938175	0.17858110923789144	75280.45239451427
-3474.306021877782	0.11883078785495674	0.03400396359597963	0.17858135682093979	75280.45239451427
-3474.309851332423	0.2889875443736997	0.05417868929249907	0.17853558505177808	75280.45239451427
-2191.890908162083	7.908332171599225	28.852000652977217	0.1323376466846361	75280.45239451427
-3474.3059816432647	0.09780941088118479	0.04820824004419053	0.17857432007224658	75280.45239451427
-3474.3060080215887	0.12361041069327251	0.031054505520490026	0.1785789636170876	75280.45239451427
-2224.111432847644	6.675031078616582	25.11207495115959	0.13237280041393776	75280.45239451427
-3474.317947962854	0.2915318846099769	0.056164471878007126	0.1785904724553038	75280.45239451427
-2202.1346120971502	7.524146016009696	26.85297198067908	0.1289206836903307	75280.45239451427
-3474.306041448043	0.2716803983316716	0.04163170597499329	0.17856179324161944	75280.45239451427
-2183.5204959058556	8.617786419905348	30.77783308443866	0.12749192621450808	75280.45239451427
-3474.30600748547	0.2314639815804836	0.017753422448051025	0.17857871989411983	75280.45239451427
-3474.3112271817945	0.28974616303023026	0.054766191879500395	0.1785799360507206	75280.45239451427
-2160.126151862309	10.853000961869139	37.770338379653666	0.12498644617038818	75280.45239451427
-3474.317495517458	0.29143726159106104	0.05608975372523015	0.17855703739776382	75280.45239451427
-2207.6691753995037	7.26082516176077	25.95885590955742	0.13065595074289874	75280.45239451427
-2214.3744613776157	6.964271962672205	25.44618290984065	0.12750576185664822	75280.45239451427
-2169.455589535578	8.242866897889133	34.53316584344611	0.12826908746059507	75280.45239451427
-5162.003608413068	0.6755876093205188	0.054304025893012434	0.19779577839530674	75280.45239451427
-5162.003496319867	0.6755697435940016	0.05428917030997239	0.19777975579046372	75280.45239451427
-2218.056986666207	6.8572023539909335	26.342564530415803	0.13110719621900618	75280.45239451427
-2210.0996852613757	7.161194161712643	29.062534139624685	0.13079178487163348	75280.45239451427
-5162.0009246599	0.6742075131241039	0.05316546020866318	0.19777706408157336	75280.45239451427
-2178.812012063884	8.45802438913533	31.359244396228576	0.1268784789932712	75280.45239451427
-3474.314531209013	0.2907894896806843	0.055581041574084854	0.17858465374050275	75280.45239451427
-3475.0575674239494	0.15703836314630742	0.012964769898845407	0.1761065612347181	75280.45239451427
-3474.321954974525	0.29218551364750467	0.05668205153775714	0.17857434394027047	75280.45239451427
-2149.6255373729173	11.029917792390682	41.41608703815174	0.12646454713312297	75280.45239451427
-3154.432771642172	0.01	0.10270897177846934	0.172600690601906	75280.45239451427
-2178.7937106903714	8.899240875274439	32.21275740830453	0.1250534253897181	75280.45239451427
-3474.3201157564713	0.29190945511937916	0.056462206677414244	0.17857962744252323	75280.45239451427
-5162.018368891348	0.6783465747431673	0.05662523070155904	0.1977536678455616	75280.45239451427
-2210.729896222665	7.06869588000847	25.88584057305947	0.1319986044744152	75280.45239451427
-8777.715696537389	1.0626800902020246	0.05603161856419746	0.21820882020971372	75280.45239451427
-3474.3138530635165	0.2905115298410208	0.05536519168916193	0.17860367675384275	75280.45239451427
-8777.71966439253	1.0631415264305284	0.056467559407915084	0.21823472203004643	75280.45239451427
-2205.024005461344	7.666989702225221	26.787137655433135	0.13321044188994582	75280.45239451427
-3474.3061683527512	0.28268408747472457	0.04942163353761632	0.17860032575340884	75280.45239451427
-2254.956986297413	6.519159874516615	21.131762370584013	0.13301595877420586	75280.45239451427
-2258.088414331317	6.684516356706071	31.83832947206449	0.133427689276595	75280.45239451427
-3474.386205863273	0.1338402364410211	0.025057214686804632	0.17776992029068914	75280.45239451427
-3474.3717257169146	0.29554877715599503	0.059380878429760885	0.17842022333809415	75280.45239451427
-3474.317516499302	0.2914515150151965	0.05610149472264059	0.17858051323514604	75280.45239451427
-3154.4327705867354	0.01	0.10270904398213022	0.17259781360487958	75280.45239451427
-3154.432770547204	0.01	0.10270900333769895	0.17259785264894437	75280.45239451427
-2285.7488736408413	5.722193572648804	18.47898061592425	0.13296643526960375	75280.45239451427
-3474.3060073805623	0.26678493633529915	0.03835786670013175	0.1785779296337214	75280.45239451427
-2276.2309693073857	5.991199437365362	19.27925587951449	0.13363856334391536	75280.45239451427
-3154.4327705870714	0.01	0.10270901045687303	0.1725971006314365	75280.45239451427
-3154.4327705903233	0.01	0.10270900406915408	0.17259706877409273	75280.45239451427
-3474.3060126887467	0.27015607000838165	0.040600104748021594	0.17857787835852612	75280.45239451427
-2147.1980928776884	11.05187825750269	43.26230245321051	0.12948944030337967	75280.45239451427
-3474.3063606698306	0.28454821638281	0.05080419121056721	0.17858090304051405	75280.45239451427
-2282.5488109438365	5.741079528482421	18.701308011160755	0.13329631167583278	75280.45239451427
-3154.432771018826	0.01	0.10270902280551379	0.1725957175204624	75280.45239451427
-2308.565253138325	5.2741671490189255	17.29475831247971	0.13344343889070834	75280.45239451427
-2239.3066990199986	7.3845412342332315	23.990317382868245	0.12928165826496318	75280.45239451427
-3154.43277273686	0.01	0.10270877161394203	0.17259493467173165	75280.45239451427
-2232.9645303966745	6.458400875675207	23.3113882380666	0.13091628034322442	75280.45239451427
-5162.002261883488	0.6749979138502636	0.05381615570725026	0.1977505440053136	75280.45239451427
-2151.0307248212666	11.99798728554019	42.43738398380855	0.13319135072421004	75280.45239451427
-3474.306091744977	0.10766110322440663	0.041288533031898146	0.17855281023418157	75280.45239451427
-2154.838112920715	9.15942235376295	39.2199780074542	0.128981476513938	75280.45239451427
-2218.6689970820316	6.979619334415294	24.295585097194177	0.1319779583333869	75280.45239451427
-3474.3300128831843	0.29314202077441887	0.057442011777562946	0.17855100439275523	75280.45239451427
-3474.311193611391	0.2897200367995458	0.05474576039045607	0.17856341587455504	75280.45239451427
-2266.350750720449	5.869073896823853	19.88348327717699	0.13211056233803403	75280.45239451427
-2317.7033113485986	5.420865791030818	22.30916162946395	0.13145741446376735	75280.45239451427
-3474.3060066020753	0.10105363938059624	0.04587489555644948	0.17858176258624556	75280.45239451427
-3154.4327718451304	0.01	0.10270888248523705	0.1725948692873366	75280.45239451427
-3474.3078508988774	0.11003401220080025	0.03969354717939736	0.17870091873911806	75280.45239451427
-3474.3128265030628	0.2903012231169221	0.055198881046403525	0.1785940971377137	75280.45239451427
-3474.316769719568	0.29130283148320113	0.05598408234956361	0.17858362022665378	75280.45239451427
-3474.322993425815	0.2923371583463892	0.056801512898962	0.17858510481923323	75280.45239451427
-2224.027326341822	6.696262565129944	25.472629119666852	0.13247228075398118	75280.45239451427
-2243.9730856734104	6.391375155298247	21.676584217423162	0.13399914128074847	75280.45239451427
-2256.2290271714583	6.829027464789772	21.76167110419103	0.13145379150657474	75280.45239451427
-3154.4327714695783	0.01	0.10270908822560283	0.17259518192936688	75280.45239451427
-2267.35038054705	5.7718153599829805	20.065522298378593	0.13378313720170643	75280.45239451427
-2256.8572385931548	6.116904024657976	20.50503497606005	0.1333556015581683	75280.45239451427
-3474.3230838558543	0.2923117473958767	0.056781255303076844	0.1785306988961931	75280.45239451427
-2259.9472630964256	5.9175625674133565	20.446484423358772	0.1319880366644569	75280.45239451427
-3474.325447428435	0.1068731233199588	0.041824508106635135	0.17818008783698341	75280.45239451427
-3154.432770544042	0.01	0.10270900269507846	0.17259769023827662	75280.45239451427
-3474.30604247666	0.2763091630289294	0.04483317989899258	0.17856193894018357	75280.45239451427
-3474.3686054451673	0.2955224852058798	0.05935992612589528	0.17865336812201335	75280.45239451427
-2285.6034122633982	5.664469063330223	18.50383655778204	0.13381002979313833	75280.45239451427
-2236.9820478404836	6.417862399899913	22.375701081743863	0.13166027974444255	75280.45239451427
-2274.675467230002	5.849847547156423	19.225350374165046	0.13342673846010275	75280.45239451427
-2253.472035523585	8.751559819811206	27.240849095284915	0.13061181582319364	75280.45239451427
-5162.031598177047	0.6794460885506501	0.05756824266480244	0.19773830904268652	75280.45239451427
-8777.710363062175	1.0614915707655708	0.05491908681553333	0.2181209686086648	75280.45239451427
-3154.432771430018	0.01	0.1027089901029596	0.17259497493170736	75280.45239451427
-3474.314847320568	0.29084438089790704	0.05562394489180172	0.1786077604021168	75280.45239451427
-5162.002048982867	0.6749221310932713	0.05375330693610884	0.1977689660287152	75280.45239451427
-2305.8488721578915	5.500698067806988	17.386872304363223	0.13413118606873697	75280.45239451427
-3827.573029163566	1.432856489255977	25.368545557889693	0.13475358354703854	75280.45239451427
-2221.160834409149	6.888610619858134	24.07770314877523	0.13046759719055873	75280.45239451427
-2270.743069242869	5.917780327784981	19.50312963737591	0.1324245734333765	75280.45239451427
-3474.3089242253463	0.28854809760509853	0.05383965044843055	0.1785731317701336	75280.45239451427
-3034.229041625955	3.2061324755112666	27.709817610071433	0.1290762197581019	75280.45239451427
-3474.3170110844717	0.2913442402848303	0.05601617420376799	0.17856462097000647	75280.45239451427
-3474.313359003734	0.29047030557286874	0.05533076317180142	0.17858002474064366	75280.45239451427
-2251.821341691294	6.135728357889977	21.079338076077093	0.13205606353209037	75280.45239451427
-2183.738964336667	8.294598589858966	30.377688168482536	0.12657806422574613	75280.45239451427
-3154.432770545367	0.01	0.10270900092157138	0.17259758865727667	75280.45239451427
-3474.306013395815	0.27862270899740127	0.04647382848838593	0.1785777273183164	75280.45239451427
-2222.3598840496634	6.8384745471463395	26.885811997934834	0.13296759501719793	75280.45239451427
-3474.31666181682	0.2912716900448658	0.05595968267794555	0.17855939827006057	75280.45239451427
-3154.4327706954	0.01	0.10270894394914044	0.17259693477622284	75280.45239451427
-2160.2514323215473	9.50375840113584	38.04073275424823	0.12234049623885672	75280.45239451427
-3474.312686700282	0.28971785629234953	0.05474299067922449	0.17868504325801698	75280.45239451427
-3475.987307246996	0.23258037834437645	0.018330320157784696	0.17488755500159128	75280.45239451427
-2289.1051989541606	5.526128090975513	18.355275818997328	0.13350616045673355	75280.45239451427
-2201.786811455755	8.333462230783569	28.54483312677022	0.13265566202064177	75280.45239451427
-2210.402640555275	7.2664314595754425	25.580519607744503	0.1295378939150629	75280.45239451427
-3474.315978179409	0.29111597804240796	0.05583701336548538	0.17860439678286605	75280.45239451427
-3154.4327705622263	0.01	0.10270899113288454	0.17259733724576817	75280.45239451427
-2243.7452992603708	6.778645595334643	22.270996701986647	0.13026400207832795	75280.45239451427
-3474.493519355733	0.24773671720745372	0.026622396564706923	0.17734238084242696	75280.45239451427
-3154.4327705441983	0.01	0.10270900413661108	0.17259766346518854	75280.45239451427
-2269.773265610108	5.766581700806209	19.77314652075607	0.1325980735781123	75280.45239451427
-2177.08565101279	8.77022885238563	32.05806994807271	0.13161223502386904	75280.45239451427
-2250.9953317151007	6.150186416772145	21.0230442172907	0.13242330018361043	75280.45239451427
-8777.719650501718	1.0631335639885287	0.05646138435713595	0.21822886398244556	75280.45239451427
-2289.640800166695	5.683041889660475	18.293962418610175	0.1319225471602863	75280.45239451427
-2251.743279014138	6.176780895432297	20.9247685355811	0.13159594187385826	75280.45239451427
-3154.4327705440583	0.01	0.10270900283031283	0.17259769122902408	75280.45239451427
-3474.3207500453736	0.29201088251372753	0.056542775319580955	0.17857107191118418	75280.45239451427
-2239.6836023533488	6.4465150227837364	22.172703053197843	0.1314780307511219	75280.45239451427
-3474.306520133149	0.2590722573401749	0.03342049961100755	0.17851375625380445	75280.45239451427
-5162.018331512393	0.6783458141602351	0.05662498154821593	0.19776610383600166	75280.45239451427
-3474.3062831201655	0.2842079820336738	0.050550831694305035	0.17856836677558985	75280.45239451427
-5161.999153823018	0.6717689798657502	0.051189604630748134	0.1977752646630678	75280.45239451427
-8777.707362016463	1.061107255710245	0.054562427006414504	0.21823114906640537	75280.45239451427
-2169.7732577847096	8.888863341320553	34.78027927242894	0.13164928354387231	75280.45239451427
-2184.2381081452895	8.064128055282966	30.23343863842417	0.1320212838101622	75280.45239451427
-3154.43277055475	0.01	0.10270902383181772	0.17259768683079776	75280.45239451427
-3474.308237167194	0.2880350483452273	0.05344473075627635	0.1785809197989661	75280.45239451427
-3474.3129405740965	0.2903448932561942	0.05523300052404178	0.17857297891350662	75280.45239451427
-2191.835616981144	8.0129251556413	28.785687123241523	0.12968894154221136	75280.45239451427
-5161.998609808388	0.6419236096464077	0.03005530722601888	0.19776976743695654	75280.45239451427
-3474.3089979535926	0.28855664282912147	0.05384524536241691	0.17855565454290975	75280.45239451427
-2218.6916590125256	6.857233426305958	24.49389776389053	0.13074012335013505	75280.45239451427
-2155.1428532104446	10.97424799730578	41.892727785409704	0.13544161186505857	75280.45239451427
-3474.3067991513008	0.28610110727648136	0.0519717578859326	0.17858062793756618	75280.45239451427
-3474.3107716098	0.2892811462709378	0.05440545708084408	0.17850845882675392	75280.45239451427
-3154.4327709623617	0.01	0.10270897883098495	0.17259585192689347	75280.45239451427
-3474.309747175769	0.2890618152477177	0.054235674466819345	0.17857937575202898	75280.45239451427
-3474.3341107837873	0.2935308820080234	0.05775331997271599	0.17858402275349722	75280.45239451427
-3474.306247445421	0.14641275285967237	0.018248225704204774	0.17853451292691677	75280.45239451427
-2217.2340299789767	7.034388540305217	24.614515165093113	0.13109667394485458	75280.45239451427
-2236.4790152727437	6.677459963962149	22.500864551706524	0.1315045194864569	75280.45239451427
-3474.4161350312515	0.28240924297048614	0.049218631017245204	0.17763143502061776	75280.45239451427
-2221.364262288248	9.119933566450811	29.37130203592353	0.12381569943634801	75280.45239451427
-2256.53062222888	6.001523523429005	20.657286667508036	0.13053789620000356	75280.45239451427
-3474.3333988027343	0.2933184741150016	0.05758315841062876	0.17869503269594025	75280.45239451427
-3474.3100773451188	0.2892184245568787	0.05435633947848735	0.17857005740504525	75280.45239451427
-2193.9548431452477	7.595925323308629	29.45758982802504	0.13084358432676962	75280.45239451427
-2232.466114852447	8.044559499419423	26.150458029642927	0.13152883781905195	75280.45239451427
-3474.315656677191	0.2910618748187995	0.05579460043055747	0.17857459349007945	75280.45239451427
-3154.432770544051	0.01	0.10270900277282456	0.17259768987639199	75280.45239451427
-3474.465879375419	0.29813874602489293	0.06151363496522151	0.1785160658790752	75280.45239451427
-3154.4327705440987	0.01	0.10270900378229361	0.1725976995927489	75280.45239451427
-3474.389858341762	0.26833170100753523	0.03937989375020762	0.17775154494517328	75280.45239451427
-5162.018734216077	0.6783897847466295	0.05666197322941797	0.19777814177313713	75280.45239451427
-2224.7837527305037	6.66005484015382	24.378454156219366	0.12747243301984007	75280.45239451427
-3154.4327705440455	0.01	0.10270900307016513	0.17259769416981435	75280.45239451427
-2239.777799017538	6.399798610742942	22.132666277825773	0.1287803622587409	75280.45239451427
-3474.311913672253	0.2900059053614682	0.05496855425986983	0.17858000879788974	75280.45239451427
-3154.4327729729625	0.01	0.10270903484574471	0.17260217324824523	75280.45239451427
-2193.541862512935	7.985100494623356	28.356939760981984	0.1292350605862402	75280.45239451427
-3474.3060073964066	0.11358610149280143	0.0373543037477682	0.17857903461240587	75280.45239451427
-3474.305782162701	0.09460829212759857	0.05056576284798832	0.1785776187760413	75280.45239451427
-3154.4327710127454	0.01	0.10270902091520319	0.17259965277059616	75280.45239451427
-2230.6346405968343	6.518651167529946	22.79745525225805	0.13070742138075403	75280.45239451427
-2332.8463365972534	4.968293941703274	16.3364046498693	0.13502753564113856	75280.45239451427
-3474.3197250521134	0.2917319058963967	0.05631927539061327	0.17859574006954118	75280.45239451427
-3474.306843137163	0.28511328680138487	0.05122792473766756	0.17863437940726262	75280.45239451427
-2271.160389716567	5.78297892171911	19.465244861212714	0.13299272882236962	75280.45239451427
-3154.4327706501026	0.01	0.10270898688556519	0.17259677632089224	75280.45239451427
-2284.973565090557	5.724999754451544	18.556049169398065	0.13303917945473048	75280.45239451427
-3474.306007313052	0.10914594263814327	0.04028734228171147	0.17857801388950895	75280.45239451427
-2182.126201483823	8.52500967312028	30.70534617089098	0.1283309416758504	75280.45239451427
-3474.366987343064	0.2954651075740192	0.059315045214191564	0.1785176739954976	75280.45239451427
-2230.693037432942	6.7659062610058625	23.030098456276384	0.13144293610871213	75280.45239451427
-3154.432770586446	0.01	0.10270901589264397	0.17259825549144664	75280.45239451427
-3474.3084375627095	0.28810236565041053	0.0534952239509953	0.17858723606126622	75280.45239451427
-3154.432770844583	0.01	0.10270893303939192	0.17259893534400558	75280.45239451427
-3474.3206272620073	0.2919885101311821	0.056525404971528595	0.17859337141512305	75280.45239451427
-3154.4327705441224	0.01	0.1027090025217665	0.17259771568720678	75280.45239451427
-3474.308269263211	0.28806174085117553	0.05346528941127765	0.1785747327516847	75280.45239451427
-2248.2812536160045	6.243479347720372	21.318701984424592	0.13178382242712663	75280.45239451427
-3154.4327705469104	0.01	0.1027089977688669	0.17259782866153617	75280.45239451427
-2279.9538912899525	5.928657093223435	24.375436509672706	0.13115579583485512	75280.45239451427
-3474.314025331193	0.2905577822513075	0.05539854728396602	0.17852807108727434	75280.45239451427
-3154.432770814224	0.01	0.10270908528078238	0.17259674167363875	75280.45239451427
-2213.5596831386074	7.125535518274382	25.101312903918597	0.13058134431340257	75280.45239451427
-2205.23351336044	7.3600534219730545	26.37575366373283	0.12873150155600413	75280.45239451427
-2179.347601069456	8.437944051832728	31.152872920182045	0.12951962617706855	75280.45239451427
-3474.3271875677283	0.2928250048613364	0.057189050775760954	0.1785332344959779	75280.45239451427
-2169.595122511957	8.469026211097596	34.87059776401842	0.1323422303008269	75280.45239451427
-3154.43277202475	0.01	0.10270906225099516	0.17259427154086368	75280.45239451427
-3474.325052752779	0.29259474094385457	0.057006083928345705	0.17855364539409493	75280.45239451427
-3474.318876039184	0.2916971281160063	0.05629517816832565	0.17859458322613594	75280.45239451427
-3474.3060280077416	0.28018088197045854	0.047594450525219004	0.17858088673391231	75280.45239451427
-3474.3230588956244	0.2923266683788629	0.05679335394680941	0.1786130188010873	75280.45239451427
-2240.2559300504736	6.463020799600712	22.01318814803406	0.13309081686196192	75280.45239451427
-2234.617666797464	6.640830368539014	22.44686530421998	0.13261150601359237	75280.45239451427
-2173.04511065633	8.540509554445796	33.203130958237026	0.1282677087674582	75280.45239451427
-2243.3347279059126	6.347972651613668	21.687506011324672	0.13131075337409326	75280.45239451427
-2276.10049711462	5.702296392652809	19.210310218747527	0.13298054756766012	75280.45239451427
-3474.311937032495	0.2898418588835513	0.05484039211217785	0.17863941559795476	75280.45239451427
-3474.3159736849684	0.2911217496840693	0.0558409077089299	0.178588151082928	75280.45239451427
-8777.701747147263	1.0552831895072305	0.049364646920370805	0.2182235263938927	75280.45239451427
-2306.276311875612	5.437963341678034	17.32844363812562	0.13399795826360678	75280.45239451427
-3474.305753222696	0.09440645520616736	0.05071640344114518	0.17857890963693743	75280.45239451427
-3154.4327705747946	0.01	0.10270901861708716	0.17259723571049634	75280.45239451427
-2276.3507860866566	5.766414603496763	19.057872684676745	0.13323754977705574	75280.45239451427
-2293.564295283738	5.534243745581825	18.025415152424518	0.13345311375914018	75280.45239451427
-3474.330093648888	0.2931499488937821	0.057448668645945604	0.1786065757694553	75280.45239451427
-3154.432770544304	0.01	0.10270900144464437	0.17259773398013528	75280.45239451427
-3154.4327706777576	0.01	0.10270895638533689	0.17259686246106615	75280.45239451427
-3474.3063125759973	0.2744351336587897	0.04352561631537822	0.17856402297743776	75280.45239451427
-3474.3073516296063	0.2870485651644764	0.0526902608723148	0.17858072987137733	75280.45239451427
-2163.649625240553	9.223419288360834	36.47046543968171	0.13176442338701566	75280.45239451427
-3154.432770544041	0.01	0.10270900269892085	0.17259769057367041	75280.45239451427
-3154.432770544057	0.01	0.10270900282718805	0.17259768728951153	75280.45239451427
-3474.311913352359	0.28999666863668105	0.05496114005381714	0.17856462718057992	75280.45239451427
-3154.432770544059	0.01	0.10270900306444385	0.1725976947311709	75280.45239451427
-2296.380617857529	5.5575086062261505	17.867231405692998	0.1336933467204077	75280.45239451427
-3154.432770552243	0.01	0.10270898500282673	0.17259761391217887	75280.45239451427
-3474.308672697525	0.288383180839306	0.05371215575471678	0.17857421940616255	75280.45239451427
-3474.306010001287	0.2708819514526008	0.04109011843429044	0.17857395527896316	75280.45239451427
-3474.3060622225576	0.2320031130951977	0.018030935356438356	0.17856091134892088	75280.45239451427
-2220.9460389512424	6.869084394024147	24.1265989171534	0.1304625844744385	75280.45239451427
-2230.445351264708	6.5220747478955525	22.813503785079497	0.13110290250791326	75280.45239451427
-2262.073527546354	6.080193710321966	20.109920508434097	0.13222690353054933	75280.45239451427
-3474.3092436093257	0.28877042533667746	0.054010586346214896	0.17857729367408423	75280.45239451427
-3474.3060362992865	0.24347319138706397	0.02419979913293899	0.1785631385253472	75280.45239451427
-2216.4871507478056	6.9263715675233195	24.69423387300838	0.13366505755168392	75280.45239451427
-3474.363436171368	0.29532204571945203	0.05919826814664482	0.17854403659148077	75280.45239451427
-3474.3060511161048	0.2627636575221173	0.035751160774170974	0.17856808413178743	75280.45239451427
-3474.306007338354	0.26015949170388064	0.03410078959691737	0.17857828021919744	75280.45239451427
-2232.5089885435054	6.4766017649560235	24.382548240102544	0.13196102908421006	75280.45239451427
-2214.7893083730387	7.043363722239206	24.936888870349527	0.1304011746496004	75280.45239451427
-3474.3491709961377	0.29456703632901654	0.05858666340415888	0.17851652745620847	75280.45239451427
-5162.008904598736	0.677005225009524	0.05548943339099125	0.19778924586588398	75280.45239451427
-2229.85696505095	6.518395692740369	24.381570919196786	0.1293084361352594	75280.45239451427
-2185.487777989223	8.17622394319978	30.47153436905212	0.133303162082655	75280.45239451427
-2213.2351763042725	7.016837732755904	25.206554380883258	0.13032674340552694	75280.45239451427
-2180.805329347423	8.355983269975393	31.003451497323255	0.13191657204702362	75280.45239451427
-2262.5736319758025	5.985518610354571	20.06834422422489	0.13191776119505946	75280.45239451427
-2258.493148611046	6.13667137880774	24.343934153366888	0.12755960567673164	75280.45239451427
-3154.4328870782338	0.01	0.10270830215659213	0.17262732361387842	75280.45239451427
-3474.3115521921	0.2898716771781746	0.05486387151238436	0.1785835727986381	75280.45239451427
-2195.3699950400774	7.619724733246928	28.11946692460541	0.12884413000833736	75280.45239451427
-3154.4327708442916	0.01	0.10270904355774194	0.17259621359404512	75280.45239451427
-2185.2692636033025	7.493309534697847	30.740416231982387	0.12474086250396253	75280.45239451427
-2198.336787933753	7.459589219132254	28.27925014481748	0.13177474933594857	75280.45239451427
-3474.3152781298845	0.2908904266428492	0.05565827453542506	0.17861092994081537	75280.45239451427
-5162.014582545433	0.6777490709369635	0.0561131748873106	0.19781566432796832	75280.45239451427
-3154.4327735304278	0.01	0.10270865175177951	0.17259714114225505	75280.45239451427
-2142.4596651366965	11.864798739033626	42.260115589946146	0.12265332715520691	75280.45239451427
-2203.6862176992245	8.46116530991783	28.503894159805522	0.12879222438321786	75280.45239451427
-2223.56101220704	6.832818415401883	23.800502502407568	0.13117847874152025	75280.45239451427
-3474.330572159097	0.2931109770685454	0.05741843797747438	0.17849326319097988	75280.45239451427
-2236.6104621130703	7.051079002243145	23.244233244070593	0.12951636271250802	75280.45239451427
-3474.320183568166	0.29188202558593074	0.05644191695945071	0.17853871167822502	75280.45239451427
-3154.4327777285307	0.01	0.1027093964669	0.172592285175817	75280.45239451427
-3474.3107438107163	0.2895417793821803	0.054607673928228996	0.17857049719515686	75280.45239451427
-3154.4327705783876	0.01	0.1027090067037891	0.17259822322453555	75280.45239451427
-2245.0780612602857	6.170048647420887	21.958060233730816	0.1314888902017141	75280.45239451427
-2233.3257092757985	6.601236444642957	22.497438325242133	0.1315439853201028	75280.45239451427
-3154.4327713792763	0.01	0.10270915101586	0.1725960780085466	75280.45239451427
-3154.432770606576	0.01	0.10270903928503125	0.1725981938093122	75280.45239451427
-3474.3159028534624	0.2909806398051333	0.055730955382514664	0.178648345077199	75280.45239451427
-3154.432773191216	0.01	0.10270904618240982	0.172593024070929	75280.45239451427
-2336.942277165244	5.172217409682555	15.93491866806461	0.13458512764582256	75280.45239451427
-3474.309140866237	0.28870526952233105	0.05396031558205798	0.17858143933639425	75280.45239451427
-3154.4327705912006	0.01	0.10270896553474536	0.17259734859988834	75280.45239451427
-3474.3124814485805	0.2900627560902073	0.05501048966384788	0.1785833293676776	75280.45239451427
-2254.33575748571	6.381039580140142	26.382242424088464	0.12969751825446332	75280.45239451427
-3474.317441843601	0.29143824754494063	0.056090805014484844	0.17857730746848313	75280.45239451427
-2267.315659614507	5.934917495988331	19.753418125989025	0.1334269493360072	75280.45239451427
-3474.3148352305475	0.28944982401201413	0.05453615664109153	0.17876596050756707	75280.45239451427
-2276.1561296241052	5.67028977385316	19.307110936732432	0.13289864174689936	75280.45239451427
-3154.4327724848563	0.01	0.10270885920369317	0.17259421678868664	75280.45239451427
-2226.4465986344126	6.793843159038019	23.50224358596339	0.13269143827552218	75280.45239451427
-2282.8507606101703	5.6881881640292535	18.676317664032624	0.13278214423285595	75280.45239451427
-3474.3116182787985	0.2897119826143854	0.054739834621033594	0.17864092523930292	75280.45239451427
-2293.059580023116	6.093085511797741	18.836764176209197	0.1338722888458969	75280.45239451427
-3154.4327708581995	0.01	0.10270911721410568	0.1725976489141106	75280.45239451427
-2303.027378427558	5.356503593557972	17.55092699734137	0.13395237808183152	75280.45239451427
-2249.276100584139	6.183846319217005	21.29108533801327	0.13150607855960175	75280.45239451427
-3154.4327955132912	0.01	0.10270897293198764	0.17258324759812432	75280.45239451427
-2226.3938691734456	6.701316750755944	23.480514673865027	0.1308633478750065	75280.45239451427
-2179.100057563078	9.793647716225559	34.00234006933089	0.1261437075310288	75280.45239451427
-2223.589633453012	6.6905773461525575	24.53441738865719	0.13361743360379405	75280.45239451427
-2241.8449319591764	6.260257592313222	22.089247711859635	0.1322666657116465	75280.45239451427
-2249.2299689032902	6.148123296810148	21.243131803616233	0.132576633073385	75280.45239451427
-2172.6831488605144	9.24748911089419	33.370389985836084	0.12625249324228116	75280.45239451427
-3474.3100919615154	0.2892120801544504	0.05435109841708302	0.17857839429412267	75280.45239451427
-3474.3065758319285	0.2855149766867438	0.05152968726120411	0.17858033659004516	75280.45239451427
-3474.31999628818	0.2918797372597309	0.056439732810929163	0.17860037538940599	75280.45239451427
-3474.310483033669	0.28941382546622	0.054508284158022426	0.17859461285221717	75280.45239451427
-8777.709055733125	1.061549063308918	0.054971567672405595	0.2182374715655993	75280.45239451427
-3474.3060097069424	0.2637871282713397	0.03640751277238316	0.1785827588568971	75280.45239451427
-3474.3060684484844	0.2725246163989959	0.0422079284771229	0.17860035879997604	75280.45239451427
-3154.4327705970777	0.01	0.10270901106400686	0.17259834555617895	75280.45239451427
-2234.4675703701373	6.400567639405328	23.016939978150404	0.13123914869606568	75280.45239451427
-2184.374872968001	8.13342618405222	31.360897372121556	0.1227117519849502	75280.45239451427
-2262.699765012	5.862943223502995	21.573799005548093	0.13138385287293397	75280.45239451427
-2204.243831612118	7.755896002417496	26.928385184185256	0.12918402615483243	75280.45239451427
-2214.539792110643	7.5819464452116865	25.749214317891912	0.13123661115235835	75280.45239451427
-3154.4327706739195	0.01	0.10270907351268066	0.17259797408814231	75280.45239451427
-2237.172671430778	6.370872336608935	22.51045220596756	0.13018178858563595	75280.45239451427
-2231.673734485892	6.4673505870899985	23.493266574063096	0.12990171610889853	75280.45239451427
-2268.57419110335	5.760897723541364	20.0335346767148	0.13185287877314278	75280.45239451427
-2211.2060752525413	7.036786433757393	27.030342436761547	0.1302983711191268	75280.45239451427
-2219.9154838006566	7.015669578177313	24.375887679870534	0.12799161399692865	75280.45239451427
-2253.788591014647	6.171512494930815	20.833951704538325	0.13182741215760868	75280.45239451427
-3474.328184661231	0.29295672516428667	0.057294034090176076	0.1785993268351056	75280.45239451427
-3474.3203669876007	0.29194978177810693	0.056494169948803775	0.1785731788983621	75280.45239451427
-3154.4327706852882	0.01	0.10270907816686392	0.1725974860833185	75280.45239451427
-3474.306019380768	0.2794576822323295	0.04707276195020734	0.17857850807689532	75280.45239451427
-3474.312930948238	0.2903388675075052	0.05522824256563933	0.17858896401348784	75280.45239451427
-8777.760784675356	1.0654564565018259	0.058699350501666456	0.21820559001249148	75280.45239451427
-3474.3060378834493	0.26243436648365237	0.03554066429535945	0.1785633698497355	75280.45239451427
-3154.4327707261905	0.01	0.10270900002136177	0.17259892435153507	75280.45239451427
-3474.306146379902	0.23445224807142068	0.019305909856193904	0.17854491749486723	75280.45239451427
-2211.6672717166307	7.005192862187906	26.51292953058778	0.13127561394491483	75280.45239451427
-3154.432770544079	0.01	0.1027090034840534	0.17259768031597106	75280.45239451427
-3474.411769338548	0.29697051426838195	0.060546071342313115	0.17855204232292368	75280.45239451427
-3474.3061262990486	0.11104312335283711	0.03902303795116251	0.1786094752744638	75280.45239451427
-3474.306007750254	0.10996075003702384	0.03974222578944879	0.17857772526675467	75280.45239451427
-3154.43277239099	0.01	0.10270926619098106	0.17259643645487188	75280.45239451427
-3474.3007702495356	0.08872758881240266	0.05504869174080967	0.1785785321550102	75280.45239451427
-2268.4808994952045	5.969033136304184	19.687593412675692	0.1313001985094415	75280.45239451427
-3154.4327705507194	0.01	0.10270901454069566	0.17259752354329316	75280.45239451427
-2288.7873152381626	5.574058067672522	18.32028803555887	0.13308041542825763	75280.45239451427
-2226.819053259901	6.742139353000022	23.401693301175076	0.1311307140652661	75280.45239451427
-2210.052367885857	7.129489170703809	25.670157876202044	0.13066279654259705	75280.45239451427
-3154.432770805799	0.01	0.10270897251759951	0.17259910844328238	75280.45239451427
-3474.311289253019	0.2896980955005718	0.05472753768074375	0.17856471629686818	75280.45239451427
-2313.959909919372	5.430239219789693	16.990361574934905	0.13416942726732048	75280.45239451427
-3154.4327717561764	0.01	0.10270882178537477	0.17259580475278233	75280.45239451427
-3154.432770626784	0.01	0.10270895477427332	0.17259721075474468	75280.45239451427
-3154.432770546403	0.01	0.10270899393036165	0.1725977563894068	75280.45239451427
-3474.3060083844052	0.2679267190642609	0.03911144262175856	0.17858129905680553	75280.45239451427
-3154.432771156321	0.01	0.10270884681882902	0.17259820322597474	75280.45239451427
-3474.3062657293763	0.14093433311017203	0.021140489620049694	0.17862414160901427	75280.45239451427
-3154.4327705467977	0.01	0.10270899932063005	0.17259783474552712	75280.45239451427
-3474.3280720307203	0.29294681015221136	0.0572866173767871	0.1785953352041213	75280.45239451427
-2179.6065997653727	8.363198637254555	31.562767169517198	0.13188248484900347	75280.45239451427
-2287.1783973357974	5.6644709291818005	18.406306090127842	0.13344837246272767	75280.45239451427
-2294.46056491964	5.531895932011302	17.948881419674333	0.13201477608277445	75280.45239451427
-3474.3060073558827	0.11520131205630578	0.036309600866396945	0.17857868041669855	75280.45239451427
-2285.881675410148	5.637942248201495	18.486099315992206	0.13339863079596898	75280.45239451427
-3474.3124178649277	0.29017620713992026	0.05510123580459708	0.17858690948703626	75280.45239451427
-3474.3193376793447	0.2917694251537679	0.05635191823687275	0.17855293320359258	75280.45239451427
-2292.6861193126497	5.701943567091812	18.155908132433314	0.1327384611621119	75280.45239451427
-3474.422667148431	0.29596600858152083	0.05972284260239817	0.17917616227313102	75280.45239451427
-2263.412912517474	5.988186026483365	19.9773853258448	0.1317220521122208	75280.45239451427
-3474.312286802027	0.2901306049639021	0.05506575802491873	0.17856768277290866	75280.45239451427
-3474.3068831958453	0.27720009760175746	0.04546170297538586	0.17849390089743147	75280.45239451427
-2263.121178421813	5.884093831914721	20.130643222635335	0.13289544941373688	75280.45239451427
-2202.093352735748	7.587479440446974	26.822451942734077	0.1307219602542929	75280.45239451427
-2289.148207570681	5.624597851229742	18.28393355057676	0.1331345287852887	75280.45239451427
-2270.5853749127523	5.878710008703153	19.507589865918597	0.13276324592974303	75280.45239451427
-2210.7067898208625	8.449118388187816	28.006383360824294	0.13544691136076198	75280.45239451427
-2199.201572086775	7.439212777050279	27.45190677998117	0.12996287559509231	75280.45239451427
-3154.4327705458077	0.01	0.10270899505116993	0.17259763618869978	75280.45239451427
-3474.3078776903203	0.1420366236335257	0.02054943375802916	0.178701776924293	75280.45239451427
-2208.715138949167	7.214411518192842	25.825624566781986	0.1307883179745474	75280.45239451427
-2277.5829889572206	5.605724101182334	19.536605965903785	0.1329338350360843	75280.45239451427
-3474.336734426264	0.2936851531710641	0.05787443151242344	0.178519015873611	75280.45239451427
-2306.0348021468403	5.293155149168374	17.450749091063006	0.13383871629979055	75280.45239451427
-8777.707325053749	1.0611001002714764	0.05455533790053539	0.21821969268118782	75280.45239451427
-2245.769342093209	7.028656031105234	22.76055597732778	0.13173351105888836	75280.45239451427
-2165.913344860959	8.967576684848524	36.492712487665294	0.12342826947788291	75280.45239451427
-3474.3105369193336	0.289453246460734	0.05453887850725097	0.1785793139529969	75280.45239451427
-3474.3118752718847	0.2899759498082923	0.054945286939813195	0.17855932705984634	75280.45239451427
-3154.4327909126723	0.01	0.10270808555688055	0.17259633553172835	75280.45239451427
-3474.3097148998086	0.289043938534716	0.05422184999350246	0.17858077977505177	75280.45239451427
-2197.7020106590835	7.758697243345944	27.87310228610318	0.12592841900234966	75280.45239451427
-3474.3146131121207	0.2908115037208501	0.055598237583226476	0.1785814426506978	75280.45239451427
-3154.4327705841397	0.01	0.1027089785073912	0.17259815867922698	75280.45239451427
-3474.3719744458454	0.284924297231014	0.051086781839825186	0.1793103455166431	75280.45239451427
-2190.5144088514207	8.570891060106643	30.06136698142938	0.12701597203253673	75280.45239451427
-3154.432770569614	0.01	0.1027090051470617	0.17259815169342616	75280.45239451427
-2300.1305180988056	5.486792287150041	17.65209520891662	0.13383780610180912	75280.45239451427
-2294.022559346411	5.384068444373613	19.59042879530982	0.13303894117164564	75280.45239451427
-3474.3060731942587	0.27295277065183615	0.04250071438232101	0.17857911945530078	75280.45239451427
-2190.7514087735194	8.290455878845828	29.015194936645276	0.13008722250234506	75280.45239451427
-2224.1663681871746	7.295134603642018	24.503118816669488	0.13096066440146886	75280.45239451427
-3154.4327705568503	0.01	0.10270898271647705	0.17259785641031566	75280.45239451427
-3474.313243209161	0.2903606794561115	0.05524526918540391	0.17853282919734262	75280.45239451427
-2224.9148970185356	7.430503699741111	24.98111893678805	0.1367247784470034	75280.45239451427
-3154.432772916168	0.01	0.10270931425854717	0.1725970423484759	75280.45239451427
-3474.404243790491	0.29675198110827666	0.06036704358100742	0.17851070857138004	75280.45239451427
-2140.0023508151844	13.547772819863495	49.300135874816355	0.12044369897051226	75280.45239451427
-3154.43277060073	0.01	0.10270904904138009	0.17259789798426287	75280.45239451427
-3474.3060325032307	0.25139945749274517	0.028761631619268195	0.17856407619403628	75280.45239451427
-3474.3948212880996	0.2964498133896501	0.06011851089898884	0.17868503245407794	75280.45239451427
-3154.4327705440455	0.01	0.1027090024649386	0.1725976997867695	75280.45239451427
-2228.659141406571	6.547777515836486	24.446282390019704	0.13183112012609696	75280.45239451427
-8777.707147296274	1.0610416845530226	0.054501319032257044	0.21823537676648563	75280.45239451427
-2294.4064229065607	5.6301821592438515	18.009342316848763	0.13330639873373046	75280.45239451427
-3474.306008866004	0.12147149404061143	0.032362482620371065	0.17857667779506511	75280.45239451427
-5162.002227043511	0.6749767011945553	0.05379936125446071	0.19776514062709166	75280.45239451427
-3154.4327705563305	0.01	0.10270899532098818	0.17259799376565962	75280.45239451427
-3474.3060150100773	0.25342810574578634	0.02996975933836936	0.17857059854024465	75280.45239451427
-3474.3099848687434	0.2891549421015704	0.054307430436188985	0.178557159404152	75280.45239451427
-3474.4799701748184	0.2983681858901328	0.06170356554342557	0.17869719954686208	75280.45239451427
-3474.3074653335952	0.2866530763934717	0.05238972912436414	0.1786340718533269	75280.45239451427
-2210.303349086401	7.604601799171407	26.193608103322326	0.12845790154822384	75280.45239451427
-3474.326363022935	0.2927480895415047	0.0571282775877432	0.17860760930736136	75280.45239451427
-2206.6884042063675	7.174852046891123	27.172040099289756	0.12800767134013	75280.45239451427
-3474.3093632893033	0.28874635060489773	0.053991972994450625	0.17861436568397443	75280.45239451427
-3474.3151643452147	0.2909394526843735	0.05569880361751273	0.17856359577770606	75280.45239451427
-3154.4327705593078	0.01	0.102709025389898	0.1725978458384058	75280.45239451427
-2275.0722503173906	5.894658890989978	19.21495135517629	0.13233152591736272	75280.45239451427
-2231.3429079346092	6.656788858989565	22.918711830359992	0.13207882465648219	75280.45239451427
-2223.2775827550963	6.758570899118746	23.88316600851756	0.1309299317289383	75280.45239451427
-2192.70460586383	8.482483274348304	29.634099183851145	0.12899742342769904	75280.45239451427
-2265.0653936115677	6.775445952941839	21.3165814644017	0.13304424726906813	75280.45239451427
-2208.4305506972823	7.550550518634792	26.206324597384985	0.13240852796826524	75280.45239451427
-2241.718281400581	6.465247026040704	21.93759135960124	0.12875088262018022	75280.45239451427
-2230.1863058291406	6.50047253312946	22.89104868886186	0.13095999019482246	75280.45239451427
-3474.5299631101734	0.29911794616097703	0.06232445941315485	0.17868615710561153	75280.45239451427
-3154.4327705440464	0.01	0.10270900278552844	0.17259769385890622	75280.45239451427
-2232.6552713827655	7.221907743171612	23.813513374724963	0.13135538393124116	75280.45239451427
-5161.975734082151	0.4802182090125607	0.056988371815963675	0.19783923617877183	75280.45239451427
-2230.152378306884	6.501065959690436	22.87718683519205	0.13115718884965585	75280.45239451427
-2220.693740127028	7.044433538683916	30.99577387491501	0.12452799561993858	75280.45239451427
-2335.7227132133753	5.012935364712095	16.0052100099264	0.13445514232084574	75280.45239451427
-8777.704226340873	1.0597420913453524	0.05331013114353791	0.21825019096414675	75280.45239451427
-2283.3339530486965	5.6190809125704435	18.691967292693306	0.13337103208370663	75280.45239451427
-2233.568038398376	6.428974329558465	23.781802000396834	0.12933319703069382	75280.45239451427
-3474.310590603407	0.28947310575390367	0.05455442086005255	0.17858669767297933	75280.45239451427
-2196.175563632881	7.530466839188282	29.896985392865787	0.12722039588568598	75280.45239451427
-3474.329020933987	0.2929773865195682	0.057310692733051304	0.1786542567801929	75280.45239451427
-2188.6315382874595	7.770141877082196	29.26666087594075	0.13009716866346496	75280.45239451427
-3154.4327717015317	0.01	0.10270878772230478	0.17259704508266502	75280.45239451427
-2269.6370310989796	5.944196051390876	19.65902212981439	0.13580376084771426	75280.45239451427
-3474.3220811931305	0.29214865565171616	0.056651212806210764	0.1786344638255114	75280.45239451427
-3474.3090338950387	0.28863378165633746	0.05390517447354575	0.17858440757646063	75280.45239451427
-2184.259249840422	8.113589395942107	30.379357730111614	0.12690898453943533	75280.45239451427
-2198.7791585594423	7.538987502603247	27.40009996461648	0.12944960164005864	75280.45239451427
-3474.3061822537165	0.2646105418214539	0.03693842267949307	0.17858546648730575	75280.45239451427
-3154.4327715289105	0.01	0.10270901988198568	0.17260054946645173	75280.45239451427
