-829.5885954603716	8.392651407087179	32.5707154500532	0.21612743480013719	50579.19149823939
-853.1962121240834	6.0578282336633285	22.82664057050002	0.2163598454783142	50579.19149823939
-852.057238433	6.100708672427898	23.576203424269007	0.21603186487164927	50579.19149823939
-1953.9889937140817	0.291625534953298	0.05894034257019123	0.2634152679042252	50579.19149823939
-2135.64191814865	0.2210285313527043	0.012846408359396055	0.21705742610174522	50579.19149823939
-837.3240844081993	7.652393602102105	28.81779341401815	0.21350736972275075	50579.19149823939
-1662.0705684609657	0.01	0.10655387530248588	0.2580317901931347	50579.19149823939
-860.6075479918221	5.692891967215672	21.038523663775745	0.21679322785535715	50579.19149823939
-1953.9583558046095	0.2743913485438973	0.045167207119620814	0.26360669610058346	50579.19149823939
-1953.9676892533193	0.2889935578788698	0.05669745415216825	0.26358201798240155	50579.19149823939
-887.7737187852983	5.221946943918442	22.173345475724034	0.2162486658694767	50579.19149823939
-1953.9663273765873	0.2886708827262181	0.05642406554845274	0.2634730396034607	50579.19149823939
-838.6452034727768	7.11442173724074	27.8166844711897	0.21655230758757912	50579.19149823939
-1953.9649500847022	0.2883557266694446	0.05615954188748957	0.2635661906317462	50579.19149823939
-859.2094467281108	5.724368980732417	21.661439410320813	0.21669195012296985	50579.19149823939
-1662.070568450936	0.01	0.10655386848728772	0.25803154775081	50579.19149823939
-1953.961503826139	0.2869433308290046	0.05498455046381511	0.26350368733484814	50579.19149823939
-1662.0705687555583	0.01	0.10655373705226712	0.25803078847844085	50579.19149823939
-848.0801495941232	6.3954233751032	24.20766746590081	0.21655743703135283	50579.19149823939
-1954.0337813495942	0.2939500585524476	0.06097014158006775	0.2636128760445575	50579.19149823939
-1953.958018717147	0.24884161840777347	0.02803346874432395	0.2635116913139977	50579.19149823939
-1662.0705686852734	0.01	0.10655386105726063	0.2580296099660488	50579.19149823939
-867.6642075312153	5.390175103815284	19.743826276115506	0.2178469808775316	50579.19149823939
-839.3238019486578	7.06938549316028	28.232962849726043	0.21879888406862405	50579.19149823939
-1953.9630414889002	0.2876937195069417	0.055606756367873725	0.2635638285830136	50579.19149823939
-1953.97657033406	0.290415967813311	0.0579014153016988	0.2634350410835257	50579.19149823939
-854.386600130732	5.9833334364916775	22.59923559483763	0.21565340199328745	50579.19149823939
-1953.9631326142835	0.2877382494834036	0.05564323846503434	0.26352208594779014	50579.19149823939
-858.8889552667144	5.823262192528457	21.413146670947953	0.21927743413571635	50579.19149823939
-1953.9579681022406	0.12276710808271271	0.03254176392089453	0.26353372808833436	50579.19149823939
-849.5247591243855	6.2539383388644065	23.607188541702012	0.21642411325419492	50579.19149823939
-831.8852900442165	7.764689012444754	31.42141828799169	0.2144830707102179	50579.19149823939
-1662.070568481272	0.01	0.10655392332876251	0.25803168280656313	50579.19149823939
-1662.0705684686172	0.01	0.1065539130694973	0.25803106752444616	50579.19149823939
-842.5130971284477	6.860750975936313	26.11760269696001	0.21608068148661286	50579.19149823939
-3506.9199533831543	0.6708973532192077	0.05447492184612191	0.2796686157725637	50579.19149823939
-842.2343409476191	6.854946219574418	26.209416674656705	0.2159092105872207	50579.19149823939
-845.3737655928878	6.578799131171624	25.101919517031856	0.21646257535609645	50579.19149823939
-3506.925663373082	0.6729914860801335	0.05643796342706487	0.27965604172987607	50579.19149823939
-830.5651589502297	7.970007549791963	32.202927384611336	0.2164491569649523	50579.19149823939
-866.153937325854	5.530884968737022	19.952699024546682	0.21770213410124437	50579.19149823939
-833.1065766156723	7.864537544706144	30.550482674156598	0.21638146584482984	50579.19149823939
-834.3266812186109	7.887923342631406	30.120792098229355	0.21835327429116022	50579.19149823939
-859.8646076947381	5.835962837028262	21.19058922947665	0.21736155333836396	50579.19149823939
-1662.0705685059659	0.01	0.10655387251336954	0.25803048271738416	50579.19149823939
-848.9050012503152	6.302214187487037	24.800326224085783	0.21704166231212307	50579.19149823939
-1953.9645723439842	0.28824132988070356	0.056063555573312045	0.2635639062859501	50579.19149823939
-854.5578582755161	6.219472027856682	25.720361713700676	0.2162994581117866	50579.19149823939
-842.5730163612022	6.74932019098889	26.168236871845618	0.2154253347756501	50579.19149823939
-888.8287052479558	4.751716828547067	16.71400717720592	0.21945909052219795	50579.19149823939
-1953.9637932030475	0.2879995611941341	0.05586174852141511	0.26354093545886315	50579.19149823939
-852.1977579241338	6.130781640809149	23.044951883851972	0.21720105415264263	50579.19149823939
-1953.9624405252112	0.28745985373515964	0.05541253891075478	0.26353029084976337	50579.19149823939
-3506.9185762943575	0.6695965949908592	0.05328349448167503	0.279639646533494	50579.19149823939
-1662.0705684961063	0.01	0.10655384524573329	0.25803070229315606	50579.19149823939
-850.1422889857126	6.315345879021761	23.43332784034247	0.21703449326357824	50579.19149823939
-832.6961833637728	7.788082185040577	31.355289877409895	0.2108581062533985	50579.19149823939
-856.3086680693049	6.518835391419659	23.171396475299282	0.2149362516299804	50579.19149823939
-3506.9232917087365	0.6722331551578716	0.055721754093331195	0.2797348857598217	50579.19149823939
-3506.928332888233	0.6734514085662111	0.05687256337710094	0.2796812950470575	50579.19149823939
-1662.0705684491343	0.01	0.10655387643300998	0.25803153969119014	50579.19149823939
-844.6184146386439	6.710494183978749	25.34270150625559	0.21711950040901193	50579.19149823939
-841.601685527804	7.057037055278332	26.513635517331824	0.21626888172320138	50579.19149823939
-1953.9579673401477	0.10437244679274357	0.04522092649864747	0.2635395540669973	50579.19149823939
-1953.9599108294697	0.28582568273298986	0.054065934040041806	0.2635448525752809	50579.19149823939
-1662.070568860097	0.01	0.1065539536719752	0.25803345733386707	50579.19149823939
-3506.9218839785713	0.671858794618633	0.05537054289145308	0.2796335149125783	50579.19149823939
-836.6455081627146	7.698068863483112	29.209730379265157	0.2175852855072603	50579.19149823939
-1953.9791963830828	0.2908182251640459	0.05824616350574598	0.26355806665470793	50579.19149823939
-1662.0705684548404	0.01	0.10655389836894377	0.25803157029286317	50579.19149823939
-865.1084691436215	5.644050638644361	20.191774244581154	0.2184105385185739	50579.19149823939
-1662.0705684656753	0.01	0.10655384275265153	0.25803140983002176	50579.19149823939
-1662.0705705431405	0.01	0.10655405116043058	0.25802665575342776	50579.19149823939
-1662.0705684602476	0.01	0.10655388951172888	0.25803095673097426	50579.19149823939
-869.3211859970265	5.295991220069684	19.651935974387218	0.21789191492011195	50579.19149823939
-847.0082437384311	6.539944066977159	24.63319773842519	0.218367787122904	50579.19149823939
-2002.7801131852013	0.2150192684853076	0.01	0.23909549848686756	50579.19149823939
-1953.9608352286232	0.286463184262637	0.05458855073677279	0.26349045946732796	50579.19149823939
-1662.070568446538	0.01	0.10655387790937408	0.25803136169184526	50579.19149823939
-1953.9552109136966	0.09210463617925939	0.054809901511352045	0.26353515724662396	50579.19149823939
-1954.000412991617	0.2924028029574476	0.05961352089811576	0.26366853247270855	50579.19149823939
-1953.9579775119262	0.12083693138374346	0.03378820999988311	0.2635478360293693	50579.19149823939
-842.8342295314378	6.748629798062989	26.07445129647048	0.21609406699768635	50579.19149823939
-1953.9742361515428	0.2901644716207672	0.057683925968969776	0.2635392317290555	50579.19149823939
-835.2706637066664	7.655227648410879	29.371156133340726	0.21481351498087325	50579.19149823939
-1954.0436575367391	0.2938692707207867	0.06090071934067946	0.26314147293737755	50579.19149823939
-889.3346319205352	4.741261833774782	16.65410628351134	0.21922172971968457	50579.19149823939
-1953.9615055144443	0.1111485799470192	0.040333579249607794	0.26332716433042336	50579.19149823939
-828.549889867757	8.351970464850714	33.524524547842994	0.21555311915322367	50579.19149823939
-846.0319984976957	6.71415340121843	25.05034529267871	0.21528735574636854	50579.19149823939
-1953.9646009365288	0.2882663950968946	0.05608472924266014	0.26354729246019015	50579.19149823939
-1976.0532633526889	0.23519997851636787	0.020170666038488515	0.24701486601641082	50579.19149823939
-852.3758259231822	6.085941702007971	23.157021926714442	0.21669947938485157	50579.19149823939
-854.3725487148016	6.085989614527605	22.45173462738693	0.21689374962680444	50579.19149823939
-1953.9639095481084	0.28803997865433423	0.05589552559840574	0.263531677091974	50579.19149823939
-1953.9579678287018	0.12194960738928076	0.03306746883231545	0.26353440595272626	50579.19149823939
-1953.9625509877278	0.2874826170933027	0.055430680261101456	0.263560571852084	50579.19149823939
-1953.983436542835	0.29052631162148634	0.05799435921481146	0.26382863534485973	50579.19149823939
-1953.982815633982	0.2909856832168226	0.05838189343822269	0.26357882443430686	50579.19149823939
-3506.9228739631126	0.6721985729641802	0.05568870285124258	0.2797036884372283	50579.19149823939
-847.2119708221793	6.609801518330213	24.587532381682788	0.21686471051323153	50579.19149823939
-867.485822818541	5.384495242459921	19.75308827924012	0.21866473667022168	50579.19149823939
-1953.9579677121974	0.2740430553860173	0.044909461425860074	0.26353670571559995	50579.19149823939
-864.4791726209705	5.545386731790095	20.232038256950844	0.21759683663290558	50579.19149823939
-844.18605291068	6.630788045964711	26.162949556763436	0.21709668143044666	50579.19149823939
-1953.9670507562007	0.2889291331840984	0.05664047143479265	0.26352663142146193	50579.19149823939
-1953.9579872428203	0.25503249461830774	0.03187990210486486	0.2635234226211425	50579.19149823939
-842.0943323441847	6.848244655847821	26.286860677413074	0.21484519265583718	50579.19149823939
-862.4411304775015	5.639086054915599	20.678516000092376	0.21753205550842847	50579.19149823939
-1953.9630110380724	0.28756116870614434	0.055497463923666966	0.263599489773013	50579.19149823939
-856.7171447200722	5.92772883472508	21.867160006680162	0.2167881085492472	50579.19149823939
-859.4373878087155	5.834603056817278	21.32323272903665	0.21725403274655256	50579.19149823939
-1953.9633892747488	0.2878217468274649	0.05571239692898878	0.2635564890980083	50579.19149823939
-1953.9669294825737	0.28889656112138673	0.056613229136462884	0.2635177419892366	50579.19149823939
-859.1258962385104	5.811844142997534	21.3846023995884	0.21747963482470553	50579.19149823939
-1953.9616767738416	0.28707705944218453	0.055095140395652914	0.2635213232182103	50579.19149823939
-1953.9689643216386	0.28934389055590676	0.05699076899772716	0.263524947609344	50579.19149823939
-851.0668512941785	6.240663288919095	23.443293850896673	0.21636340560579312	50579.19149823939
-864.0296952552195	5.52600296898999	20.475820067737917	0.2178666707251085	50579.19149823939
-1953.9579774922138	0.27121018274819103	0.04284075303097954	0.2635262174018839	50579.19149823939
-1953.96165418798	0.28700125066670573	0.055032220110938244	0.2635780023299467	50579.19149823939
-860.4712946638174	5.750722286435656	21.027524324874335	0.21702412639444937	50579.19149823939
-3506.919937012556	0.6709159574526579	0.054493225261201005	0.2796630756508761	50579.19149823939
-1662.070573960455	0.01	0.10655377879959882	0.2580397489727102	50579.19149823939
-1662.0705684478544	0.01	0.10655387905473042	0.2580312272844629	50579.19149823939
-1953.966784306733	0.2888647015482094	0.05658662678123112	0.2635525944544696	50579.19149823939
-1953.9584747870495	0.12569714135396887	0.03068417810537743	0.2634570823749597	50579.19149823939
-841.1156294156212	6.972314890864163	26.656490154436657	0.21650518175349007	50579.19149823939
-3506.920943040377	0.6714820597216887	0.055018747720112726	0.27966660572307417	50579.19149823939
-1953.9580172136998	0.24377077321348972	0.02501485899049987	0.2635118133412038	50579.19149823939
-1953.958832142755	0.28418776670929186	0.05273557101157644	0.2635048460780047	50579.19149823939
-1662.0705695872884	0.01	0.10655391197391935	0.25802751865093715	50579.19149823939
-893.9546434529384	4.723546501194466	16.149324818899682	0.2197023249940685	50579.19149823939
-1953.9584068865097	0.2706814225481311	0.04246008552042068	0.26346253065774866	50579.19149823939
-1953.961413150556	0.28691569708328407	0.054960799610987494	0.2635264407025359	50579.19149823939
-1662.0705684671034	0.01	0.10655390568422957	0.2580317392789423	50579.19149823939
-1953.9579893455114	0.2674463851039851	0.04016456131977838	0.26354004978320905	50579.19149823939
-873.9165020930736	5.247173983877817	18.650178472902265	0.21812425102246188	50579.19149823939
-1953.9595158979005	0.2854139677785394	0.053729365979443944	0.26353311120059814	50579.19149823939
-1662.0705685019882	0.01	0.10655387510301621	0.25803050951275275	50579.19149823939
-1953.9579674254396	0.2493637245035973	0.02835094301938776	0.2635359022358575	50579.19149823939
-1662.0705684987215	0.01	0.10655390551242004	0.2580321071984007	50579.19149823939
-851.0481282368991	6.173089850628441	23.587045783245962	0.2169642987824445	50579.19149823939
-870.8054829635987	5.24981393792238	19.251838772223817	0.21903993223597734	50579.19149823939
-1953.9633539575993	0.2878385909022186	0.05572736036092003	0.2635390682710773	50579.19149823939
-1953.9579682224612	0.27406584840197973	0.0449262276844479	0.26353568865072496	50579.19149823939
-841.2280014022256	7.398390792966152	27.29344473030155	0.21601019451145942	50579.19149823939
-1662.0705684555685	0.01	0.10655385446631924	0.2580313075806237	50579.19149823939
-1953.964925031826	0.28836809855714013	0.05616973002546593	0.2635328430917909	50579.19149823939
-856.5294644979291	5.860928455372696	22.129787961454372	0.21836621767917097	50579.19149823939
-1953.9659795257157	0.28866450099134994	0.05641869898778814	0.26353289389852896	50579.19149823939
-867.7848021896665	5.400537689014307	19.636898291804222	0.21826960483213376	50579.19149823939
-1662.0705698956328	0.01	0.10655417116179243	0.25802949568135153	50579.19149823939
-1662.0705684645882	0.01	0.10655387734554372	0.25803184474760943	50579.19149823939
-1662.0705684493087	0.01	0.10655389192516476	0.2580314528280798	50579.19149823939
-1953.9606245231253	0.2864345035691387	0.05456495704868181	0.26353443484416367	50579.19149823939
-834.394424901293	7.509873674441595	29.823977084164376	0.21537531681178454	50579.19149823939
-1953.9988372195419	0.22385321568708444	0.014239493443980164	0.26282006180922646	50579.19149823939
-1953.9579674281856	0.24112827285953523	0.023487312812217734	0.2635364955535646	50579.19149823939
-854.4344390809298	6.00176829085371	22.585352492461354	0.21777600067219086	50579.19149823939
-839.7937926822892	7.083500986899617	27.219741733252953	0.2155509024536156	50579.19149823939
-1662.070569372795	0.01	0.10655393213028591	0.25802794848499416	50579.19149823939
-1954.0464968436522	0.2942985750452151	0.06127756814260222	0.26371710194664694	50579.19149823939
-1662.0705684499167	0.01	0.10655389504010543	0.2580313887244055	50579.19149823939
-1953.960611505439	0.2591655948350476	0.03455008887900199	0.2633552310424999	50579.19149823939
-1953.9641917631736	0.13917010282388215	0.02265563109430562	0.26325986243260585	50579.19149823939
-1953.9699179448835	0.28952552511084867	0.05714441542437386	0.2635237494230412	50579.19149823939
-869.5364178558591	5.317322750409047	19.36757124843205	0.21848199785897998	50579.19149823939
-3507.2753087165165	0.6809742479113524	0.06446092689358117	0.2790187401347804	50579.19149823939
-827.3900115418282	8.637905806265023	34.24022678032057	0.21295004361215863	50579.19149823939
-1953.9579944685324	0.27420707280287393	0.045030416110393934	0.2635215203246724	50579.19149823939
-3506.9210757634037	0.6715464843568936	0.055078644900212935	0.2796636787331378	50579.19149823939
-845.2809659804582	6.7281332257895965	25.181507651990465	0.2163684438800039	50579.19149823939
-1662.070568543843	0.01	0.10655396283522854	0.2580314476453842	50579.19149823939
-3506.9220626544	0.6719578219470899	0.05546310969702806	0.2796542888082817	50579.19149823939
-827.5357954558083	8.578643726445636	34.20746075509651	0.2159786633208368	50579.19149823939
-1662.0705684956538	0.01	0.10655382043129673	0.25803130348417974	50579.19149823939
-842.8725599604909	6.841049908057906	25.968804054817053	0.2163419874597614	50579.19149823939
-1662.0705684465333	0.01	0.10655387988080964	0.25803135979882263	50579.19149823939
-855.1269987375194	5.948386398407823	22.32361346434617	0.21747493128815662	50579.19149823939
-849.3699900679899	6.278769929700025	24.662034369336542	0.21697366772785354	50579.19149823939
-1953.996294334719	0.29188899255405504	0.05916806684174354	0.26378908330290896	50579.19149823939
-1953.9732055093161	0.29003800673522495	0.05757745043082203	0.26350885485022085	50579.19149823939
-835.4773935888825	7.525649965363553	29.16306193171966	0.21656173199302303	50579.19149823939
-1953.972093674405	0.289881914534366	0.057446371718235835	0.2635015597156213	50579.19149823939
-1953.994761362167	0.29194146800874077	0.05921328749286839	0.26335053810366565	50579.19149823939
-1953.9673533507118	0.2890004414111543	0.0567009405878411	0.2635241997339367	50579.19149823939
-1953.9609279422696	0.28657474054574905	0.05468039393356231	0.26357314250679004	50579.19149823939
-872.759303924571	5.299063890514358	18.81116681858128	0.21830579426185318	50579.19149823939
-831.0295872486928	7.985748281413884	32.80858624529848	0.2110076654316968	50579.19149823939
-3506.9212676173	0.671493549630277	0.05502621463169085	0.27965511428719525	50579.19149823939
-1662.0705685450778	0.01	0.10655385111580462	0.25803242888077577	50579.19149823939
-3506.921629309583	0.6717752559058249	0.055292078427211885	0.2796436554475793	50579.19149823939
-868.2804412135235	5.326544552457603	20.196968443700765	0.21777849975417085	50579.19149823939
-1662.0705690364819	0.01	0.10655383903036146	0.2580340851469895	50579.19149823939
-851.2364182696817	6.169104042471541	24.204086509581405	0.21668611413765138	50579.19149823939
-1954.5679528980304	0.13498115921041492	0.025065708464498467	0.26077361128877163	50579.19149823939
-1662.0705699303508	0.01	0.10655386886837465	0.25802695469126496	50579.19149823939
-1953.9679145445848	0.28910147388834306	0.05678620921652678	0.263576455327906	50579.19149823939
-1954.0260084389597	0.2936561084005214	0.06071495874435225	0.26358176825872903	50579.19149823939
-832.0933472853783	8.2117954848725	31.543689973699056	0.21759726276805416	50579.19149823939
-848.8899556428457	6.381524826941634	23.964600347854514	0.21760120964362423	50579.19149823939
-1953.9665601837035	0.28878379613769734	0.05651885104317292	0.2635760450536228	50579.19149823939
-1953.9579606768655	0.10163742301998743	0.047271706349890474	0.2635356714919651	50579.19149823939
-1953.9799548499004	0.2906427536298984	0.058095381147485976	0.2633648015836923	50579.19149823939
-1662.0711785506592	0.01	0.10655693749632145	0.25795202316576676	50579.19149823939
-849.6884801222909	6.37963025029998	23.755822952219333	0.21698410346284785	50579.19149823939
-1953.9781609751365	0.29070330076468415	0.058148062268476894	0.2635286783399898	50579.19149823939
-1662.07056863857	0.01	0.10655387027753867	0.25802977910184	50579.19149823939
-1953.964649943263	0.28814000904002635	0.055979259447649615	0.2636119040220281	50579.19149823939
-843.420631521764	6.680008277524484	26.75894690858204	0.2171642101212312	50579.19149823939
-1953.9868645713477	0.2914547510567673	0.058787963512528935	0.26347400484511424	50579.19149823939
-844.2279600970978	6.742174101546012	25.492260877873957	0.21656360064865696	50579.19149823939
-1953.993685712056	0.29200162456228684	0.05926561524216345	0.2636403163073744	50579.19149823939
-3506.9201302698884	0.6710384768091231	0.054606416843036944	0.2796618390622601	50579.19149823939
-858.5982292115194	5.830711076909385	21.494123599079963	0.21748950901583827	50579.19149823939
-1953.9640634268767	0.2880760223764829	0.05592557976722039	0.2635624601778716	50579.19149823939
-849.3734435402595	6.2365488369434265	23.678451164607306	0.21656178760277006	50579.19149823939
-1953.9640347862546	0.28804269587481945	0.05589776785550663	0.26349813770137287	50579.19149823939
-861.3856845569787	5.696802065196059	20.83963970545025	0.21742244814523373	50579.19149823939
-1953.972224293017	0.289909107745932	0.057468490602939834	0.26353482413462587	50579.19149823939
-838.943421349292	7.2006164909857	27.57042388244239	0.21588879139198644	50579.19149823939
-1953.9668595677617	0.28888289025026465	0.056601939943810714	0.26352135906240987	50579.19149823939
-1954.0071697352478	0.28589897011432625	0.05412537556117474	0.26276641739951784	50579.19149823939
-868.1148663851258	5.440310161375998	19.595554741106156	0.21831983174653347	50579.19149823939
-841.8159444986348	7.053225779741214	26.50089888492877	0.21708287939149354	50579.19149823939
-871.2529809516004	5.360963575095668	19.09490406563231	0.216587687718829	50579.19149823939
-843.4226871390362	6.80174917421009	25.778162721116498	0.2153812133204882	50579.19149823939
-1953.9651038912025	0.2883062437257567	0.056118696196949265	0.2636048324954406	50579.19149823939
-834.4595683390186	7.744670894878605	29.830417504331535	0.21379031867980833	50579.19149823939
-1662.070568533501	0.01	0.10655386700612092	0.25803030632542634	50579.19149823939
-1953.9579745881638	0.27719904002337514	0.047271801205837925	0.26353683250571874	50579.19149823939
-856.3522660096453	6.269342257544456	22.503387775914046	0.21698457371643068	50579.19149823939
-1662.0705703030947	0.01	0.1065538737264576	0.25802643019557003	50579.19149823939
-1662.0705703536769	0.01	0.10655374322868473	0.25803600811451033	50579.19149823939
-846.459156913291	6.548511403296557	24.700043823158033	0.21640145082406648	50579.19149823939
-840.5914336330133	7.000017135503242	26.88439467817992	0.2165420656740002	50579.19149823939
-1953.9610603366302	0.28653120900010465	0.05464370047727083	0.26359471218297215	50579.19149823939
-1953.9598379756067	0.28575113232811	0.05400435558801322	0.26355014450367276	50579.19149823939
-839.8969473767554	6.969978166875452	27.37879530169896	0.2167494747744802	50579.19149823939
-847.4445309406267	6.593043649981137	24.530965105884	0.2168688584936288	50579.19149823939
-1953.9649311047856	0.2883627735896576	0.05616557163415861	0.2635543929355867	50579.19149823939
-842.6584954128934	6.7761212286531585	26.09490274060452	0.21632849879476945	50579.19149823939
-853.5226865278837	6.054683262018025	22.68701576605749	0.2173548134970703	50579.19149823939
-846.4452203326503	6.44994032592211	25.246777738328994	0.21668879000140545	50579.19149823939
-1953.96670300409	0.28870719167168574	0.05645782406773414	0.26355568343316393	50579.19149823939
-1662.0705684523566	0.01	0.10655389609560588	0.2580315221993037	50579.19149823939
-1662.070568486421	0.01	0.10655388530841511	0.2580320778906003	50579.19149823939
-861.496502323223	5.764654818585743	20.85726071926738	0.21761205790896815	50579.19149823939
-868.656831803265	5.378217835234462	19.476096337132976	0.21870751814818393	50579.19149823939
-1953.959442685281	0.28532487546777385	0.053656749179790963	0.2635403160391707	50579.19149823939
-848.2262013140592	7.362458798552785	26.483245471531763	0.21699104070499498	50579.19149823939
-856.7404661016602	5.8764705438816645	21.909641767432962	0.21654833684520047	50579.19149823939
-897.6574438431195	4.619034988756217	15.774376657614662	0.2192596298283307	50579.19149823939
-853.4094241472241	6.069598667973652	22.740155627704482	0.21542990673086165	50579.19149823939
-1662.0705684465313	0.01	0.10655387981423538	0.2580313610936444	50579.19149823939
-837.1682189628118	7.347615130853843	31.017939309687407	0.21990643835708004	50579.19149823939
-1953.9686507176716	0.28918895036297737	0.05686003305453573	0.2634614428194513	50579.19149823939
-835.4191748404978	7.924664646081333	29.71253244557102	0.2161257010039108	50579.19149823939
-1953.9579691881843	0.2414688370482869	0.02368240739313036	0.2635401149643756	50579.19149823939
-1953.9622787013743	0.2873126580571576	0.055290357273949584	0.2634923664351668	50579.19149823939
-866.3714291569356	5.4584961421699525	19.890693762133488	0.21808553527439684	50579.19149823939
-1953.9579935892907	0.24166145190697313	0.023793093786025978	0.2635193673154228	50579.19149823939
-1953.964743970364	0.28831048797971165	0.056122032656682135	0.2635421458563609	50579.19149823939
-859.3566418247702	5.77109330280833	21.26767664810162	0.217298903460241	50579.19149823939
-1662.0706175570958	0.01	0.10655564625081221	0.2580227806364907	50579.19149823939
-1662.070568447029	0.01	0.10655388529630934	0.25803138378593743	50579.19149823939
-1953.9594714808945	0.28533856158819687	0.05366760565999188	0.2635235797048154	50579.19149823939
-1953.9655961770104	0.2885621127460609	0.056332519129541334	0.2635367325817902	50579.19149823939
-1662.0705685004912	0.01	0.10655389562015644	0.25803054653691426	50579.19149823939
-861.954358440589	5.646633294916719	20.797398179112953	0.2181133625783999	50579.19149823939
-1662.0705689141191	0.01	0.1065539974062315	0.2580294617661733	50579.19149823939
-839.5530931759994	7.512696396390452	27.684209307779344	0.2177451533566778	50579.19149823939
-829.4040773169054	8.845119529388846	33.17599308850798	0.2153134976714445	50579.19149823939
-866.5861274425131	5.412040672569117	20.794476717896703	0.21609899313103173	50579.19149823939
-1953.9580134363905	0.2550067417516378	0.03186338873381243	0.2635127431425893	50579.19149823939
-840.9330996306691	6.968928921373836	26.76506980313142	0.2171672778069813	50579.19149823939
-844.1937575160201	6.69025327809834	25.495116109083856	0.2161044242366696	50579.19149823939
-860.884606008547	5.764018425320581	21.006264109718835	0.2175812297792851	50579.19149823939
-907.1192531480069	4.355341488607939	14.958955684354335	0.22022437454978913	50579.19149823939
-1662.0707003083467	0.01	0.10655090201568453	0.25804174583519274	50579.19149823939
-1953.957914905555	0.09877054331452977	0.04947293704404026	0.2635334317258884	50579.19149823939
-860.5747548139211	5.736927868875514	21.002008766110578	0.21785253526385656	50579.19149823939
-837.1565581237933	7.412668492701887	28.420908390664426	0.2159693378642277	50579.19149823939
-1953.9579699506123	0.2532534402964732	0.03075593480141203	0.2635312208819495	50579.19149823939
-1953.9768070900443	0.29052481365908267	0.0579945268657381	0.2634874796341088	50579.19149823939
-1662.0705689822955	0.01	0.10655369825551063	0.2580323670384385	50579.19149823939
-1662.0705685231692	0.01	0.10655380818546692	0.2580310950491524	50579.19149823939
-1662.070568850169	0.01	0.1065539014355318	0.2580336383774656	50579.19149823939
-847.411480340191	6.477579014170322	24.401013107521567	0.21616373951139037	50579.19149823939
-851.4028155816977	6.278711803420809	23.332142532048834	0.21447193915736573	50579.19149823939
-833.9206135363256	7.658350593072125	30.074050792721277	0.214821140866696	50579.19149823939
-1662.0705690989635	0.01	0.10655388082118258	0.25803428186101957	50579.19149823939
-833.816098910014	7.674952265696579	30.104828223831948	0.21586503111927385	50579.19149823939
-826.8542460366956	8.55391810064131	34.602850084637645	0.21583796433771213	50579.19149823939
-1662.070568446697	0.01	0.10655388109956732	0.2580314040369359	50579.19149823939
-1953.9579729395887	0.2768557986809998	0.04701181309289613	0.2635376120122527	50579.19149823939
-878.5794168586622	5.011002903329359	18.042460238541732	0.21890878173166986	50579.19149823939
-3506.9191859867824	0.6703260727655203	0.05394971174287285	0.2796744473116506	50579.19149823939
-838.859093299571	7.060558286846711	28.408874059766077	0.21669882192049023	50579.19149823939
-1662.070573025223	0.01	0.1065533073080562	0.25803109139618385	50579.19149823939
-839.4058033495527	7.172930495582701	27.38768684156286	0.21523562758250864	50579.19149823939
-844.8244133079656	6.94628043662464	25.763279049916992	0.21476782051279938	50579.19149823939
-1662.0705684925542	0.01	0.1065539271475019	0.2580309223010617	50579.19149823939
-860.5505256107349	5.762326273326567	21.028672770272088	0.21868537118706952	50579.19149823939
-870.2794554089304	5.3244777212842065	19.234537174174484	0.21813214982634377	50579.19149823939
-865.3747440414825	5.451709791607166	20.83215219987672	0.21772998207986502	50579.19149823939
-837.5797514343719	7.213498661045462	28.367105703189363	0.21588098188195534	50579.19149823939
-1953.9791758635683	0.2908152471108546	0.05824398610133542	0.26355196091653105	50579.19149823939
-1953.9638382269345	0.2880154136747722	0.055874803606983506	0.2635382278436413	50579.19149823939
-1953.9664243939624	0.28863423707650165	0.05639308000831087	0.26345279199818544	50579.19149823939
-1953.9579685084088	0.26218782158910625	0.03655772602851605	0.2635358213924895	50579.19149823939
-1953.9637096998106	0.28794300058102734	0.055814467373910624	0.26356776351530925	50579.19149823939
-841.8931614941691	7.289757602553097	27.126192388120533	0.21853874032726858	50579.19149823939
-1662.0705687751242	0.01	0.10655374891788931	0.258032450087939	50579.19149823939
-1953.9583751221428	0.2759590320200495	0.046336192666109284	0.2634654605666075	50579.19149823939
-1662.0705685047103	0.01	0.10655382448498052	0.2580318153593216	50579.19149823939
-845.1483139387321	6.975624015145594	25.73367941410116	0.2166434589477928	50579.19149823939
-3506.9207005841167	0.6713611385363938	0.054905898978921494	0.27966131340958905	50579.19149823939
-1953.9664582296514	0.2887879192573518	0.056522274587061376	0.2635435560593869	50579.19149823939
-859.9391305053759	5.8625989126302676	21.263483869359224	0.21776141070785526	50579.19149823939
-1662.070568446596	0.01	0.10655388204938936	0.2580313564226359	50579.19149823939
-866.8064082101121	5.460713443690181	19.83257957577097	0.21798348899279746	50579.19149823939
-858.8368253869221	5.792015327171514	21.392102705257248	0.21712167349219505	50579.19149823939
-1953.9687471571337	0.28929792140601635	0.05695188626366986	0.2635196787701314	50579.19149823939
-1953.9600712773154	0.28591447112558815	0.054138089396671946	0.26350507099984943	50579.19149823939
-1953.9585139960159	0.28355491412456807	0.05222674712540326	0.26354325317480126	50579.19149823939
-844.3507333678965	7.238869956711391	26.454497437520388	0.21593688108778417	50579.19149823939
-3506.9279419626564	0.6733566993147077	0.05678580261382188	0.27973805322673095	50579.19149823939
-1662.070568446975	0.01	0.10655387611423199	0.25803130106899186	50579.19149823939
-864.7300874241876	5.707105531845789	20.337877992023994	0.2177356254116535	50579.19149823939
-1662.0705684464995	0.01	0.10655387969431374	0.25803136512546626	50579.19149823939
-835.834151652739	7.423587812060137	29.065458159970174	0.21600781317336665	50579.19149823939
-1953.9629433794944	0.2876548662609315	0.0555739082250321	0.26351510833468444	50579.19149823939
-3506.9205689302894	0.6712829519386677	0.05483358014512519	0.27965093098406435	50579.19149823939
-874.625191067634	5.16568291643518	18.550907427847825	0.2182093655879803	50579.19149823939
-854.435187071827	6.059292746546747	22.514906827276043	0.21692213803602195	50579.19149823939
-1953.957971559099	0.2624501069157426	0.036734019335632626	0.263529966072035	50579.19149823939
-3506.9201002538075	0.6709798132045335	0.054552150993031547	0.279636966958406	50579.19149823939
-1662.0705684471504	0.01	0.10655388518811475	0.25803141019590675	50579.19149823939
-1662.070568446522	0.01	0.10655387960575213	0.25803135823641243	50579.19149823939
-1662.0705684467223	0.01	0.10655388325498932	0.2580313430865485	50579.19149823939
-862.0576927879575	5.607478622679404	20.795526433126895	0.21769471706127796	50579.19149823939
-1953.9590260845505	0.28472234678349234	0.05316737689381964	0.263534997428163	50579.19149823939
-1954.2413741607256	0.2786558612108947	0.04838298420712876	0.2616501342028536	50579.19149823939
-878.5039436794145	5.0473834937811395	17.98866435865199	0.2186619042600204	50579.19149823939
-1662.0705684526022	0.01	0.10655388499863755	0.25803108653992174	50579.19149823939
-1953.9767508500906	0.29049159346604175	0.05796581166186226	0.2634654875918609	50579.19149823939
-849.4196658727825	6.231245731586837	23.711791638150594	0.21659476975978242	50579.19149823939
-851.2946061206442	6.5726517483467255	23.77934056119679	0.2178778740296727	50579.19149823939
-1953.960242851603	0.2861280274758122	0.05431350213175724	0.2635461560230652	50579.19149823939
-1953.9579776425267	0.27580697462503606	0.0462219850497062	0.263527780871329	50579.19149823939
-1953.9645921123972	0.2882649715579794	0.05608362507020774	0.2635437860611297	50579.19149823939
-1953.9633025533435	0.2878193793696151	0.0557114935696666	0.26353607666960505	50579.19149823939
-1662.0705685140265	0.01	0.10655387593142997	0.2580322981411379	50579.19149823939
-824.5437748542358	9.3761509185332	36.47301692466196	0.2152532253756742	50579.19149823939
-1662.0705684466723	0.01	0.10655388074512243	0.25803140093730564	50579.19149823939
-839.415388960206	7.248722670104918	27.39499912176436	0.21595707432132405	50579.19149823939
-1953.9644714469036	0.2882222086455454	0.05604747332763347	0.26355062841875815	50579.19149823939
-1953.962196446239	0.2873063576076791	0.055285502429345545	0.26350530706120523	50579.19149823939
-1953.960293385337	0.2861792915371771	0.0543553138624563	0.2635362116638142	50579.19149823939
-1953.9903317401922	0.2917754898937069	0.05906847606333296	0.26362077921915705	50579.19149823939
-1954.0263491821174	0.2935022932783443	0.06057973850428845	0.2633041688921263	50579.19149823939
-845.4073483996037	6.69845202168572	25.0655363048986	0.21670018111418057	50579.19149823939
-849.5180179537276	6.208516038259834	23.733665164071397	0.21631466612172362	50579.19149823939
-1953.9750695023488	0.29030581523166166	0.057807638935978185	0.26358285955456734	50579.19149823939
-892.4540823636712	4.657095469476495	16.329260525122248	0.21947874967849776	50579.19149823939
-1953.9685762294257	0.28925935968980265	0.05691875867833666	0.2635183798142296	50579.19149823939
-1953.9914615885764	0.2918670747018255	0.05914927302962804	0.26361640403311676	50579.19149823939
-3506.9212902968557	0.6716164633381358	0.05514366924497103	0.27963728381984293	50579.19149823939
-834.6296128804208	7.578370427168301	29.679704256801845	0.2153424936573477	50579.19149823939
-913.1247012902054	5.1462398535418155	33.76522744539291	0.24365079859016756	50579.19149823939
-1953.9799024861477	0.2908329851586057	0.058256919454851466	0.26345282977473056	50579.19149823939
-870.7219864784463	5.636111262152997	19.60270640204322	0.21803722448723042	50579.19149823939
-1662.070568636434	0.01	0.10655387035056917	0.2580329314339506	50579.19149823939
-841.9092087990018	6.988755197469895	26.41955329945878	0.21556338424088659	50579.19149823939
-843.4762636442958	6.915113953515134	25.95168442247653	0.2159363453650484	50579.19149823939
-1953.957967205546	0.2658864566367012	0.03907925096390864	0.2635362691217989	50579.19149823939
-834.039573774663	8.67237122893633	32.1146558179175	0.21647493763801504	50579.19149823939
-1662.0705684864581	0.01	0.10655383967958497	0.25803087971002203	50579.19149823939
-1953.9681153129236	0.2891716310938331	0.056845212745219	0.2635358538763132	50579.19149823939
-2275.0677403120567	0.21841297482341332	0.011588563787890676	0.20238672149582473	50579.19149823939
-889.162539621524	4.710211602229361	16.760447213838905	0.21931213869501223	50579.19149823939
-853.7877687173346	6.074152659161936	22.585054980444554	0.21703085792421217	50579.19149823939
-1953.9579800437095	0.26916796387133096	0.04137893106337055	0.26352426644037824	50579.19149823939
-3506.9226388291063	0.6721392392548499	0.055631536018869034	0.2796718368974962	50579.19149823939
-850.9541972426354	6.190163272417858	23.4253637352285	0.21622449398025428	50579.19149823939
-3506.9594288405565	0.6762139633946422	0.05956475126656375	0.27966500571834485	50579.19149823939
-1662.0705687260293	0.01	0.10655390566467936	0.25802947827969763	50579.19149823939
-868.5654404251017	5.35596853781448	19.57632238102651	0.21788937096531674	50579.19149823939
-1953.9210834049409	0.0859026384739155	0.06006200518329952	0.2634270170654144	50579.19149823939
-1953.962139396321	0.2873204524343847	0.05529680688613189	0.2635424124295102	50579.19149823939
-3506.897882330216	0.4845536246723257	0.05782494060575177	0.27964995383108965	50579.19149823939
-829.7075405477092	8.350899846438995	32.79048891532788	0.2127966474453843	50579.19149823939
-837.4146170975483	7.323106304881771	28.285105156592763	0.21673546061392499	50579.19149823939
-1953.9693100335471	0.28899024207198354	0.05669158858640708	0.26337881596373075	50579.19149823939
-832.292519236561	7.753401892044763	31.509826035455834	0.21645667119878273	50579.19149823939
-852.8867562496314	6.095889768175344	22.841362286813933	0.21650578141120985	50579.19149823939
-1662.070568529255	0.01	0.10655380342602717	0.2580315112059753	50579.19149823939
-872.4709900368515	5.292859009699765	18.851995464330873	0.21889795149757862	50579.19149823939
-3506.9202034335276	0.6710838902977662	0.054648661960140045	0.2796624619171362	50579.19149823939
-886.5588408148844	4.876203129852936	16.95347097455453	0.21904888298354458	50579.19149823939
-862.0302057530871	5.651682891409533	20.778173669583772	0.21753770217063842	50579.19149823939
-833.1940287177007	7.841337501870492	30.465775618284002	0.21489834071012168	50579.19149823939
-1953.958369829998	0.28295407008873963	0.0517463879289671	0.26352065462574675	50579.19149823939
-849.4638392810261	6.2659466832660105	23.60945128157108	0.21671172433711755	50579.19149823939
-1953.9652666208558	0.2884629129878799	0.05624973345493817	0.26352425671540064	50579.19149823939
-828.7209261103143	8.535813457446313	33.38341379219047	0.21514083654175817	50579.19149823939
-830.0100355304107	7.923960035094105	32.74809206007442	0.21543299764053322	50579.19149823939
-855.5888827321322	5.9685769483759055	22.233235264409767	0.216857810814768	50579.19149823939
-1953.96765263843	0.289066951257279	0.056757632189635775	0.26354235225283207	50579.19149823939
-1953.9579705513343	0.12851354006971522	0.028937308496090743	0.2635420859795321	50579.19149823939
-849.0673555895722	6.686966721708291	24.36616419411352	0.21832775776394986	50579.19149823939
-3506.9217455640446	0.671783584302659	0.055297926000613964	0.2796517944477967	50579.19149823939
-856.5678792631704	5.901909911557796	21.908481908501376	0.2170085865235396	50579.19149823939
-1662.0705684791494	0.01	0.10655392390106841	0.2580310959470391	50579.19149823939
-1953.9695664941673	0.28946202471040244	0.05709061633660386	0.2635306578689209	50579.19149823939
-856.222179969694	6.099071454053615	22.16688318854309	0.21577825192968403	50579.19149823939
-833.570517060878	7.593651280673903	30.683958805817106	0.21695297267608143	50579.19149823939
-1953.9726164522776	0.2898441452659094	0.05741507569912682	0.263640544334344	50579.19149823939
-1662.0705684854515	0.01	0.10655393082799985	0.2580311838376845	50579.19149823939
-1662.0705879065895	0.01	0.10655356128014941	0.25801600014478093	50579.19149823939
-837.9514350854402	7.1854594048605485	27.96777393190487	0.2144870302952445	50579.19149823939
-1953.9591463047063	0.2849159702666418	0.05332429736704286	0.2635382901664104	50579.19149823939
-1953.9581311203483	0.2815664212034295	0.050646987245750515	0.26353086193886444	50579.19149823939
-3506.9281766640215	0.6734687885624022	0.056894553138249496	0.2796685380430522	50579.19149823939
-3506.917665581246	0.6674653738645254	0.05137010073989411	0.2796645859949649	50579.19149823939
-832.0403656934802	7.766222540515218	31.86000249032026	0.21498874575561402	50579.19149823939
-822.87332384812	9.229586693215607	40.064499155160696	0.20944770870788587	50579.19149823939
-1662.0705689653428	0.01	0.10655369515035155	0.258032122938264	50579.19149823939
-1662.0705685484586	0.01	0.10655396302911804	0.2580311057711652	50579.19149823939
-860.1185358418018	5.669146121473895	21.482501954880217	0.21686095866365973	50579.19149823939
-830.407187277326	8.120525337488646	32.15138626215938	0.21430755228820283	50579.19149823939
-857.1744582079418	5.93148405019215	21.77133530627146	0.21795857105961008	50579.19149823939
-870.1977196636504	5.3262867840312325	19.210733214372535	0.21806136711533705	50579.19149823939
-1953.9595838654818	0.28536979357261255	0.053694776232708255	0.2635377815929813	50579.19149823939
-869.0812909215956	5.508870337740259	19.522276698697816	0.21790778260668883	50579.19149823939
-1954.0806632486306	0.2951887566112521	0.06207120204377795	0.2633318634901898	50579.19149823939
-842.6489273444314	6.861709699659261	26.123544372130134	0.21418595905074642	50579.19149823939
-1953.9620339400196	0.287269111157371	0.05525415278008828	0.26354283314055393	50579.19149823939
-851.8742258883799	6.132209652366581	23.161299945045243	0.21698064549699694	50579.19149823939
-1662.0705685711687	0.01	0.106553787160285	0.2580310983905994	50579.19149823939
-1662.0705684509705	0.01	0.10655389733321027	0.2580313344545747	50579.19149823939
-1662.070568910078	0.01	0.10655405677812468	0.25803077697881666	50579.19149823939
-861.8728133893483	5.66611190762697	20.792384890216333	0.21735794402183164	50579.19149823939
-1953.9630533093484	0.28771741792265276	0.055626971730962094	0.2635436488839037	50579.19149823939
-824.5948229927449	9.175741485024266	37.01338310130651	0.21400791332837718	50579.19149823939
-836.7239828019457	7.308061955157987	29.880268364947568	0.21591402906163765	50579.19149823939
-830.752251328377	8.557546927561582	32.61348116420352	0.21871944206843374	50579.19149823939
-1953.9625691924675	0.2875187812592636	0.055461450384365514	0.26353708844384266	50579.19149823939
-1953.9909548164414	0.29186088875821603	0.05914359179210179	0.2635689760184722	50579.19149823939
-1953.965672139692	0.28858068799875863	0.05634808277932865	0.263547386255157	50579.19149823939
-1953.9678075161412	0.28910293816774524	0.0567875745818475	0.26354718706249497	50579.19149823939
-1953.957961923028	0.10187799169864616	0.04708945370172982	0.2635356142941756	50579.19149823939
-840.2110774310743	6.947024109163874	27.298328568921814	0.21505532195932373	50579.19149823939
-1953.9579703021368	0.2552440335149408	0.032014453588452015	0.2635427171312779	50579.19149823939
-1953.9643119393754	0.2881664556457438	0.05600038481426863	0.2635284133713515	50579.19149823939
-880.6575688601663	5.022337163514995	17.685539785468112	0.2185904166434414	50579.19149823939
-856.7591548136	5.852035325161537	22.10750537781114	0.21702900856555016	50579.19149823939
-3507.0506649015465	0.678209194186453	0.06154687447948259	0.2792179846515921	50579.19149823939
-1662.070569962332	0.01	0.10655378011156375	0.2580271159915605	50579.19149823939
-1953.9782005541429	0.29068509473599763	0.058131374754856684	0.2635922728853112	50579.19149823939
-866.0258711253657	5.508851832809074	19.972066634111876	0.21762178040429134	50579.19149823939
-835.485286290568	7.649798497358671	29.60552150204313	0.21854077841411912	50579.19149823939
-830.298650407253	8.152836678480524	32.27684171018146	0.21434112582526543	50579.19149823939
-833.6080687476006	7.686335714596608	30.15269356294402	0.21482374272106242	50579.19149823939
-1662.0705686121883	0.01	0.10655379912936871	0.2580323545142289	50579.19149823939
-1662.0705699009422	0.01	0.10655389589608687	0.258035716811225	50579.19149823939
-1953.9637594905478	0.28797573632805046	0.055841258739656334	0.26352157690001754	50579.19149823939
-1662.070569547581	0.01	0.10655388322962468	0.2580351555626684	50579.19149823939
-1953.9647024216038	0.2882992954337693	0.056112300568906384	0.2635444504726251	50579.19149823939
-1953.9695544305798	0.289450109054392	0.057081454266760964	0.26351997185680914	50579.19149823939
-3506.917390987963	0.6379098791129706	0.02891154189206195	0.2796719439228212	50579.19149823939
-1953.960758717896	0.2865255059016026	0.05463990198614319	0.2635278590985015	50579.19149823939
-832.9209142633725	7.764459789188575	30.59979814968479	0.21682149174371101	50579.19149823939
-838.4481923033613	7.140334622680056	28.779248657570797	0.21628596148272652	50579.19149823939
-1953.9732465836332	0.29006302526685146	0.057600675191168065	0.26350685851581424	50579.19149823939
-867.3093245501419	5.478664782214895	19.70533720502706	0.2178663125613471	50579.19149823939
-856.7000234165649	5.943884081776916	21.868424070175532	0.21715942631718033	50579.19149823939
-875.1878740844504	5.188501584968071	18.451834985402872	0.21847036569105568	50579.19149823939
-3506.9450645387024	0.6752946436327342	0.05866379043968708	0.27965200903223886	50579.19149823939
-1662.0705687957814	0.01	0.10655389016652576	0.2580334925396928	50579.19149823939
-1954.0916129992427	0.2952984245661474	0.062178933152542436	0.2632531612022229	50579.19149823939
-3506.9265714447247	0.6731845100039758	0.05662108595744029	0.279657979767701	50579.19149823939
-3506.9214853683047	0.6717295816060644	0.05524935494206671	0.2796665382501561	50579.19149823939
-1662.0705684823924	0.01	0.106553855177229	0.25803075996913566	50579.19149823939
-838.1407107486898	7.224949913243841	29.720407216477717	0.2099737464753194	50579.19149823939
-873.7313121062309	5.228511517555732	18.672355483510618	0.21838305574997144	50579.19149823939
-3506.92515433932	0.6728756854961068	0.05632804571411403	0.2796634623954457	50579.19149823939
-1953.9680682464568	0.2891198890213234	0.0567995836612361	0.26355109378526453	50579.19149823939
-1662.0705685668868	0.01	0.10655385276113503	0.2580301585744359	50579.19149823939
-857.7358278843299	5.861091177581409	21.7001174933563	0.2173692472452553	50579.19149823939
-3506.9189845174024	0.6701272970739337	0.05376792012847405	0.2796755578420463	50579.19149823939
-849.5236838097844	6.383027494009782	23.78920303293808	0.21601854107561452	50579.19149823939
-872.396741676764	5.252665065039429	18.887130448032128	0.2182285963166085	50579.19149823939
-860.0477949369948	5.714966877456823	22.394619289561575	0.21669953522301358	50579.19149823939
-1953.9629980456316	0.28769925556072007	0.05561151414483812	0.26353448720011463	50579.19149823939
-857.885758473859	5.813962573185386	21.65166430398123	0.21773936297762064	50579.19149823939
-1953.9679298877777	0.28909642031858473	0.056780528543048284	0.2635703628161357	50579.19149823939
-3506.9299000246137	0.6736793048946557	0.05708956109817941	0.27965242446000094	50579.19149823939
-1953.9579708166364	0.24075379466611896	0.0232732318404241	0.2635363302937025	50579.19149823939
-862.8278633133424	5.5790474359834015	20.609975136107067	0.2178359238261089	50579.19149823939
-1662.0705691365047	0.01	0.10655376344095101	0.25802880079025964	50579.19149823939
-1662.0705684586217	0.01	0.10655386507850462	0.25803170588747715	50579.19149823939
-829.7597219647104	8.078897096063095	32.75946459532842	0.2147514237362363	50579.19149823939
-854.0120425515136	6.480368848431646	27.761112609978802	0.2158098847727954	50579.19149823939
-1953.9705326302296	0.28963041157111563	0.05723317384368958	0.2635130525223376	50579.19149823939
-854.0311261900608	6.001485706538483	23.130454745810678	0.2168440735244707	50579.19149823939
-1953.9580883809579	0.26723633103426836	0.04001781424678567	0.263498346524413	50579.19149823939
-843.4157129254485	6.964786674174297	25.815398388891765	0.21709367125016293	50579.19149823939
-1953.997702729422	0.2922471699521303	0.05947805279020974	0.2634162589226281	50579.19149823939
-1662.0705684763032	0.01	0.10655384527872	0.25803094309345703	50579.19149823939
-871.1614688535767	5.266823693731208	19.126446243466187	0.21840212990775926	50579.19149823939
-1662.0705984422812	0.01	0.10655411533774196	0.2580509100334143	50579.19149823939
-3506.9242389769756	0.6725647793907308	0.05603685325063249	0.279680457785384	50579.19149823939
-1953.9639555878457	0.2880414440918469	0.05589656614705577	0.2635603286834033	50579.19149823939
-1953.9637766733922	0.28799406671850125	0.05585717373352085	0.2635352812718745	50579.19149823939
-849.7135920743044	6.286016832706136	23.532705090014268	0.21669879771320358	50579.19149823939
-843.5815089132016	6.6876884472297204	26.518269723674976	0.21617409051331307	50579.19149823939
-866.9737278541502	5.381200311926522	20.363654503192077	0.21840714155637198	50579.19149823939
-1954.023877310823	0.29337985048698517	0.060466384678067656	0.2632793414403733	50579.19149823939
-3506.921946541042	0.6718438498317395	0.055353831426348823	0.2796701511650632	50579.19149823939
-1953.957976753205	0.250262216177618	0.02890017165915334	0.26354762863429687	50579.19149823939
-3506.920742019968	0.671210076483888	0.05476551286750153	0.2796037964447879	50579.19149823939
-849.374287981402	6.2442009055564744	23.671051752437226	0.21623493285282339	50579.19149823939
-1953.9583298906573	0.27861090593612836	0.04834908048366897	0.2634713451351187	50579.19149823939
-850.5532102222769	6.396896721365777	26.31868868219189	0.21452350790503047	50579.19149823939
-1953.9842266951237	0.2912356313365281	0.058599391264651884	0.2635849049513043	50579.19149823939
-854.8984284353143	6.083821538387121	22.343345714089867	0.21719747993785715	50579.19149823939
-834.2868391202667	7.631490380256955	29.861788966742232	0.21613314477516177	50579.19149823939
-1953.9655589946738	0.2885171617617648	0.056295386093050466	0.26357372305556975	50579.19149823939
-1953.9579688429667	0.27524953121250406	0.045805216451091285	0.2635380135695957	50579.19149823939
-3506.9175282939414	0.6665005772885546	0.05052007517452534	0.2796673174963489	50579.19149823939
-1953.957967515858	0.258511945193295	0.03412237036186087	0.2635349377550028	50579.19149823939
-850.0966115087501	6.311112835839613	23.720532284196988	0.21660656074189816	50579.19149823939
-841.5246073158946	6.9176068390228895	26.47573631327485	0.21621963169017008	50579.19149823939
-837.4902723228525	7.279989386104381	28.24894462311135	0.214705893603454	50579.19149823939
-830.0112519199827	8.025995241553252	33.24731674575032	0.21730713021619466	50579.19149823939
-1954.0224261520111	0.2923926346072804	0.059599692379931235	0.2630042364015378	50579.19149823939
-1953.9716647312362	0.28982669381809534	0.05739983919673481	0.263522419999452	50579.19149823939
-876.9034393120546	5.064744520686445	18.271962282212208	0.21846921815179227	50579.19149823939
-883.0929505282456	5.811029600880278	19.337559628151265	0.21833925579033178	50579.19149823939
-1953.9591300188522	0.273169858372585	0.04426662396778069	0.2634159391387559	50579.19149823939
-1953.961256272424	0.28678431969473417	0.05485347205427783	0.26350063004373303	50579.19149823939
-872.9861614974636	5.2798106974615955	18.791701174481627	0.21832707323353742	50579.19149823939
-859.2278112829977	5.742532711760069	21.483447301755106	0.2176353691110834	50579.19149823939
-850.7133004214294	6.342460531928612	23.356836473892724	0.2172560505649371	50579.19149823939
-1662.0705686428364	0.01	0.10655381981910242	0.25802997699003105	50579.19149823939
-872.5853562788017	5.27193911664611	18.85056243882372	0.21851367837162222	50579.19149823939
-828.6495660992784	8.493314845854181	33.77962327132186	0.2172897798622675	50579.19149823939
-849.4363274520067	6.543383593753572	24.018900710580127	0.2151887083746263	50579.19149823939
-1662.0705684733507	0.01	0.10655390498090479	0.25803184206914676	50579.19149823939
-847.3031275424787	6.406600300068033	24.879230774289134	0.21288919857483748	50579.19149823939
-1662.0705697390028	0.01	0.10655401792501043	0.2580276907590827	50579.19149823939
-866.7896820668253	5.492480749491813	19.79695939818064	0.2175222139103387	50579.19149823939
-1953.957976640675	0.25062826202445554	0.029125030194599184	0.2635477887597737	50579.19149823939
-1953.9580790560944	0.2809825981382704	0.05018851325558753	0.2635330223487229	50579.19149823939
-861.831740973219	5.7109874813835795	20.752548393808112	0.2171919876653517	50579.19149823939
-1662.0705684947234	0.01	0.10655387911646653	0.25803215367903276	50579.19149823939
-1953.958441412177	0.14198358071680506	0.021080240714336736	0.2634598014164497	50579.19149823939
-1662.0705710062266	0.01	0.10655388249153193	0.2580371479579198	50579.19149823939
-844.5800210373433	6.691121501649348	25.356660170640417	0.2165425504257078	50579.19149823939
-883.8444536620725	4.891609848113093	17.29107540063441	0.21879289814671268	50579.19149823939
-3506.919804052961	0.6708123813305277	0.054397503670377684	0.27964900326288716	50579.19149823939
-1662.070568446507	0.01	0.10655387965296179	0.2580313564259054	50579.19149823939
-3506.925015369312	0.6728367610820832	0.056292030608190526	0.27966187901518386	50579.19149823939
-1662.0705684470477	0.01	0.10655388497219684	0.2580314010209146	50579.19149823939
-1953.972954811767	0.29001375951524083	0.057557954032211894	0.26357074201760994	50579.19149823939
-1953.9579714775368	0.26434074732112656	0.03801661275850516	0.2635302779955797	50579.19149823939
-878.9333554535956	5.009866265342495	17.967648661542796	0.2188985586150104	50579.19149823939
-856.3889114667952	6.0197725547558765	22.001208533644938	0.21659544737045405	50579.19149823939
-3506.9218027889333	0.6718475550629881	0.05536066798129745	0.2796600374295535	50579.19149823939
-1953.9579697591935	0.26932228798486374	0.04148864520742973	0.2635338282873786	50579.19149823939
-1953.9579687056523	0.23178490172909738	0.018328514521230594	0.2635404212037295	50579.19149823939
-1953.9579788991982	0.11087401451381515	0.04052713190886834	0.263547441672573	50579.19149823939
-897.7483979540971	4.677240974283766	15.810139956074844	0.21989989524424786	50579.19149823939
-843.0939675953223	6.814325934370594	27.86896759228618	0.21533732839985226	50579.19149823939
-843.7214415402159	6.872507999008783	25.79788971703059	0.21541319847857682	50579.19149823939
-854.4600653847325	6.113546202648281	22.464384993783202	0.21750397647905365	50579.19149823939
-872.2194371572241	5.268158039294391	18.910745214889424	0.21854838902389345	50579.19149823939
-1953.987370451429	0.29158494713816674	0.0589038074750794	0.26352370178728973	50579.19149823939
-859.3866346794782	5.787705190241848	22.965423550108294	0.21697564375810807	50579.19149823939
-1953.9673527730693	0.28898827716181497	0.05668953109996137	0.26354566517267236	50579.19149823939
-871.2443036344254	5.30796999087807	19.066436164441892	0.21807256347891038	50579.19149823939
-839.3273488072086	7.091854520473179	27.442182628002836	0.2171602291918819	50579.19149823939
-856.7831735305483	5.895091131499814	21.862766012303677	0.21760434114435115	50579.19149823939
-3506.923449654282	0.672390606722233	0.05586850211940172	0.27963395252071155	50579.19149823939
-865.0439461224498	5.471683213791289	20.35982883587585	0.21563058621083658	50579.19149823939
-1953.9887201480387	0.29169405030898965	0.059000377461668925	0.2635363253685992	50579.19149823939
-1953.9667903581187	0.28884592474793475	0.056570899502557205	0.26350106293419695	50579.19149823939
-1953.9637232077284	0.28794569007459503	0.055817455891629245	0.2635090496706595	50579.19149823939
-1953.9926724078991	0.10075671418596881	0.047942375276394625	0.2628760225697482	50579.19149823939
-1955.345608024721	0.21502121622583545	0.01	0.2593677827784445	50579.19149823939
-1953.9599080475493	0.28583620848422797	0.05407414229192014	0.2635364665813228	50579.19149823939
-824.6242499820223	9.245173650643133	36.45998626817262	0.21501716898940199	50579.19149823939
-848.2887127840911	6.35376535644647	24.22734154100815	0.2170649607924998	50579.19149823939
-1953.974672402946	0.290270509835279	0.05777720919725674	0.26351696724942736	50579.19149823939
-831.9434775821073	7.878346332607177	31.330934870908727	0.21686748143267223	50579.19149823939
-830.942677718833	8.383552875081353	32.05848569244385	0.2172388651699013	50579.19149823939
-1662.0705688308803	0.01	0.10655399290397326	0.25803299454007184	50579.19149823939
-1953.980956791649	0.290882114086533	0.05829914155826537	0.2636586701687115	50579.19149823939
-834.685675627966	7.536235047712494	29.747181908841263	0.21646254445190086	50579.19149823939
-1662.070568587129	0.01	0.10655388730250581	0.2580327117775952	50579.19149823939
-1662.0705684585446	0.01	0.10655386603096338	0.25803100790486333	50579.19149823939
-836.1077247169605	7.55035348427145	28.992814920768854	0.21704551657616672	50579.19149823939
-848.4470256713089	6.464565752633288	24.11497816622916	0.2169967934462333	50579.19149823939
-873.0583939506845	5.19805533953854	20.09513324699446	0.2178591315863612	50579.19149823939
-853.2571682139196	6.100141101412014	22.724213674565252	0.21648425871168203	50579.19149823939
-1662.070568446788	0.01	0.1065538812543625	0.25803141372912297	50579.19149823939
-1953.965432888731	0.28851412356039385	0.056292252227053904	0.26352661771124375	50579.19149823939
-852.6036576961014	6.124207242330055	22.910102837074383	0.21758287247341299	50579.19149823939
-856.886958533777	5.918748419350118	21.82556573033266	0.21757704567904618	50579.19149823939
-1662.0705684480376	0.01	0.10655388925099697	0.25803141176028194	50579.19149823939
-850.8800525030251	6.6162381753589035	23.90730121943929	0.2168433200727453	50579.19149823939
-850.0786810328216	6.321554660325285	23.4392678379025	0.21663501916155228	50579.19149823939
-1954.20605106643	0.2972823316727542	0.06396226391638943	0.26340336949116017	50579.19149823939
-837.763273769817	7.174143204249445	29.002981103222993	0.21593248914383895	50579.19149823939
-3506.9347645252583	0.6742554584260186	0.05765444706445063	0.27971884580488743	50579.19149823939
-1662.0705691369035	0.01	0.10655402849045048	0.2580291210584415	50579.19149823939
-854.3260185742154	6.017655697274677	22.47588007704009	0.21645242674446724	50579.19149823939
-1953.9847991656097	0.2913514726384375	0.058704519053045245	0.2634858361936635	50579.19149823939
-880.8576808852971	5.315259801156545	18.12010804606841	0.21801252919467942	50579.19149823939
-1662.0705684659897	0.01	0.1065539045046704	0.2580309821906259	50579.19149823939
-865.156342460972	5.548517576205743	20.13633406369674	0.21792430690846507	50579.19149823939
-1953.9690904360805	0.28936914371042183	0.05701216012294584	0.26352601992730984	50579.19149823939
-860.6650311678077	5.646591769606354	21.25434765304727	0.217416572491201	50579.19149823939
-865.4360169736107	5.746907216725158	20.34709578564618	0.21645606777594412	50579.19149823939
-869.3499290581658	7.909896741533216	26.894253004238543	0.2164606464368244	50579.19149823939
-843.1585373280445	6.689567358848347	26.340324258175773	0.21597553424749139	50579.19149823939
-834.4880153724241	7.444972020275153	30.426014356995463	0.21712670771217688	50579.19149823939
-858.2510710871618	5.781702092674193	21.605403824740282	0.21748860587979754	50579.19149823939
-842.7826305893075	6.732936801493747	26.08495292949859	0.2151137902540387	50579.19149823939
-1662.0705685264688	0.01	0.10655385623901827	0.2580303871147424	50579.19149823939
-852.8576542375024	6.051774703503663	22.96333446287542	0.21675496793074667	50579.19149823939
-1953.9585317524702	0.2835820471515024	0.052248633442453826	0.26354944963430904	50579.19149823939
-862.1245675819289	5.614228557576584	20.827541386254094	0.2173208619921441	50579.19149823939
-835.0486981290475	7.954381169148407	29.952903107640346	0.21530811716275242	50579.19149823939
-895.1947132122848	4.548912899216575	16.232449249066594	0.21938237024781057	50579.19149823939
-1953.9579675776804	0.2652460427243417	0.038637425758595134	0.26353598229961583	50579.19149823939
-1662.070568839736	0.01	0.10655372943214202	0.258030351705572	50579.19149823939
-1953.964921091615	0.28832153011993356	0.056132628470601416	0.26355016398540315	50579.19149823939
-1662.0705684516672	0.01	0.10655389236700037	0.2580315525300676	50579.19149823939
-829.3117552457015	8.177168988945756	33.48349464499695	0.21786884575945198	50579.19149823939
-1953.961446397149	0.2869599389584627	0.054998309474145184	0.2635404780489018	50579.19149823939
-894.4157019864481	4.650695113747091	16.09063734236042	0.2196355975141862	50579.19149823939
-846.4225724735388	6.472283340945069	24.973563192435467	0.21721066627910654	50579.19149823939
-1953.9635144955719	0.2878989146710265	0.055777789886502754	0.26354009101741527	50579.19149823939
-1953.9580207413683	0.279878451769298	0.049327467938500506	0.2635333246715286	50579.19149823939
-868.8344954827938	5.4110129727726965	19.469998636835033	0.21824720218821111	50579.19149823939
-829.6204639782907	8.032489226218852	33.375771750698576	0.2152358159976173	50579.19149823939
-837.8929217939017	7.202077509307792	28.109537505008383	0.21465378145696778	50579.19149823939
-1953.9750097052224	0.29020289131681265	0.057719698537443444	0.263641231464455	50579.19149823939
-1662.0705685473552	0.01	0.10655388010961091	0.2580325082998075	50579.19149823939
-1662.0705684466545	0.01	0.10655387879530027	0.2580313220851237	50579.19149823939
-865.8834483139758	5.531385881903572	19.97554280008126	0.2190259133099751	50579.19149823939
-1662.070573737685	0.01	0.10655337372472214	0.25802663337252035	50579.19149823939
-1662.0705684467093	0.01	0.10655387723389947	0.2580313960763243	50579.19149823939
-823.1146699561262	9.238207854553908	38.66206687775043	0.2108313449178531	50579.19149823939
-1662.070569149118	0.01	0.1065536558521082	0.25803158503959733	50579.19149823939
-858.2705161732315	5.809043966384684	21.530418399882116	0.217329492888671	50579.19149823939
-1662.0705685198145	0.01	0.1065539394091376	0.25803080416080443	50579.19149823939
-846.6338714008043	6.523968234742244	24.66510412032591	0.21584717963614042	50579.19149823939
-842.8542516706488	6.755603445625896	26.057047581893716	0.2154998081275053	50579.19149823939
-867.8550087788383	5.393994976618273	19.6822533238212	0.21761780035038183	50579.19149823939
-1953.9673045014285	0.28879002953963845	0.05652026743176673	0.2634768752720662	50579.19149823939
-839.3263840430548	7.1601154504058835	27.41573456525878	0.21531973798911325	50579.19149823939
-1953.9586806988027	0.24758655614812444	0.027275491418944704	0.2634422096662204	50579.19149823939
-1953.960656540053	0.286446857678086	0.054575241275151384	0.2635232733567736	50579.19149823939
-841.7995490305773	7.36603808572225	27.32219736106736	0.2160948703586338	50579.19149823939
-852.2158196101124	6.1537427883977	23.004624301855095	0.21700348492065508	50579.19149823939
-852.1253218105167	6.1170390605579765	23.10665812559948	0.21671966750749794	50579.19149823939
-1953.9678821087596	0.28912094516358516	0.0568025826944439	0.26354246046231006	50579.19149823939
-867.5884812520152	5.378918592748675	19.80250004077811	0.21814324226702947	50579.19149823939
-3506.9255837922756	0.6729243608103522	0.05637438795278542	0.27971352577785513	50579.19149823939
-3506.917390114685	0.6623386468884752	0.04696052537935366	0.2796636264088307	50579.19149823939
-1953.9590180179873	0.11585721891267568	0.03709093706584969	0.26342191187834085	50579.19149823939
-834.10252929777	7.675664217563551	29.9639329794753	0.2153216647346367	50579.19149823939
-1953.9898818367872	0.2374982104840577	0.021438448587439145	0.26290331109433884	50579.19149823939
-1662.0705684508052	0.01	0.1065538770856893	0.2580311250151292	50579.19149823939
-1662.0705684470167	0.01	0.10655387825139918	0.25803128133331943	50579.19149823939
-1953.978041696946	0.29069210764485903	0.05813736205553563	0.2635207413253109	50579.19149823939
-1953.962076905349	0.28729142557432413	0.055272630181803534	0.26353784053781165	50579.19149823939
-1953.9584387870655	0.11704802536678556	0.03628973154505867	0.26346012996846446	50579.19149823939
-834.1928876645461	7.5330190055517665	30.051050885961974	0.21470472254100012	50579.19149823939
-3506.925697267142	0.6729799314411086	0.05642694441513395	0.27969574738960035	50579.19149823939
-1953.9613347311015	0.2868939010789423	0.05494372891646718	0.2635297832708311	50579.19149823939
-1953.9653286785915	0.28848611397976454	0.05626892994526525	0.26354095825810947	50579.19149823939
-1662.0705684657491	0.01	0.10655384331151777	0.2580312561996107	50579.19149823939
-1953.958470963496	0.28342449989958013	0.05212233941153727	0.26353969399913857	50579.19149823939
-1662.0705684465306	0.01	0.10655388007833674	0.2580313567854398	50579.19149823939
-3506.921551982826	0.6717453438881399	0.05526315602667476	0.27966657441630305	50579.19149823939
-1953.9755626220785	0.2903097670064094	0.05780980446755259	0.2634506859589623	50579.19149823939
-856.9594308396381	5.846785597962138	22.714530245384168	0.21642415081348593	50579.19149823939
-856.1260214103404	6.464837605498302	22.971291952036044	0.21688570710838317	50579.19149823939
-1662.0705721272334	0.01	0.10655384792746632	0.25802443209885734	50579.19149823939
-866.1323271988329	5.489295116995842	19.957694374207662	0.21791122909396832	50579.19149823939
-1662.0705686169772	0.01	0.106553987584281	0.258031038100294	50579.19149823939
-1953.964729046424	0.28813808113607303	0.05597400087130844	0.2635527003946472	50579.19149823939
-847.6894062192134	6.416825983382414	24.347419463146142	0.21544837275435474	50579.19149823939
-1662.0705684760337	0.01	0.10655388019550643	0.258031980773223	50579.19149823939
-1953.979781003406	0.29088649688772367	0.058303739123958837	0.26353764936199975	50579.19149823939
-833.9823276530085	7.98598409803417	30.636785058883035	0.21962269216058813	50579.19149823939
-874.6003233944812	5.120078219684401	18.679315398361148	0.21827653758453883	50579.19149823939
-1953.9651289274166	0.2883208778703353	0.056130747022492995	0.26347034054861296	50579.19149823939
-1953.9579683917914	0.2661297347215558	0.03924776483235437	0.2635381456538103	50579.19149823939
-1662.0705684465768	0.01	0.10655388130552493	0.2580313521783228	50579.19149823939
-833.4738519247051	7.906831129403524	30.382098462161142	0.21703223353670106	50579.19149823939
-1662.070568492847	0.01	0.10655390141038795	0.258032079465671	50579.19149823939
-1953.9582412408881	0.28236962184933534	0.051281782823180584	0.2635270841736789	50579.19149823939
-1953.9741810824048	0.2901423456800958	0.05766487813462491	0.2635120277944238	50579.19149823939
-3506.9173937777505	0.6565164627887157	0.042248275102450245	0.2796544005318471	50579.19149823939
-1953.9606580284963	0.2863116894881347	0.05446204361559919	0.2635238866218027	50579.19149823939
-1953.9614105473338	0.2869365668864946	0.05497882725096297	0.2635455520007311	50579.19149823939
-3506.9194643154055	0.6705729575179964	0.05417687980025045	0.2796621110834646	50579.19149823939
-1662.0705703140425	0.01	0.10655389636591169	0.25802641946234084	50579.19149823939
-872.8890956565406	5.224449606792363	18.817933108136792	0.2178718228879131	50579.19149823939
-846.2236365979986	6.701390018752689	24.878095027449092	0.21662351590787624	50579.19149823939
-1953.9619799440816	0.28724342560037075	0.055232865880417426	0.26353989568408026	50579.19149823939
-829.233912930048	8.249330662665473	32.973768334804625	0.2141143549796285	50579.19149823939
-886.7836039861345	4.793868322007622	18.384258776584115	0.2198405049253629	50579.19149823939
-1953.959260067784	0.2810454268051927	0.05023761945508954	0.263415120198806	50579.19149823939
-856.7028788119419	5.845970705852854	22.318988923213933	0.21783319697851744	50579.19149823939
-844.4099423880365	6.618549492614723	25.462889724329525	0.21710410186647142	50579.19149823939
-870.2319741260907	5.332721567524751	19.237842960751575	0.21839621152718108	50579.19149823939
-1953.959744174181	0.2844245404631278	0.05292687579345517	0.2636418779090897	50579.19149823939
-858.5240851371312	6.1932533086309	22.093540490811243	0.2178378393616209	50579.19149823939
-845.9486721630492	7.352118864100286	26.74614742189221	0.2161666267208764	50579.19149823939
-848.9495263872295	6.304314705675828	24.284156157443626	0.2179459615851222	50579.19149823939
-855.8614298172853	5.990025634318878	22.07653678118309	0.2170823846249514	50579.19149823939
-844.0617963245018	6.745305624524642	25.57234435494723	0.21509428781833173	50579.19149823939
-867.7228645741698	5.385549069507687	19.742409317460726	0.21754816024160128	50579.19149823939
-857.1967496453886	5.84148902448001	21.83110609032104	0.2171849793236895	50579.19149823939
-1953.9599465013616	0.28587196085822636	0.054103518355451775	0.26353466765583705	50579.19149823939
-1953.9579684432133	0.25960130059669834	0.03483695855830295	0.263538607574946	50579.19149823939
-850.212672400191	6.324193972371716	23.432491532266102	0.2172594664724143	50579.19149823939
-847.605695142656	7.207114571433791	25.999675432993254	0.21683816493275254	50579.19149823939
-827.0364011451629	8.274781929710702	34.77861534045721	0.21777391790898332	50579.19149823939
-1662.0705687681852	0.01	0.10655380180686715	0.2580296000137227	50579.19149823939
-860.0165329572051	5.707035565260108	21.184720343612078	0.21742854098023406	50579.19149823939
-1662.0705686169563	0.01	0.10655389525822961	0.2580328374779316	50579.19149823939
-1953.9592167733033	0.28501517800354537	0.05340478334876883	0.26352991280721216	50579.19149823939
-829.0900988021659	8.213542740429814	33.024277398919516	0.21584020695984643	50579.19149823939
-3506.92029173468	0.671129778615562	0.05469123908658621	0.27965255432285585	50579.19149823939
-1953.9646676503626	0.2882885622049457	0.056103201318375845	0.26354426581667806	50579.19149823939
-833.661079855865	8.396228343133265	31.564674170481425	0.21825450327208348	50579.19149823939
-3506.940557220055	0.6749649516923616	0.05833630319318186	0.27970710787554454	50579.19149823939
-1953.966763747184	0.2886694494082757	0.0564201765927888	0.2634555452144431	50579.19149823939
-861.1585972102018	5.692838217715823	20.963853954095338	0.21697626693303396	50579.19149823939
-1953.96168325675	0.2870871303642072	0.055103360252470215	0.2635461772376055	50579.19149823939
-843.8808738599455	6.64575606872024	26.00477010131547	0.21602251961612168	50579.19149823939
-834.3404685921132	7.927546030357556	29.913637211835955	0.21333983380184385	50579.19149823939
-1953.9657094487657	0.28858464139081597	0.05635051691507216	0.263535178018	50579.19149823939
-3506.9288079116077	0.6735357603496627	0.05695427032254008	0.27971096075662616	50579.19149823939
-849.9596966541392	6.3503743708125695	23.660529148192538	0.21592146290186695	50579.19149823939
-1662.0705684499567	0.01	0.10655388796517247	0.25803153776689935	50579.19149823939
-3506.9192696626496	0.670410700496785	0.054027544989963226	0.2796649918726745	50579.19149823939
-859.1644485561968	5.751794723370987	21.44116279706229	0.21546286844994755	50579.19149823939
-838.4004975227872	9.504404094028555	33.608257589218844	0.21571584753146897	50579.19149823939
-858.4437313500891	5.831657887358996	21.545504112995285	0.21725715515424665	50579.19149823939
-1953.9579658353903	0.1035806738669851	0.04580974178301668	0.2635371361747838	50579.19149823939
-843.5263100129089	6.69059951398804	25.937791880010973	0.21471256917183923	50579.19149823939
-1953.9656857817577	0.2883101891595953	0.05612600485506913	0.26354982853386405	50579.19149823939
-1953.9936556881191	0.2920254123529208	0.059289319375359896	0.2635029666275999	50579.19149823939
-1662.070568472369	0.01	0.10655388017078014	0.2580319408904342	50579.19149823939
-902.774446446369	4.403953464414349	15.426949102599583	0.22031757174159627	50579.19149823939
-848.722724515495	6.332508927160965	24.097187834424837	0.2170536815620091	50579.19149823939
-830.7378830181207	8.186149798437084	32.05671601760042	0.213529696870387	50579.19149823939
-843.3351436976941	6.760004469365316	25.806379314974517	0.21556078481260663	50579.19149823939
-842.6939756333502	6.8183305306309245	26.034356932274807	0.2161647661426254	50579.19149823939
-1662.0705685064868	0.01	0.10655394165503568	0.2580316426858861	50579.19149823939
-1953.9929475130964	0.2920047886793634	0.059268289863023176	0.26351007419709294	50579.19149823939
-848.3732636500112	6.392934311096172	24.152203853001637	0.21791558501814984	50579.19149823939
-1662.0705699155897	0.01	0.10655417834946007	0.25803305890259737	50579.19149823939
-865.0438959971183	5.454395296155707	20.43417600654688	0.21725175334444155	50579.19149823939
-878.0504093479677	5.362411787927875	18.43276711979044	0.21899343716239877	50579.19149823939
-1953.9582686705692	0.2824667046547775	0.05135874363253468	0.26355196626020555	50579.19149823939
-872.0714507211126	5.292405266447615	18.932279332092445	0.21824691150968703	50579.19149823939
-855.0005210177728	5.953529352139787	23.100512233121286	0.2163444996039391	50579.19149823939
-1662.0705688382639	0.01	0.10655391534171572	0.258033570703052	50579.19149823939
-1953.960302633702	0.2861789113975022	0.054355036043261876	0.2635259635634108	50579.19149823939
-847.2690500424201	6.420407384286978	24.50334206165107	0.2157626727709251	50579.19149823939
-1953.963297496612	0.2878115276600322	0.05570439597753316	0.2635420768160992	50579.19149823939
-1953.9597937465155	0.2856834792201732	0.05394915448910508	0.2635153440094971	50579.19149823939
-880.1776770227078	4.972711762524041	17.796391354572037	0.2186071757914806	50579.19149823939
-1662.0705692828235	0.01	0.10655403142814239	0.25803394965297227	50579.19149823939
-829.6575957103039	8.27707061749169	32.67703260345961	0.21516911117695434	50579.19149823939
-841.980553904396	6.98555401848663	26.41170268579337	0.2150753165562669	50579.19149823939
-3506.9230572520414	0.6722126453780368	0.055702041036488625	0.27972017680856914	50579.19149823939
-1953.9620880535554	0.28729592762315104	0.05527656094668649	0.2635336603125796	50579.19149823939
-1953.9579814347014	0.26049645316969383	0.03542861693448375	0.26354939852333387	50579.19149823939
-841.4810616062916	6.834417602489432	26.61722858677416	0.21505276300081025	50579.19149823939
-1953.9579694267454	0.27000354688711825	0.04197404487349521	0.2635335955414179	50579.19149823939
-859.6086200254078	5.7903625463065875	21.21185254261969	0.21760459808066832	50579.19149823939
-830.2930633136681	8.049295324732691	32.377591276453465	0.2145614480422455	50579.19149823939
-1953.9665827523952	0.2888187253635944	0.0565480664676011	0.26354519964505835	50579.19149823939
-3506.9210101021895	0.6715116607998955	0.0550456584349012	0.27965889072970523	50579.19149823939
-827.0211706820364	8.78262873247452	34.65512408125351	0.21426318304830339	50579.19149823939
-1662.0705684634293	0.01	0.10655384487107342	0.2580313875737706	50579.19149823939
-1953.963769485681	0.28799109662128847	0.055854585799541785	0.26354067482272076	50579.19149823939
-1953.988895138276	0.2917107842734935	0.05901378956597507	0.2635468552836446	50579.19149823939
-1953.9667890060746	0.28887042089301945	0.05659147043142701	0.2635343189704294	50579.19149823939
-1662.0705722045657	0.01	0.1065537357538605	0.25803810337599503	50579.19149823939
-1662.0705684743136	0.01	0.10655391334274066	0.2580317533567757	50579.19149823939
-849.9919751420728	6.296090012515222	23.455377120817978	0.21660171887237456	50579.19149823939
-866.141648137924	5.415128220771343	20.521105587903378	0.21734906999678053	50579.19149823939
-860.2205916051128	5.9540500275556605	21.33444485053196	0.2184793973911943	50579.19149823939
-1953.9674594961032	0.2887921637024276	0.05652123172005159	0.2635804374652867	50579.19149823939
-3506.9177034922463	0.6555466594074073	0.04149105581648843	0.27960400454780293	50579.19149823939
-846.5543594651432	6.658361628486412	24.81195208253043	0.21694523150210737	50579.19149823939
-862.6231945647571	5.556097918247824	20.917782495094556	0.21774021137310823	50579.19149823939
-861.5574079551832	5.607708907847038	21.06364330850443	0.2174683554811207	50579.19149823939
-852.2153796007753	6.135769831404542	23.08200989033821	0.21849887970685242	50579.19149823939
-1953.9598990714767	0.28580551276420696	0.05404924374606518	0.263521042662935	50579.19149823939
-1953.9581545214837	0.2695764222341541	0.04167054892016148	0.2635275186685877	50579.19149823939
-863.921675601467	5.598241602528279	20.371725075429108	0.2177860842654032	50579.19149823939
-1662.0705697865922	0.01	0.10655361164940041	0.2580292658647884	50579.19149823939
-854.6586271962733	5.952166006870299	22.524484213440964	0.2172048781648679	50579.19149823939
-1953.9658532109536	0.28834513384155586	0.056150715211000984	0.26364949278133915	50579.19149823939
-860.3400986359034	5.771450960269078	21.061018210390408	0.2166023106823917	50579.19149823939
-830.1651323438364	8.206090491382596	32.08467846339325	0.21524603395329173	50579.19149823939
-832.3660447785898	7.989198028443276	31.049655415008985	0.21328906530054548	50579.19149823939
-857.6480341837482	5.889931417272216	21.643394237507362	0.21734206648253504	50579.19149823939
-1953.9697866243846	0.2894847570727067	0.057111257511386876	0.2635555810323647	50579.19149823939
-867.9675974733435	5.406770130574016	19.635067264166487	0.2178691720281722	50579.19149823939
-3506.917438803385	0.6402741808451285	0.030478439839437505	0.27968765640631077	50579.19149823939
-1953.9635438533305	0.2879099734407534	0.05578696417913937	0.2635382306429525	50579.19149823939
-847.971811440309	6.696388518634547	24.660077328796028	0.21653031960469027	50579.19149823939
-1954.0272413296618	0.293727732833993	0.06077399410095462	0.2635154923770518	50579.19149823939
-838.8683041739314	7.230308018848234	27.609341176103463	0.21539983477437258	50579.19149823939
-845.3142811288135	6.672632287149069	25.119061557142654	0.21613487708886478	50579.19149823939
-1662.0705684552158	0.01	0.10655390456159228	0.2580313663996304	50579.19149823939
-848.2500281858872	6.679042755889399	24.559361823349278	0.21749233127469655	50579.19149823939
-1960.926084404055	0.2645067032467642	0.03812996781291123	0.25421950775869845	50579.19149823939
-1953.964819544371	0.2882794428326404	0.056093639161187196	0.2635498050270087	50579.19149823939
-836.9076867965879	7.330176898271207	28.511757361227023	0.21677652603033631	50579.19149823939
-1662.0705684499212	0.01	0.10655387951203249	0.25803157022711465	50579.19149823939
-1953.9652452642908	0.2884384422322113	0.05623017102810055	0.2635375788299528	50579.19149823939
-1953.961448187917	0.28695357394324816	0.054992834302967065	0.26354982327439974	50579.19149823939
-869.1975890201392	5.372269352076439	19.41062684709378	0.2181037911717021	50579.19149823939
-830.0167397834604	7.96874700436929	32.39937660446793	0.2136866110107232	50579.19149823939
-1953.9644434850902	0.28800799479077055	0.05586538117310963	0.2634985466822546	50579.19149823939
-857.6050789976367	6.0161577046724934	21.808165127417713	0.2180779270144876	50579.19149823939
-873.6922931995255	5.165821364514859	18.762590831517343	0.21816582876526636	50579.19149823939
-863.3530888044982	5.628788885719928	20.43879629357239	0.2176479481041201	50579.19149823939
-1953.992030915239	0.2918702319034214	0.059151879354795656	0.26365097816222594	50579.19149823939
-1953.9579671755787	0.2665068877318294	0.03950946062639191	0.263536969226135	50579.19149823939
-863.1443759283022	5.541923796498064	20.697313836912137	0.21682274871440202	50579.19149823939
-1953.9873465020714	0.2915627710314279	0.05888418608413755	0.2635890159103872	50579.19149823939
-843.9928064679848	6.764282266801283	25.821020620398535	0.21268612841685502	50579.19149823939
-1403.4600535049972	2.9154914518719415	26.532997551408556	0.2249663983665835	50579.19149823939
-1953.958096861553	0.1374206935345797	0.023651880548837843	0.26349671208865527	50579.19149823939
-1662.0705684467348	0.01	0.10655388330700433	0.2580313740162344	50579.19149823939
-844.7573405336587	6.6252274180781505	25.320449916428483	0.21665601951678998	50579.19149823939
-1662.0705684478335	0.01	0.1065538888756099	0.25803132189925415	50579.19149823939
-852.9341337731586	6.096810355334181	22.853703271041248	0.2156042192615932	50579.19149823939
-827.5321410775139	8.75420037305184	34.390261639987095	0.21372409286506153	50579.19149823939
-841.6460489814324	7.177506132108743	26.808552904938274	0.21391037574928617	50579.19149823939
-1662.0705780764688	0.01	0.10655314820862931	0.2580260640964587	50579.19149823939
-871.5107121043008	5.395544355445741	19.08664602586709	0.21801389264308466	50579.19149823939
-1953.9584627547792	0.28325011919356224	0.05198312735147464	0.26355875325409706	50579.19149823939
-858.3848064067544	6.881365432150243	23.942794740124	0.21560163066930305	50579.19149823939
-1662.0705684544328	0.01	0.10655389882575192	0.2580311692076493	50579.19149823939
-1662.0705705060354	0.01	0.10655425988062603	0.25803207807700984	50579.19149823939
-1953.9795485675209	0.29085316430693026	0.05827434559393604	0.2635584967241742	50579.19149823939
-831.9512312793929	8.21573850430104	31.29854308705856	0.21477789438713996	50579.19149823939
-1953.958025204373	0.22635212754736123	0.015499223959183676	0.26356384156887985	50579.19149823939
-868.3355995503166	5.396099461892421	19.567924366475747	0.21759500478324192	50579.19149823939
-1953.962348809916	0.2873009531094258	0.055278550165688785	0.26350847877896516	50579.19149823939
-1662.0705684695722	0.01	0.10655387519278928	0.25803081350162166	50579.19149823939
-846.9579739968658	6.64820806770699	24.713563303580653	0.21650591114550147	50579.19149823939
-862.2022452571942	6.061306804847928	21.39899752534816	0.21618625896339633	50579.19149823939
-1662.0706198396772	0.01	0.10655440528311762	0.2580562880700665	50579.19149823939
-1662.0705752363353	0.01	0.10655371471140891	0.25802220427774436	50579.19149823939
-839.9970244427521	7.060684456420969	27.09805622471171	0.21641317269051438	50579.19149823939
-1953.971154452829	0.2896686611986478	0.05726540469595136	0.26361200193928586	50579.19149823939
-1953.9640974140057	0.288099353381634	0.05594529970994628	0.2635504932086229	50579.19149823939
-1953.9580323944788	0.2579139451899706	0.033732734513771706	0.26350832881050373	50579.19149823939
-1953.9621264016541	0.2873138391362059	0.05529150219605007	0.2635343819011778	50579.19149823939
-848.3023074702149	6.381334730203877	24.168671663223748	0.21507932639524588	50579.19149823939
-821.9672812348707	9.913873909264726	39.27421697084012	0.21239367491287517	50579.19149823939
-837.3572885617338	7.224484335696799	29.044748973501306	0.2152057102791232	50579.19149823939
-1968.319249615725	0.23762329031413948	0.02150878239695148	0.2501919767474088	50579.19149823939
-830.8163002970819	7.891153212021584	31.64498347172844	0.2159412839661678	50579.19149823939
-844.5701105985945	6.6571628533048095	25.363062608404633	0.2168331270504005	50579.19149823939
-872.8299243678093	5.2508464173324825	18.813041418338802	0.21823140992610865	50579.19149823939
-867.7488934894716	5.467488258802693	19.66362271837774	0.21819920606524112	50579.19149823939
-3506.9208785584074	0.6714515269408019	0.05499006996137136	0.27966203683923335	50579.19149823939
-1954.0534852862947	0.29457193088442113	0.06152240240691905	0.26359672281004765	50579.19149823939
-850.6261294296596	6.127375647035376	24.010171187782262	0.2172207761744926	50579.19149823939
-1953.9625751371213	0.287521190631171	0.05546349550732745	0.26353789875085154	50579.19149823939
-847.9716883673673	6.3721436618014895	24.383409630524266	0.21606695884118318	50579.19149823939
-842.8142700194147	6.859907618322049	28.04975500240691	0.21303650385430237	50579.19149823939
-873.1425839585595	6.588132746174392	22.286813260207605	0.2156363328608237	50579.19149823939
-1662.0705684474801	0.01	0.10655388787467732	0.2580313598159959	50579.19149823939
-3506.920140807802	0.6710327770731633	0.05460199243684506	0.27967181630668186	50579.19149823939
-835.751454007777	7.681212520022343	29.366848548771486	0.2168105443986518	50579.19149823939
-843.0187091043326	7.0272243388446265	26.09020256198935	0.2167342960489728	50579.19149823939
-844.710761864952	7.0093306006031755	25.828129085982933	0.21684725392471974	50579.19149823939
-1954.0065268569688	0.29281592200796797	0.05997357618623017	0.26350812051597494	50579.19149823939
-1953.961991626497	0.28722850026297353	0.05522110805328893	0.26351893893632905	50579.19149823939
-1662.0705685404594	0.01	0.10655382661348789	0.2580322074104072	50579.19149823939
-1662.0705687311033	0.01	0.10655386859239045	0.2580332841275507	50579.19149823939
-3506.9175934952746	0.661569017986882	0.04632001109113799	0.27971007951205673	50579.19149823939
-1953.9661828979895	0.2886693084933167	0.05642248462121532	0.2634880803103162	50579.19149823939
-1953.9653353893837	0.28847243111641624	0.05625687016283855	0.263511658200369	50579.19149823939
-1953.9580334227858	0.26292003982084783	0.037050979520015966	0.26350840163483463	50579.19149823939
-1662.070568617717	0.01	0.10655398472475695	0.2580318270936196	50579.19149823939
-1953.9782617551305	0.29044077591939615	0.05791499955210079	0.26357272405515403	50579.19149823939
-885.4184262959049	6.319061310804222	20.850104119175274	0.21635415679134196	50579.19149823939
-863.272439660155	5.5979764952570195	20.473828763595527	0.21869111820754042	50579.19149823939
-854.9548830710415	6.050032082351064	22.309428493413087	0.217788724259161	50579.19149823939
-1953.9640403515882	0.28807673902575176	0.05592626918985598	0.2635188485051549	50579.19149823939
-851.7931994760983	6.248128147856129	23.161421755399576	0.21717931614054395	50579.19149823939
-837.4944012506564	7.26124930376151	28.22367024764372	0.21599590990601664	50579.19149823939
-849.2490728753714	7.380804184642321	26.277879499240854	0.21494151530556405	50579.19149823939
-839.3514675711378	7.410668293372679	27.765383846101475	0.21482576032486503	50579.19149823939
-1953.984189541884	0.290978499170767	0.05838587238994696	0.2637384222459232	50579.19149823939
-837.631665900881	7.184142600874782	28.314415585825756	0.215175717638663	50579.19149823939
-1954.007717893705	0.29287787119365577	0.06002754947504489	0.26351344113779934	50579.19149823939
-836.8315609669078	7.290428032358992	28.93220719639341	0.213912363600392	50579.19149823939
-845.6705073800701	6.530380129243071	25.052729411977353	0.21554244244924115	50579.19149823939
-860.2711162688777	5.667891700127748	21.506782219868587	0.21871605375575978	50579.19149823939
-1954.0404895185986	0.26400137783770966	0.03778485849562777	0.2625181931343538	50579.19149823939
-843.1915123213228	6.720216651962109	25.96476098261757	0.216925114923127	50579.19149823939
-1662.0705685341854	0.01	0.1065539408249022	0.25803203784696	50579.19149823939
-832.4988436528222	7.831176757803885	30.874069763850077	0.21469598898000647	50579.19149823939
-836.4949519651233	7.405813059441078	28.722920822256246	0.21549733986029723	50579.19149823939
-1954.0016920496614	0.27843656833763325	0.048215942100079366	0.2642787534403865	50579.19149823939
-1953.976117787565	0.2903639954072201	0.05785785926312399	0.2636344189133488	50579.19149823939
-1662.0705684641061	0.01	0.10655385818690426	0.2580309773337393	50579.19149823939
-3506.9272196041666	0.6731389087579132	0.05657770461520716	0.2797627945194457	50579.19149823939
-1953.9582304748972	0.1629454491218172	0.010402773450216228	0.26348005093715016	50579.19149823939
-883.7405071020495	4.823226079082384	17.769635407006913	0.2193434574708514	50579.19149823939
-1953.9764697132082	0.29049312867129246	0.05796748766255191	0.2635751172309383	50579.19149823939
-854.3528005433632	6.92409267730099	24.600528914172333	0.21624771149012054	50579.19149823939
-1953.9622949838677	0.28730293130561396	0.0552842525118349	0.26353218246434235	50579.19149823939
-1953.9626842121818	0.28756712086538094	0.05550132305069635	0.26354143574023675	50579.19149823939
-849.363569461743	6.242187883553285	23.66863127664427	0.21667406711091092	50579.19149823939
-857.7573211615791	5.803495411324997	21.890275391114702	0.2171270815746422	50579.19149823939
-1008.9605510844669	4.9667175736992055	28.89088503127055	0.21095082921521022	50579.19149823939
-853.9361209619392	6.001934495793959	23.333427564030398	0.21804086276500112	50579.19149823939
-857.7524823116505	5.910092419380678	21.70709871310567	0.2166128049439925	50579.19149823939
-856.6909479994284	5.877365367490638	21.90969928578319	0.21675632628575123	50579.19149823939
-1662.0705685051007	0.01	0.10655388538839693	0.2580304868142019	50579.19149823939
-840.2145075205733	7.466508067234724	27.71615677948488	0.2166218135619358	50579.19149823939
-871.4983367576474	5.258645619908922	19.057511341100515	0.2183518345767472	50579.19149823939
-845.2485858740501	6.557652709643447	25.307792395295113	0.2152531343253372	50579.19149823939
-875.9896406107057	5.0516015265088345	18.747749967135388	0.21884343508963217	50579.19149823939
-1662.0705691392204	0.01	0.10655379889399645	0.2580341688103212	50579.19149823939
-845.1511021796532	6.563993090315503	25.291369853986996	0.21651035895989665	50579.19149823939
-1953.9678602738459	0.2890826301603018	0.05677013592736703	0.26349288376247154	50579.19149823939
-832.2125712439292	7.78005263084948	30.757920737234148	0.21506138290589544	50579.19149823939
-1953.9825115222234	0.29102848565098777	0.058426030250379374	0.2634062721171093	50579.19149823939
-1953.9579672717773	0.12287592425233644	0.03247201904864099	0.26353798178328636	50579.19149823939
-869.8903551307313	5.476948148884783	19.380071169601514	0.2183121901022643	50579.19149823939
-847.574932968384	6.428096448777486	24.583770159311488	0.21941707462991913	50579.19149823939
-832.4070548257987	7.914052070575177	30.898794907417006	0.2155890074756737	50579.19149823939
-846.9816886568726	6.505082373185935	24.543609421669327	0.21639598793188825	50579.19149823939
-838.2640171814186	7.293293647749987	27.637077488741422	0.2159115177531893	50579.19149823939
-1954.1451741614858	0.2964238164913592	0.06318220850376192	0.2633531586649263	50579.19149823939
-3506.929371741454	0.6736162912470052	0.05703370051505418	0.2797341063028272	50579.19149823939
-1953.9641335127994	0.27699900804994615	0.047121083774740925	0.26325988853363086	50579.19149823939
-1953.9619768573643	0.2872258327905844	0.05521823270976029	0.26355719781119086	50579.19149823939
-843.4749968234005	6.716093411738398	25.91051634496995	0.21839728691909618	50579.19149823939
-1953.9680902809423	0.28916405684156227	0.056839194232087435	0.26354672842010757	50579.19149823939
-861.489857322297	5.969705799709398	21.229662377773526	0.21568953456550632	50579.19149823939
-1954.1637128286666	0.24825347956665786	0.027677361335304268	0.2619289013012312	50579.19149823939
-1953.9600295874031	0.28595077890564985	0.054167913195415536	0.26353690829213655	50579.19149823939
-3506.92551260427	0.672933775628239	0.05638143376982188	0.27967977469772737	50579.19149823939
-855.6747786013123	5.910787418862007	23.07231945984211	0.21693094644225272	50579.19149823939
-874.0468102725316	8.116959539922492	27.30844156572	0.21795093787657369	50579.19149823939
-833.8434547753756	7.809712171696387	30.178811438021327	0.21830721163597508	50579.19149823939
-1953.95796721173	0.2698542199434181	0.04186749376233911	0.2635367611274558	50579.19149823939
-1662.0705684475136	0.01	0.10655388095698441	0.2580314718619954	50579.19149823939
-869.2911160518222	5.7986218385168495	20.069816026481636	0.21938886197818142	50579.19149823939
-845.595457862863	6.518162914092965	25.38889915058658	0.21772942575891466	50579.19149823939
-876.3242283798892	5.133301314811555	18.28756467887031	0.2182846668845979	50579.19149823939
-1662.0705684466361	0.01	0.10655388227193763	0.2580313676571092	50579.19149823939
-868.9517571164753	5.383072299365537	19.45489429471838	0.21863457572314643	50579.19149823939
-835.0644919480699	7.920610439321953	29.96352940166736	0.21449637056129245	50579.19149823939
-1953.9616658638497	0.28706266259270213	0.0550831245808269	0.26351594409866663	50579.19149823939
-3506.9335419932627	0.6742270853253822	0.0576190254702581	0.2796157718780354	50579.19149823939
-1953.9898916526054	0.2917418390965917	0.05904030263996514	0.2634503923080432	50579.19149823939
-1662.070568446664	0.01	0.1065538764083701	0.2580313649765864	50579.19149823939
-1953.9579671961899	0.10289947588808201	0.046319443145886534	0.26353208688848706	50579.19149823939
-1953.9631374408204	0.2877550748339267	0.05565797493676371	0.2635354082814689	50579.19149823939
-825.6673284485859	9.123976741309603	35.46867898769244	0.21476772095885277	50579.19149823939
-1953.9603585174375	0.2862312034346636	0.05439780890123186	0.26354050889304603	50579.19149823939
-828.7034901283669	8.388125966165783	33.25525800697344	0.21634326399401177	50579.19149823939
-1953.9578642756398	0.0976527839815385	0.05034608849529673	0.2635263913859784	50579.19149823939
-854.4599298856706	6.034984522044301	22.43539998337642	0.21722890498166186	50579.19149823939
-868.5651319995503	5.343074453065553	19.62714942880063	0.21614504206832744	50579.19149823939
-851.4690202502618	6.184226732992295	23.35750901600405	0.21666339319640798	50579.19149823939
-853.5744419113885	6.103915529610015	22.645946716528602	0.21756699912616917	50579.19149823939
-1662.0705697718108	0.01	0.10655389319832669	0.25803552016357345	50579.19149823939
-843.1009441664557	6.77296528199971	25.89732767310339	0.2158057184257184	50579.19149823939
-825.0732785291657	9.73153504833435	36.6125333219653	0.21722679288648475	50579.19149823939
-1953.961279945848	0.2868430010620675	0.05490098799163108	0.2635510096204985	50579.19149823939
-1662.0705686455556	0.01	0.10655392552200456	0.2580328478728082	50579.19149823939
-838.2370898071802	8.017597371576143	29.79732351962301	0.21787397196669264	50579.19149823939
