-1012.5986198282346	3.2962927709576006	10.0	0.0	0.001	0.22510239657832018	50579.19149823939
-1012.5984094112504	3.2965747840774053	10.0	0.0	0.001	0.22504320759621968	50579.19149823939
-1012.5984233512283	3.2962729207748125	10.0	0.0	0.001	0.22502739978627392	50579.19149823939
-1012.5983902456757	3.2962278992598226	10.0	0.0	0.001	0.2250420469771623	50579.19149823939
-1012.5984073025354	3.2962519631251324	9.999999999999998	0.0	0.001	0.2250591436653963	50579.19149823939
-1012.5984855083602	3.2963300496864623	10.0	0.0	0.001	0.22501061504584874	50579.19149823939
-1012.598395389341	3.296332145610269	10.0	0.0	0.001	0.22505486672295033	50579.19149823939
-1012.5984072160118	3.2964734047628474	10.0	0.0	0.001	0.22504758724281573	50579.19149823939
-1012.5984170887037	3.2962892849031014	10.0	0.0	0.001	0.22504513412033253	50579.19149823939
-1012.598438438526	3.2961466137262008	10.0	0.0	0.001	0.2250182520932603	50579.19149823939
-1012.5984129828691	3.2962956453847916	10.0	0.0	0.001	0.22505414807261162	50579.19149823939
-1012.5984232265247	3.2960311126670496	10.0	0.0	0.001	0.22504896476104233	50579.19149823939
-1012.5984209442527	3.296032463610648	10.0	0.0	0.001	0.22506844629683379	50579.19149823939
-1012.5984132730855	3.2963313465544504	10.0	0.0	0.001	0.2250501680879824	50579.19149823939
-1012.5984061269611	3.296318557853236	10.0	0.0	0.001	0.22503815878211403	50579.19149823939
-1012.598406907584	3.296334010511528	10.0	0.0	0.001	0.22504254930292464	50579.19149823939
-1012.5983738002378	3.2963781459997685	10.0	0.0	0.001	0.22503663445671834	50579.19149823939
-1012.5984276042416	3.296201265427739	10.0	0.0	0.001	0.2250382683253585	50579.19149823939
-1012.5983910680696	3.29630446733079	10.0	0.0	0.001	0.22505201011977938	50579.19149823939
-1012.5984608204143	3.296711955074076	10.0	0.0	0.001	0.22504765372062896	50579.19149823939
-1012.5984077810873	3.2962774684104206	10.0	0.0	0.001	0.22504139824672942	50579.19149823939
-1012.5985027484189	3.2963258331846017	10.0	0.0	0.001	0.2250050545911568	50579.19149823939
-1012.598478332782	3.2960676868104835	10.0	0.0	0.001	0.22507559459362492	50579.19149823939
-1012.5984166031412	3.2964118471587494	10.0	0.0	0.001	0.22502983541952992	50579.19149823939
-1012.598406986837	3.296210179016504	10.0	0.0	0.001	0.2250360662087702	50579.19149823939
-1012.5983989745606	3.29641413499116	10.0	0.0	0.001	0.2250545941929275	50579.19149823939
-1012.5984365699194	3.2960272884698223	10.0	0.0	0.001	0.22503334386369905	50579.19149823939
-1012.5984230350468	3.296368520270073	10.0	0.0	0.001	0.22506324809279005	50579.19149823939
-1012.5983896663633	3.296445078705551	10.0	0.0	0.001	0.22503870578830895	50579.19149823939
-1012.5984063744422	3.2964015151489705	10.0	0.0	0.001	0.2250541194813296	50579.19149823939
-1012.5984141710483	3.2964597966239793	10.0	0.0	0.001	0.22504319150112387	50579.19149823939
-1012.598385242565	3.2963490349857025	10.0	0.0	0.001	0.22505531023539446	50579.19149823939
-1012.598391357791	3.296289838917572	10.0	0.0	0.001	0.22504377647168897	50579.19149823939
-1012.5984531705795	3.2962905504999473	10.0	0.0	0.001	0.22507500884257176	50579.19149823939
-1012.5984099248643	3.2962169748175167	10.0	0.0	0.001	0.22505103642551863	50579.19149823939
-1012.5984314567863	3.2962215371189134	9.999999999999998	0.0	0.001	0.22505240808522883	50579.19149823939
-1012.5984099023582	3.2962603273420847	10.0	0.0	0.001	0.2250518617641373	50579.19149823939
-1012.598411382326	3.2963882535061564	10.000000000000002	0.0	0.001	0.22502683213059954	50579.19149823939
-1012.5984275754788	3.29632096058833	10.0	0.0	0.001	0.2250647639438426	50579.19149823939
-1012.598395489766	3.2963405661822356	10.0	0.0	0.001	0.22504279449149844	50579.19149823939
-1012.5984194569986	3.2961815506671313	10.0	0.0	0.001	0.2250337760408137	50579.19149823939
-1012.5984202271206	3.2965991541546495	10.0	0.0	0.001	0.22505509972166837	50579.19149823939
-1012.5985439461205	3.2962684923006034	10.0	0.0	0.001	0.22499213239785226	50579.19149823939
-1012.5984172466779	3.2962110887391707	10.000000000000002	0.0	0.001	0.22504442417836557	50579.19149823939
-1012.5984221296342	3.2962636277540462	10.0	0.0	0.001	0.22506273252371578	50579.19149823939
-1012.5984258613913	3.2963361492987104	10.0	0.0	0.001	0.2250436704665401	50579.19149823939
-1012.5984065127141	3.2962677338365345	10.0	0.0	0.001	0.2250287000044829	50579.19149823939
-1012.5984004242999	3.29630062389099	10.0	0.0	0.001	0.22506177925704737	50579.19149823939
-1012.5984328388633	3.2964593343794086	10.0	0.0	0.001	0.22501917103326655	50579.19149823939
-1012.5984248794439	3.296494798104092	10.0	0.0	0.001	0.22505666651451744	50579.19149823939
-1012.5984240054631	3.296228426118089	10.0	0.0	0.001	0.22505403171830896	50579.19149823939
-1012.5984100761427	3.2962548508093867	10.0	0.0	0.001	0.22503862093430133	50579.19149823939
-1012.5984794721783	3.296294505088892	10.0	0.0	0.001	0.2250381091031218	50579.19149823939
-1012.5988193820438	3.296315255093722	10.0	0.0	0.001	0.22496145615635788	50579.19149823939
-1012.5984178803923	3.296498447703294	10.0	0.0	0.001	0.2250445649578338	50579.19149823939
-1012.5983754527614	3.296334056801911	10.0	0.0	0.001	0.22503771037125025	50579.19149823939
-1012.598475103948	3.296581360788631	10.0	0.0	0.001	0.2250184748493188	50579.19149823939
-1012.5984209797343	3.2963386772970025	10.0	0.0	0.001	0.22505840546381536	50579.19149823939
-1012.5984299340641	3.2964916543677445	10.0	0.0	0.001	0.22506209306848762	50579.19149823939
-1012.5984012142668	3.296326241268366	10.0	0.0	0.001	0.22505487245569006	50579.19149823939
-1012.5984186190431	3.296410035749226	10.0	0.0	0.001	0.2250294852061038	50579.19149823939
-1012.5983877576075	3.2963066499664855	10.0	0.0	0.001	0.2250519826285876	50579.19149823939
-1012.5985160177643	3.296298526202814	10.0	0.0	0.001	0.2250784704154099	50579.19149823939
-1012.598450018041	3.296225505270307	10.0	0.0	0.001	0.22500981699706346	50579.19149823939
-1012.5983952310116	3.2963013689873746	10.0	0.0	0.001	0.22504562980993933	50579.19149823939
-1012.5983982437322	3.296278910110547	10.0	0.0	0.001	0.22503648154556588	50579.19149823939
-1012.5983974694099	3.296260859195559	10.0	0.0	0.001	0.22506081571910563	50579.19149823939
-1012.5984006977251	3.2964119380608405	10.0	0.0	0.001	0.22504971601221746	50579.19149823939
-1012.5984076842717	3.2962303933246804	10.0	0.0	0.001	0.22503095608242024	50579.19149823939
-1012.598400050093	3.2963142745642715	10.0	0.0	0.001	0.22503976040132137	50579.19149823939
-1012.5984057174603	3.296333209871456	10.0	0.0	0.001	0.22505036768132716	50579.19149823939
-1012.5984165991781	3.296405787352216	10.0	0.0	0.001	0.22504316643465996	50579.19149823939
-1012.5984011057972	3.2962237515318105	10.0	0.0	0.001	0.22504182907607467	50579.19149823939
-1012.5990194968584	3.2965253305443816	10.0	0.0	0.001	0.2249454399830249	50579.19149823939
-1012.5985027220695	3.2962946558108692	10.0	0.0	0.001	0.22507679186222182	50579.19149823939
-1012.598878121379	3.296353686830336	10.0	0.0	0.001	0.22513117118816395	50579.19149823939
-1012.5983859091026	3.2963490520267467	10.0	0.0	0.001	0.2250500973937585	50579.19149823939
-1012.5984056576362	3.2962443365686287	10.0	0.0	0.001	0.2250509578742787	50579.19149823939
-1012.598405156431	3.29636656146292	10.0	0.0	0.001	0.2250399256044637	50579.19149823939
-1012.5985029202222	3.296147185524048	10.0	0.0	0.001	0.22508535072546218	50579.19149823939
-1012.5984679721711	3.2962895031039103	10.0	0.0	0.001	0.22507109460280048	50579.19149823939
-1012.5984198419633	3.2961611152665227	10.0	0.0	0.001	0.22504743956018872	50579.19149823939
-1012.598395230806	3.296382057312175	10.0	0.0	0.001	0.22505049420989476	50579.19149823939
-1012.5984342346896	3.296527626700987	10.0	0.0	0.001	0.22503015964449607	50579.19149823939
-1012.5984112762311	3.296298792997644	10.0	0.0	0.001	0.2250560257676265	50579.19149823939
-1012.5984209515555	3.2963147863469078	10.0	0.0	0.001	0.2250415553055399	50579.19149823939
-1012.5984214844885	3.2964018395921206	10.0	0.0	0.001	0.22505979825483263	50579.19149823939
-1012.5984142880218	3.2962111330164108	10.0	0.0	0.001	0.22504672901761086	50579.19149823939
-1012.5984206371418	3.2964389648155112	10.0	0.0	0.001	0.22504925625730102	50579.19149823939
-1012.5984039759074	3.2962628100887255	10.0	0.0	0.001	0.22505803507161562	50579.19149823939
-1012.598413974232	3.2963442113901333	10.0	0.0	0.001	0.2250341790534555	50579.19149823939
-1012.5984118829299	3.2963567152173114	10.0	0.0	0.001	0.22504631194833602	50579.19149823939
-1012.5983949137461	3.296224917364645	10.0	0.0	0.001	0.22504576105957028	50579.19149823939
-1012.5983991560353	3.2962008595476746	10.0	0.0	0.001	0.22503922134626608	50579.19149823939
-1012.5984087606812	3.296185856362743	10.0	0.0	0.001	0.22504652155909283	50579.19149823939
-1012.5984357899987	3.2965823204470794	10.0	0.0	0.001	0.22503129498910637	50579.19149823939
-1012.5984104031672	3.296311811837989	10.0	0.0	0.001	0.22504174344573805	50579.19149823939
-1012.5984226946634	3.296199133103342	10.0	0.0	0.001	0.22503126648357155	50579.19149823939
-1012.5989787702371	3.2962907711484983	10.0	0.0	0.001	0.22494672426821594	50579.19149823939
-1012.5984020839194	3.296225635509354	10.0	0.0	0.001	0.22505054019893853	50579.19149823939
-1012.5984389713793	3.296036897030249	10.0	0.0	0.001	0.22503114821653497	50579.19149823939
-1012.5984829537101	3.296541947850118	10.0	0.0	0.001	0.22502461842693336	50579.19149823939
-1012.5983923215472	3.296349608916947	10.0	0.0	0.001	0.22503379341324994	50579.19149823939
-1012.5984055287757	3.2962329806810913	10.0	0.0	0.001	0.2250440383197167	50579.19149823939
-1012.5984010194475	3.2963419313657645	10.0	0.0	0.001	0.22504780752912357	50579.19149823939
-1012.5983636336351	3.296352011177707	10.0	0.0	0.001	0.22504790096265126	50579.19149823939
-1012.5984100115918	3.2961101642195345	10.0	0.0	0.001	0.22504095072313746	50579.19149823939
-1012.5984113713147	3.2960873990896267	10.0	0.0	0.001	0.22505092038041083	50579.19149823939
-1012.5983856179806	3.2965106429693587	10.0	0.0	0.001	0.22503784608813085	50579.19149823939
-1012.5984193652126	3.296290758901195	10.0	0.0	0.001	0.22503855432529404	50579.19149823939
-1012.5984184234765	3.2962893860223357	10.0	0.0	0.001	0.22505852514977612	50579.19149823939
-1012.5983999007348	3.296039626546061	10.0	0.0	0.001	0.2250464299061045	50579.19149823939
-1012.5984171084876	3.296382066310407	10.0	0.0	0.001	0.22504321416274642	50579.19149823939
-1012.5983907374309	3.2962687867800193	10.0	0.0	0.001	0.22503912351766292	50579.19149823939
-1012.600905011929	3.296386101187945	10.0	0.0	0.001	0.22524624701643214	50579.19149823939
-1012.5984127933413	3.2963719470529216	10.0	0.0	0.001	0.22504290695915827	50579.19149823939
-1012.5984561963802	3.296095769703144	10.0	0.0	0.001	0.2250766245307036	50579.19149823939
-1012.5984037635335	3.2962964800740218	10.0	0.0	0.001	0.22505809292043727	50579.19149823939
-1012.5983835394406	3.2962992710873396	10.0	0.0	0.001	0.2250278427718971	50579.19149823939
-1012.5983997990656	3.296491997076147	10.0	0.0	0.001	0.22503600842976185	50579.19149823939
-1012.5985581759651	3.2963668141903364	9.999999999999998	0.0	0.001	0.22509316649562014	50579.19149823939
-1012.5984427720664	3.2961493086529563	10.0	0.0	0.001	0.22506876318479357	50579.19149823939
-1012.5984165828953	3.296321500544175	10.0	0.0	0.001	0.2250542976868004	50579.19149823939
-1012.5984282667616	3.2961173600891285	10.0	0.0	0.001	0.22502628888649273	50579.19149823939
-1012.5985344162797	3.296230344595893	10.0	0.0	0.001	0.22500154370667688	50579.19149823939
-1012.5984203080412	3.296224817914108	10.0	0.0	0.001	0.22504705070571865	50579.19149823939
-1012.5984030233874	3.2963024003605295	10.0	0.0	0.001	0.22504066007367418	50579.19149823939
-1012.5984059917972	3.296291906957582	10.0	0.0	0.001	0.2250373591966214	50579.19149823939
-1012.5984168523745	3.296292245235863	10.0	0.0	0.001	0.22503841558437793	50579.19149823939
-1012.5984010520737	3.296277532345546	10.0	0.0	0.001	0.22505702793451726	50579.19149823939
-1012.5984246222808	3.2962726207975943	10.0	0.0	0.001	0.225061067607067	50579.19149823939
-1012.5984254450964	3.2962591849660843	10.0	0.0	0.001	0.22506020998683107	50579.19149823939
-1012.598386276151	3.2963026428184845	10.0	0.0	0.001	0.22503814994969967	50579.19149823939
-1012.5984017773875	3.2963595621766983	10.0	0.0	0.001	0.22503828022317815	50579.19149823939
-1012.5983872607862	3.2963255377903455	10.0	0.0	0.001	0.22504320958512272	50579.19149823939
-1012.5983997138683	3.2962974077681997	10.0	0.0	0.001	0.22503884349760916	50579.19149823939
-1012.5984532222594	3.2962637285287344	10.0	0.0	0.001	0.22503668726030715	50579.19149823939
-1012.5987647704502	3.29609527371274	10.0	0.0	0.001	0.2249678073146966	50579.19149823939
-1012.5983995447721	3.2963823487699018	10.0	0.0	0.001	0.22503839004907808	50579.19149823939
inf	9.129001273468837	0.01	0.0	0.001	0.21030346655550675	50579.19149823939
-1012.5984015111432	3.296359739623175	10.0	0.0	0.001	0.2250332013323662	50579.19149823939
-1012.5984180441953	3.2960151951491876	10.0	0.0	0.001	0.22504385688038847	50579.19149823939
-1012.5983999873611	3.296118788323005	10.0	0.0	0.001	0.22505217451303214	50579.19149823939
-1012.598802749441	3.2962434784855708	10.0	0.0	0.001	0.22496116758810578	50579.19149823939
-1012.5984430738237	3.2963399138542036	10.0	0.0	0.001	0.2250671208979483	50579.19149823939
-1012.5984425887543	3.2964925508284963	10.0	0.0	0.001	0.22506121732826673	50579.19149823939
-1012.5983938630283	3.2963260910656436	10.0	0.0	0.001	0.2250434779386216	50579.19149823939
-1012.5984035857032	3.296282571390829	10.0	0.0	0.001	0.22504824341116111	50579.19149823939
-1012.5984003600108	3.296335558151558	10.0	0.0	0.001	0.22503636352688944	50579.19149823939
-1012.5984347076591	3.2963758144945934	10.0	0.0	0.001	0.22506692831077782	50579.19149823939
-1012.5984009509189	3.296205390082136	10.0	0.0	0.001	0.22504772774835416	50579.19149823939
-1012.5984901802041	3.296160003641764	10.0	0.0	0.001	0.2250050459295264	50579.19149823939
-1012.5983935893998	3.2963618445226013	10.0	0.0	0.001	0.22504267709567544	50579.19149823939
-1012.5983825612831	3.2963020004983443	10.0	0.0	0.001	0.22505064959631438	50579.19149823939
-1012.598407533419	3.296528280679093	10.0	0.0	0.001	0.22504524914637258	50579.19149823939
-1012.5983839844787	3.296365463571822	10.0	0.0	0.001	0.2250514230225984	50579.19149823939
-1012.5984162779243	3.2961039364337954	10.0	0.0	0.001	0.22504045205736536	50579.19149823939
-1012.5984047450729	3.2962495209802	10.0	0.0	0.001	0.22504173506628788	50579.19149823939
-1012.5983997981347	3.2963549529241076	10.0	0.0	0.001	0.22506033953452126	50579.19149823939
-1012.598406165544	3.296054627350019	10.0	0.0	0.001	0.22504151478438275	50579.19149823939
-1012.5984127347704	3.2962165188265313	10.0	0.0	0.001	0.22503001617288687	50579.19149823939
-1012.5984047845413	3.296340486621149	10.0	0.0	0.001	0.2250417859027191	50579.19149823939
-1012.5984005238055	3.2962701063430213	10.0	0.0	0.001	0.22503907934043413	50579.19149823939
-1012.5984081454295	3.2962950346215316	10.0	0.0	0.001	0.22503529760370314	50579.19149823939
-1012.5985402551131	3.296024258904379	9.999999999999998	0.0	0.001	0.22508936092159168	50579.19149823939
-1012.5983977044219	3.2963729830387	10.0	0.0	0.001	0.22503122902106165	50579.19149823939
-1012.5984021879589	3.2963242324157775	10.0	0.0	0.001	0.2250468688536641	50579.19149823939
-1012.5984005123246	3.2962662822969375	10.0	0.0	0.001	0.22504243704129817	50579.19149823939
-1012.5984092375149	3.2964130999509935	10.0	0.0	0.001	0.22504183181595003	50579.19149823939
-1012.598447635275	3.29614614035301	10.0	0.0	0.001	0.22501545012169716	50579.19149823939
-1012.598435549689	3.296330037774492	10.0	0.0	0.001	0.2250676934628518	50579.19149823939
-1012.5983793763506	3.296304757417154	10.0	0.0	0.001	0.22502522973595884	50579.19149823939
-1012.5984095644884	3.296276238708502	10.0	0.0	0.001	0.2250165360154841	50579.19149823939
-1012.5984611445058	3.296214835327706	10.0	0.0	0.001	0.22502298501101914	50579.19149823939
-1012.598401449031	3.2963111118551947	10.0	0.0	0.001	0.22503931321738072	50579.19149823939
-1012.5983746682306	3.2963282966086886	10.0	0.0	0.001	0.22503748867439535	50579.19149823939
-1012.5984122909633	3.296229051446039	10.0	0.0	0.001	0.22506646779612785	50579.19149823939
-1012.5984081106287	3.2961237242332566	10.0	0.0	0.001	0.2250550952501678	50579.19149823939
-1012.59837653937	3.2962685901093236	10.0	0.0	0.001	0.22504814684744423	50579.19149823939
-1012.598443811838	3.296195592636165	10.0	0.0	0.001	0.22502076267272905	50579.19149823939
-1012.5984249841667	3.2962810718504674	10.0	0.0	0.001	0.22503002742189446	50579.19149823939
-1012.5989198775934	3.296090726716906	10.0	0.0	0.001	0.22513434217260228	50579.19149823939
-1012.5984293534341	3.296133482999189	10.0	0.0	0.001	0.22502617781688522	50579.19149823939
-1012.5984231187776	3.29631100871309	10.0	0.0	0.001	0.22503106821387678	50579.19149823939
-1012.5985057503606	3.2962438483993046	10.0	0.0	0.001	0.22500163867582754	50579.19149823939
-1012.5984402454603	3.296252266975209	10.000000000000002	0.0	0.001	0.22506153238038834	50579.19149823939
-1012.5984369114193	3.2964649024010577	10.0	0.0	0.001	0.2250414114818824	50579.19149823939
-1012.5987760669511	3.296489563768851	10.0	0.0	0.001	0.22512076088044883	50579.19149823939
-1012.5984419070128	3.2962879528147764	10.0	0.0	0.001	0.22502088598852235	50579.19149823939
-1012.5984176676249	3.2961086308808643	10.0	0.0	0.001	0.22505431851212065	50579.19149823939
-1012.5983925477531	3.296560674797547	10.0	0.0	0.001	0.2250459406900742	50579.19149823939
-1012.598543548176	3.296279240300955	10.0	0.0	0.001	0.2249971168228008	50579.19149823939
-1012.5984220158215	3.2962147765297916	10.0	0.0	0.001	0.2250202424196552	50579.19149823939
-1012.598418494528	3.2961760936665847	10.0	0.0	0.001	0.225062688296471	50579.19149823939
-1012.5984415289287	3.296254896727684	10.0	0.0	0.001	0.22506763990434892	50579.19149823939
-1012.5984210273521	3.2960997787144093	10.0	0.0	0.001	0.2250293080450025	50579.19149823939
-1012.5984136854603	3.2962850855324413	10.0	0.0	0.001	0.22504061500205608	50579.19149823939
-1012.5984307127119	3.2962544300508383	10.0	0.0	0.001	0.225017054080909	50579.19149823939
-1012.5984015810438	3.296422859688933	10.0	0.0	0.001	0.2250426513144393	50579.19149823939
-1012.5985783322225	3.2959403754357717	10.0	0.0	0.001	0.22509112522016414	50579.19149823939
-1012.5984081366256	3.2960859350535023	10.0	0.0	0.001	0.22504657848211793	50579.19149823939
-1012.5984588426352	3.2964392257614796	10.0	0.0	0.001	0.22502014202987575	50579.19149823939
-1012.5984170009103	3.296354552477807	10.0	0.0	0.001	0.2250247134654743	50579.19149823939
-1012.5984194130276	3.2961534187323274	10.0	0.0	0.001	0.22503253610410046	50579.19149823939
-1012.598405831803	3.296270354623981	10.0	0.0	0.001	0.22504134400942638	50579.19149823939
-1012.5984150939541	3.296288330246719	10.0	0.0	0.001	0.22504427611997643	50579.19149823939
-1012.5984319691987	3.2963273936668767	10.0	0.0	0.001	0.22506406512864377	50579.19149823939
-1012.5984075741328	3.296363538439982	10.0	0.0	0.001	0.22503689113561287	50579.19149823939
-1012.5985344378543	3.296335315674179	10.0	0.0	0.001	0.2250001566566469	50579.19149823939
-1012.5984008710302	3.296230896378275	10.0	0.0	0.001	0.22503848736794185	50579.19149823939
-1012.5983830924182	3.2962857970420982	10.0	0.0	0.001	0.22504582128489334	50579.19149823939
-1012.5984275570304	3.296327396618539	10.0	0.0	0.001	0.22505338059127034	50579.19149823939
-1012.5984201818056	3.29626065519768	10.0	0.0	0.001	0.2250322256015946	50579.19149823939
-1012.5984103898332	3.296294785099222	10.0	0.0	0.001	0.22504405438246347	50579.19149823939
-1012.5984700159077	3.2963479478356765	10.0	0.0	0.001	0.225010299382703	50579.19149823939
-1012.598472370518	3.2958321523554774	10.0	0.0	0.001	0.22505360577643027	50579.19149823939
-1012.5991826372142	3.296101807623421	10.0	0.0	0.001	0.22493233678253444	50579.19149823939
-1012.5984060893015	3.2962784071810822	9.999999999999998	0.0	0.001	0.2250561126417054	50579.19149823939
-1012.5984178936643	3.2959886610808264	10.0	0.0	0.001	0.2250307869948643	50579.19149823939
-1012.5984361373978	3.2963631448414414	10.0	0.0	0.001	0.22501624483679653	50579.19149823939
-1012.5984226315827	3.2962660814419666	10.0	0.0	0.001	0.2250378321663796	50579.19149823939
-1012.5983997223351	3.296140526765444	10.0	0.0	0.001	0.22504101299682436	50579.19149823939
-1012.5984107808728	3.296308803602116	10.000000000000002	0.0	0.001	0.22503952731730284	50579.19149823939
-1012.5987661203042	3.2962991224507356	10.0	0.0	0.001	0.22496981121323226	50579.19149823939
-1012.5984153119698	3.296263102362775	10.0	0.0	0.001	0.22503338625005492	50579.19149823939
-1012.5984223167759	3.296268138349964	10.0	0.0	0.001	0.22504126708195527	50579.19149823939
-1012.5984361516965	3.296451256176937	10.0	0.0	0.001	0.22506018797760302	50579.19149823939
-1012.5983909286238	3.2963057169176686	10.0	0.0	0.001	0.22503818647616328	50579.19149823939
-1012.5984028984801	3.2963331360437635	10.0	0.0	0.001	0.22504804730293315	50579.19149823939
-1012.5983957645989	3.296513165917509	9.999999879553993	0.0	0.001	0.2250403762333262	50579.19149823939
-1012.5983947809877	3.296286187490176	10.0	0.0	0.001	0.22504583440491777	50579.19149823939
-1012.5984206977384	3.2964070105201624	10.0	0.0	0.001	0.2250429293653694	50579.19149823939
-1012.5984167789308	3.29645476861136	10.0	0.0	0.001	0.22505259673883193	50579.19149823939
-1012.59839854057	3.296444295466244	10.0	0.0	0.001	0.2250220361149484	50579.19149823939
-1012.6052944581569	3.2964819370980933	10.0	0.0	0.001	0.22470846456128815	50579.19149823939
-1012.5984224089482	3.2961908352054397	10.0	0.0	0.001	0.22502099772604106	50579.19149823939
-1012.5983981022788	3.29616764597692	10.0	0.0	0.001	0.22502766434572596	50579.19149823939
-1012.5984127472341	3.2963048489033944	10.0	0.0	0.001	0.22504134908267895	50579.19149823939
-1012.5984086612272	3.2964067901868503	10.0	0.0	0.001	0.22504215686711676	50579.19149823939
-1012.5983986348896	3.2962623927622237	10.0	0.0	0.001	0.22505376057737053	50579.19149823939
-1012.5984044126295	3.296116322603769	10.0	0.0	0.001	0.2250510400432354	50579.19149823939
-1012.5984107886034	3.2963625939526446	10.0	0.0	0.001	0.2250419817261435	50579.19149823939
-1012.5984253774938	3.2965761262531337	10.0	0.0	0.001	0.22503878860641482	50579.19149823939
-1012.5984077204599	3.296553848395226	10.0	0.0	0.001	0.22504740839613108	50579.19149823939
-1012.5984262594803	3.2962312021154654	10.0	0.0	0.001	0.22506090106062102	50579.19149823939
-1012.5984737499506	3.2958864866105904	10.0	0.0	0.001	0.22503837468929766	50579.19149823939
-1012.5983480091223	3.2960520052177507	10.0	0.0	0.001	0.2250411933411576	50579.19149823939
-1012.5984024579731	3.2962373095285704	10.0	0.0	0.001	0.22504247137597572	50579.19149823939
-1012.598405317979	3.296184543020366	10.0	0.0	0.001	0.22502868370357446	50579.19149823939
-1012.5983964683288	3.296524524770149	10.0	0.0	0.001	0.22504213297504566	50579.19149823939
-1012.5984502271933	3.2965540154170316	10.0	0.0	0.001	0.22504849760311943	50579.19149823939
-1012.5984163183466	3.2960355558991137	10.0	0.0	0.001	0.2250470788753302	50579.19149823939
-1012.598439122997	3.2964615658775696	10.0	0.0	0.001	0.2250213931651657	50579.19149823939
-1012.5984278896457	3.296035146649976	10.0	0.0	0.001	0.22502990189622618	50579.19149823939
-1012.5984998691905	3.296163846812772	10.0	0.0	0.001	0.2250019771560826	50579.19149823939
-1012.5984186251911	3.2963952161577192	10.0	0.0	0.001	0.2250243814884303	50579.19149823939
-1012.5984092194096	3.296462428925271	10.0	0.0	0.001	0.22505129996029993	50579.19149823939
-1012.598407019903	3.2962759150682786	9.999999999999998	0.0	0.001	0.22504138371000468	50579.19149823939
-1012.5988781271559	3.296108692720478	10.0	0.0	0.001	0.224956244947808	50579.19149823939
-1012.5987142736375	3.2965263558860403	10.0	0.0	0.001	0.2249728811646885	50579.19149823939
-1012.5983978566716	3.2963344461198085	10.0	0.0	0.001	0.2250472228996691	50579.19149823939
-1012.5985293679888	3.2964301669173013	10.0	0.0	0.001	0.22508570134290556	50579.19149823939
-1012.5984072234053	3.296028789414245	10.0	0.0	0.001	0.22503924443805795	50579.19149823939
-1012.5984029580012	3.2966722263147132	10.0	0.0	0.001	0.22503801369040838	50579.19149823939
-1012.5984558505698	3.2963975120034648	10.0	0.0	0.001	0.22502102339949742	50579.19149823939
-1012.5985033708675	3.296851303083354	10.0	0.0	0.001	0.22502788232244417	50579.19149823939
-1012.5984131758985	3.2960007649166982	10.0	0.0	0.001	0.22502583613777122	50579.19149823939
-1012.5986400762524	3.296296781001113	10.0	0.0	0.001	0.22510350897679368	50579.19149823939
-1012.5984183919879	3.2964636383071655	10.0	0.0	0.001	0.22505381044595654	50579.19149823939
-1012.5984149975168	3.2963704504441473	10.0	0.0	0.001	0.22503230144688136	50579.19149823939
-1012.5984265669524	3.2963427618374967	10.0	0.0	0.001	0.22503054090967878	50579.19149823939
-1012.5983799610741	3.2963487679057177	10.0	0.0	0.001	0.22504974789598955	50579.19149823939
-1012.5984666277757	3.296501041721555	10.0	0.0	0.001	0.22507073874069317	50579.19149823939
-1012.5984150967105	3.296558533717966	10.0	0.0	0.001	0.22506492538044948	50579.19149823939
-1012.598343551446	3.2962785067243945	10.0	0.0	0.001	0.22504844207966485	50579.19149823939
-1012.5983883853531	3.296309098315842	10.0	0.0	0.001	0.22504571816803592	50579.19149823939
-1012.5984165982123	3.2962975921039486	10.0	0.0	0.001	0.22504986152376766	50579.19149823939
-1012.5983850547788	3.2962968478833328	10.0	0.0	0.001	0.2250359939435571	50579.19149823939
-1012.5984088208669	3.2961856798304954	10.0	0.0	0.001	0.2250394670551917	50579.19149823939
-1012.5983985124741	3.296057670917352	10.0	0.0	0.001	0.22504377474124349	50579.19149823939
-1012.5984186037947	3.296344797512456	10.0	0.0	0.001	0.22504524408118498	50579.19149823939
-1012.5984271077662	3.2962054818238595	10.0	0.0	0.001	0.2250241822763189	50579.19149823939
-1012.5984334882303	3.296554702653056	10.0	0.0	0.001	0.22505112568065633	50579.19149823939
-1012.5984108349003	3.2962936490477377	10.0	0.0	0.001	0.2250507114507832	50579.19149823939
-1012.5983958694317	3.296288387438368	10.0	0.0	0.001	0.2250538710461102	50579.19149823939
-1012.5984170230439	3.2961461490397377	10.0	0.0	0.001	0.22505811010249954	50579.19149823939
-1012.5986030216825	3.296350006069307	10.0	0.0	0.001	0.2249861722120572	50579.19149823939
-1012.5984146670066	3.2962940369161564	10.0	0.0	0.001	0.22503173254432188	50579.19149823939
-1012.5984052420598	3.296219814035219	10.0	0.0	0.001	0.22504502239237084	50579.19149823939
-1012.5984006228142	3.29636812760968	10.0	0.0	0.001	0.22503512504798276	50579.19149823939
-1012.5983837116022	3.2963491674681804	10.0	0.0	0.001	0.2250401652037637	50579.19149823939
-1012.5984333709467	3.2964760857059368	10.0	0.0	0.001	0.22505947133481008	50579.19149823939
-1012.598403475924	3.2964552675705487	10.0	0.0	0.001	0.22505052412269155	50579.19149823939
-1012.5984543251287	3.2967240590228495	10.0	0.0	0.001	0.22504401295234208	50579.19149823939
-1012.598398056002	3.2962231776978865	10.0	0.0	0.001	0.22504518068147117	50579.19149823939
-1012.5984130638733	3.2963434771437816	10.0	0.0	0.001	0.22505346103830343	50579.19149823939
-1012.5984379050686	3.2959453153816476	10.0	0.0	0.001	0.22504197222273595	50579.19149823939
-1012.5983957632754	3.296466890270975	10.0	0.0	0.001	0.22504577987667507	50579.19149823939
-1012.5983948309545	3.296413236568804	10.0	0.0	0.001	0.2250310886886435	50579.19149823939
-1012.5984120045556	3.296352880678746	10.0	0.0	0.001	0.22504185716395364	50579.19149823939
-1012.5984042981297	3.2962551542373486	10.0	0.0	0.001	0.22503580264751022	50579.19149823939
-1012.5983920252137	3.2962986817432007	10.0	0.0	0.001	0.2250595132361669	50579.19149823939
-1012.5984263914162	3.2962879130360974	10.0	0.0	0.001	0.22505944155995386	50579.19149823939
-1012.5984492719022	3.296444015124237	10.0	0.0	0.001	0.22505715708473417	50579.19149823939
-1012.5984060169577	3.2961619724094597	10.0	0.0	0.001	0.22505153853244259	50579.19149823939
-1012.5984211815316	3.296288387624128	10.0	0.0	0.001	0.22506230327922752	50579.19149823939
-1012.5983782118462	3.296267919462756	10.0	0.0	0.001	0.22504209454370688	50579.19149823939
-1012.5983908946467	3.296493872835182	10.0	0.0	0.001	0.22504152183906356	50579.19149823939
-1012.5984950113059	3.2961035264866934	10.0	0.0	0.001	0.22500016321179916	50579.19149823939
-1012.5983872230654	3.296105895220392	10.0	0.0	0.001	0.2250417839524458	50579.19149823939
-1012.5983956735801	3.296414307922658	10.0	0.0	0.001	0.22502718046713033	50579.19149823939
-1012.5984150786234	3.29615371900884	10.0	0.0	0.001	0.22504582983671237	50579.19149823939
-1012.5985005526177	3.2961683385252916	10.0	0.0	0.001	0.22505482895298157	50579.19149823939
-1012.5984000341261	3.2964391187277533	10.0	0.0	0.001	0.22505413202286384	50579.19149823939
-1012.5984096179549	3.296251311536739	10.0	0.0	0.001	0.22502778521036815	50579.19149823939
-1012.599267757151	3.296393137838149	10.0	0.0	0.001	0.22492319417846732	50579.19149823939
-1012.5984112352321	3.2961794699814226	10.0	0.0	0.001	0.2250369178683347	50579.19149823939
-1012.5984056335899	3.296163645666714	10.0	0.0	0.001	0.22505483306087556	50579.19149823939
-1012.598552668565	3.2963292753063835	10.0	0.0	0.001	0.22509278526432627	50579.19149823939
-1012.5984545599947	3.2961614018140994	10.0	0.0	0.001	0.22506990353429213	50579.19149823939
-1012.5984486008263	3.2962668675641984	10.0	0.0	0.001	0.2250182093026868	50579.19149823939
-1012.5983820628419	3.296166726255488	10.0	0.0	0.001	0.22505578021491232	50579.19149823939
-1012.5984478213362	3.296319921949434	10.0	0.0	0.001	0.22501557235336705	50579.19149823939
-1012.598414404855	3.2962360257388554	10.0	0.0	0.001	0.22504764333963673	50579.19149823939
-1012.5984318265882	3.2963455812306015	10.0	0.0	0.001	0.22506312941023326	50579.19149823939
-1012.5983918166459	3.2963628225106336	10.0	0.0	0.001	0.2250428202059413	50579.19149823939
-1012.5983993520282	3.2961928661916726	10.0	0.0	0.001	0.2250371394752692	50579.19149823939
-1012.5984004467758	3.2961923784701233	10.0	0.0	0.001	0.2250479574129543	50579.19149823939
-1012.5984126974561	3.2962973316971165	10.0	0.0	0.001	0.2250340613227531	50579.19149823939
-1012.59840505372	3.296174907958852	10.0	0.0	0.001	0.22504221616306846	50579.19149823939
-1012.5984883513669	3.296400515843635	10.0	0.0	0.001	0.2250404537548258	50579.19149823939
-1012.5983982810187	3.2963681601779533	10.0	0.0	0.001	0.22505068191546074	50579.19149823939
-1012.5984018363208	3.2963537711624307	10.0	0.0	0.001	0.22504991256783585	50579.19149823939
-1012.5984127481845	3.296236585492663	10.0	0.0	0.001	0.2250299739984541	50579.19149823939
-1012.5984842694737	3.296089453071513	10.0	0.0	0.001	0.22507382399417927	50579.19149823939
-1012.5984116975227	3.296303862722494	10.0	0.0	0.001	0.225052305786967	50579.19149823939
-1012.5983874841353	3.296117464679308	10.0	0.0	0.001	0.22504670398606672	50579.19149823939
-1012.5986061655894	3.2966082856521486	10.0	0.0	0.001	0.2249955204055651	50579.19149823939
-1012.5983641806935	3.2962589342725592	10.0	0.0	0.001	0.22504697401221374	50579.19149823939
-1012.5984239343072	3.2963163381791523	10.0	0.0	0.001	0.22505650078861728	50579.19149823939
-1012.5984612867425	3.2963799031429573	10.0	0.0	0.001	0.22501459169744753	50579.19149823939
-1012.5983986709531	3.2964341110357145	10.0	0.0	0.001	0.22504480065871163	50579.19149823939
-1012.5984073355537	3.296462905463893	10.0	0.0	0.001	0.22504763118741475	50579.19149823939
-1012.5986277632778	3.2960875946233914	10.0	0.0	0.001	0.2249870742196242	50579.19149823939
-1012.5984047069733	3.296272487573068	10.0	0.0	0.001	0.22504140759330962	50579.19149823939
-1012.5984254143896	3.2964497460656497	10.0	0.0	0.001	0.22501711456338908	50579.19149823939
-1012.5984119825857	3.296401223598554	10.0	0.0	0.001	0.22504840406994472	50579.19149823939
-1012.5984454347779	3.2962349939534454	10.0	0.0	0.001	0.2250697631133083	50579.19149823939
-1012.5984526777681	3.2962352764548952	10.0	0.0	0.001	0.2250199750206585	50579.19149823939
-1012.5983875375996	3.296297088076369	10.0	0.0	0.001	0.22504444744257027	50579.19149823939
-1012.5987031708353	3.2964859581289003	10.0	0.0	0.001	0.22497364950829848	50579.19149823939
-1012.5985271611712	3.2963204410311433	10.0	0.0	0.001	0.22508615196178106	50579.19149823939
-1012.5983983903786	3.2963499400432266	10.0	0.0	0.001	0.22503984207869251	50579.19149823939
-1012.5983973964147	3.2962594122752478	10.0	0.0	0.001	0.22503851900702457	50579.19149823939
-1012.5984143045922	3.2963464616484024	10.0	0.0	0.001	0.22504014058539049	50579.19149823939
-1012.5984005858472	3.2963751927791125	10.0	0.0	0.001	0.2250510724484038	50579.19149823939
-1012.5984103419072	3.2962816673158706	10.0	0.0	0.001	0.22506116276757515	50579.19149823939
-1012.5984009712174	3.296196696903779	9.999999999999998	0.0	0.001	0.2250469897121713	50579.19149823939
-1012.598422785865	3.2963148986269744	10.000000000000002	0.0	0.001	0.2250389549343792	50579.19149823939
-1012.5984109542792	3.296370589521567	10.0	0.0	0.001	0.22502794593731087	50579.19149823939
-1012.5984091988457	3.2961655940764762	10.0	0.0	0.001	0.22503106357046201	50579.19149823939
-1012.5984992754993	3.2964396984541966	10.0	0.0	0.001	0.2250040729111917	50579.19149823939
-1012.5984832693865	3.2961598383855315	10.0	0.0	0.001	0.22507757738346448	50579.19149823939
-1012.5984627005162	3.296259729871721	10.0	0.0	0.001	0.22501422735135124	50579.19149823939
-1012.5983892907707	3.2962484887266874	10.0	0.0	0.001	0.2250359412816408	50579.19149823939
-1012.5984700746609	3.2962588116048925	10.0	0.0	0.001	0.22507192302452775	50579.19149823939
-1012.5984887181397	3.2965561149099534	10.0	0.0	0.001	0.22507687351189196	50579.19149823939
-1012.5984218543906	3.296213837500617	10.0	0.0	0.001	0.22505303727733772	50579.19149823939
-1012.5984176281115	3.2962432492917952	9.999999999999998	0.0	0.001	0.22502081274492003	50579.19149823939
-1012.598400072359	3.296393728221451	10.0	0.0	0.001	0.22505077129017312	50579.19149823939
-1012.5983939563782	3.2962516357435825	10.0	0.0	0.001	0.22503703863042518	50579.19149823939
-1012.5984199019632	3.2961881767759396	10.0	0.0	0.001	0.2250433574186148	50579.19149823939
-1012.5984860228318	3.296324735188735	10.0	0.0	0.001	0.22501019233034777	50579.19149823939
-1012.5983940258741	3.2962891911433343	10.0	0.0	0.001	0.22503974835849297	50579.19149823939
-1012.5983991054782	3.2963285311890314	10.0	0.0	0.001	0.22506642991913914	50579.19149823939
-1012.5983991845119	3.2963543006182747	10.0	0.0	0.001	0.225031759260189	50579.19149823939
-1012.5984315227751	3.296504012980921	10.0	0.0	0.001	0.22504429889886135	50579.19149823939
-1012.5984162534463	3.296350070001295	10.0	0.0	0.001	0.22503075336192557	50579.19149823939
-1012.598506517906	3.296281462947899	10.0	0.0	0.001	0.22503156362366397	50579.19149823939
-1012.5984140179904	3.2963740223457574	10.0	0.0	0.001	0.22503642121956188	50579.19149823939
-1012.5984015306942	3.2961578128591738	10.0	0.0	0.001	0.22504846685257815	50579.19149823939
-1012.5984170164159	3.2962220601001726	10.0	0.0	0.001	0.22505826584843155	50579.19149823939
-1012.598408656175	3.296288698647553	10.0	0.0	0.001	0.22503614296696842	50579.19149823939
-1012.5984176851443	3.2960830136465433	10.0	0.0	0.001	0.22503092194962396	50579.19149823939
-1012.5984095010749	3.29631238367534	10.0	0.0	0.001	0.2250563422862704	50579.19149823939
-1012.59841286883	3.296186933037997	10.0	0.0	0.001	0.22503123967221575	50579.19149823939
-1012.5984885276321	3.2960987017499725	10.0	0.0	0.001	0.2250819006437192	50579.19149823939
-1012.5984620065672	3.2962606742143006	10.0	0.0	0.001	0.2250774546370798	50579.19149823939
-1012.5984131040576	3.2962291611414045	10.0	0.0	0.001	0.2250716173127368	50579.19149823939
-1012.5984005860536	3.2963010459772075	10.0	0.0	0.001	0.22503572001028369	50579.19149823939
-1012.598448590488	3.2962356055298883	10.0	0.0	0.001	0.22501356600724914	50579.19149823939
-1012.598418200533	3.2962262519883887	10.0	0.0	0.001	0.2250318596956435	50579.19149823939
-1012.5984092823976	3.2962794113223395	10.0	0.0	0.001	0.22504665725780124	50579.19149823939
-1012.5984049514118	3.29635240893257	10.0	0.0	0.001	0.22502643008175344	50579.19149823939
-1012.5984483953939	3.296109311062066	10.0	0.0	0.001	0.22502797996246202	50579.19149823939
-1012.5984086514252	3.296297358550135	10.0	0.0	0.001	0.22503766183037022	50579.19149823939
-1012.5984044254732	3.296283644357429	10.0	0.0	0.001	0.22505558109383758	50579.19149823939
-1012.5983863478427	3.29617228794639	10.0	0.0	0.001	0.22503792098313163	50579.19149823939
-1012.5983993279166	3.2963417676092	10.0	0.0	0.001	0.22504642480181974	50579.19149823939
-1012.5984192852114	3.2963288924757523	10.0	0.0	0.001	0.2250375015424841	50579.19149823939
-1012.5984225016841	3.296656366866466	10.0	0.0	0.001	0.2250539168096267	50579.19149823939
-1012.5984035135482	3.2963003710373204	10.0	0.0	0.001	0.22504413355923497	50579.19149823939
-1012.5984049377741	3.296282223053427	10.0	0.0	0.001	0.22503506729695272	50579.19149823939
-1012.5984397761935	3.2964050914401675	10.0	0.0	0.001	0.2250210310211327	50579.19149823939
-1012.5984075624912	3.2964327444778236	10.0	0.0	0.001	0.22503923962608963	50579.19149823939
-1012.5984206404568	3.2965536341798627	10.0	0.0	0.001	0.22505501621706586	50579.19149823939
-1012.5984143021025	3.296253622006032	10.0	0.0	0.001	0.22505255608840846	50579.19149823939
-1012.5984233938617	3.296380127778991	10.0	0.0	0.001	0.22506639188594826	50579.19149823939
-1012.5984018081035	3.296101992082053	10.0	0.0	0.001	0.22505401542294678	50579.19149823939
-1012.5984358436201	3.2962533949592214	10.0	0.0	0.001	0.22503935779268747	50579.19149823939
-1012.5984039553375	3.2964066394366176	10.0	0.0	0.001	0.22504971320206427	50579.19149823939
-1012.5989984376619	3.2968168443712598	10.0	0.0	0.001	0.22495094684901482	50579.19149823939
-1012.5983866588856	3.2962256054829955	10.0	0.0	0.001	0.22503790841691312	50579.19149823939
-1012.5984308985736	3.296570692649288	10.0	0.0	0.001	0.22502571394533785	50579.19149823939
-1012.5984462841623	3.2962463731415217	10.0	0.0	0.001	0.22502554890651932	50579.19149823939
-1012.5984763254525	3.296312277898536	10.0	0.0	0.001	0.22507623728931986	50579.19149823939
-1012.5983989233192	3.2962686660309664	10.0	0.0	0.001	0.22504204884169002	50579.19149823939
-1012.5984145244656	3.2961218455013546	10.0	0.0	0.001	0.22503930307738365	50579.19149823939
-1012.5984185389643	3.2962555478577804	10.0	0.0	0.001	0.22503404910128477	50579.19149823939
-1012.5984335770188	3.2962521127571893	10.0	0.0	0.001	0.22501705929157972	50579.19149823939
-1012.598414133823	3.296223493719619	10.0	0.0	0.001	0.2250320875147285	50579.19149823939
-1012.5984109766196	3.296476339959139	10.0	0.0	0.001	0.2250393955618438	50579.19149823939
-1012.598399208722	3.296217900234014	10.0	0.0	0.001	0.22504178972036432	50579.19149823939
-1012.5984004681457	3.2963305234231255	10.0	0.0	0.001	0.22503398679094716	50579.19149823939
-1012.5984006850541	3.2963302324441135	10.0	0.0	0.001	0.22505413183709314	50579.19149823939
-1012.5984379523454	3.2962511718453	10.0	0.0	0.001	0.2250187244703143	50579.19149823939
-1012.5985896844087	3.2964369278743293	10.0	0.0	0.001	0.2249870908512459	50579.19149823939
-1012.5989012854542	3.2958932483866006	10.0	0.0	0.001	0.22513271815936137	50579.19149823939
-1012.5984086751561	3.296149033396767	10.0	0.0	0.001	0.22504946953392227	50579.19149823939
-1012.598427646245	3.29629307292878	10.0	0.0	0.001	0.22506409607219469	50579.19149823939
-1012.5984236968584	3.2961943870104866	10.0	0.0	0.001	0.22502712883153894	50579.19149823939
-1012.5983997043229	3.296210920046318	10.0	0.0	0.001	0.2250374406486075	50579.19149823939
-1012.5983759373162	3.296314977975189	9.999999999999998	0.0	0.001	0.2250353632761672	50579.19149823939
-1012.5983919385411	3.296404297371187	10.0	0.0	0.001	0.22504322736615412	50579.19149823939
-1012.5984506574138	3.296288586389634	10.0	0.0	0.001	0.22501480165112037	50579.19149823939
-1012.5988251200641	3.2961988845205346	10.0	0.0	0.001	0.22512686037334953	50579.19149823939
-1012.5984180371819	3.296269854423523	10.0	0.0	0.001	0.2250514797200103	50579.19149823939
-1012.598420898352	3.2962915445855514	10.0	0.0	0.001	0.22503733634559908	50579.19149823939
-1012.5983995529837	3.296286143124481	10.0	0.0	0.001	0.2250372010943528	50579.19149823939
-1012.5988609362219	3.2964154836926425	10.0	0.0	0.001	0.22495833833497889	50579.19149823939
-1012.598423743813	3.2963845089940422	10.0	0.0	0.001	0.22506348583111305	50579.19149823939
-1012.5984089057205	3.2963241496639224	10.0	0.0	0.001	0.22503368047137098	50579.19149823939
-1012.5984237393025	3.2964001003516463	10.0	0.0	0.001	0.22506030735140753	50579.19149823939
-1012.5984168371267	3.2963521975088454	10.0	0.0	0.001	0.22503245885798462	50579.19149823939
-1012.598427115576	3.296153675266126	10.0	0.0	0.001	0.22506188338073413	50579.19149823939
-1012.5984101158475	3.2963756239670334	10.0	0.0	0.001	0.22506410952867778	50579.19149823939
-1012.5983950923354	3.296164356616077	10.0	0.0	0.001	0.22503256953673312	50579.19149823939
-1012.5983979799807	3.2962673095979778	10.0	0.0	0.001	0.22504660164910525	50579.19149823939
-1012.5984167439112	3.296400018250594	10.0	0.0	0.001	0.2250343776227052	50579.19149823939
-1012.5984603378663	3.2966490086218423	10.0	0.0	0.001	0.2250339091265227	50579.19149823939
-1012.598388141904	3.296266203861921	10.0	0.0	0.001	0.22503442612545976	50579.19149823939
-1012.5984230498804	3.2962823567369264	10.0	0.0	0.001	0.2250446162209137	50579.19149823939
-1012.5984182713942	3.2962471181759625	10.0	0.0	0.001	0.22503112390536176	50579.19149823939
-1012.5984466224497	3.2963598252381683	10.0	0.0	0.001	0.2250218513932224	50579.19149823939
-1012.5984279080932	3.2962711698333105	10.0	0.0	0.001	0.2250173936317772	50579.19149823939
-1012.5984134269532	3.296286717375926	10.0	0.0	0.001	0.2250458293854764	50579.19149823939
-1012.5983841950703	3.2962987731816207	10.0	0.0	0.001	0.22503102748728737	50579.19149823939
-1012.5983738044333	3.2962510115452743	10.0	0.0	0.001	0.22503798022027371	50579.19149823939
-1012.5984459007983	3.296234372772625	10.0	0.0	0.001	0.2250328794840431	50579.19149823939
-1012.5984020049016	3.2962609571547064	10.0	0.0	0.001	0.22502781945652833	50579.19149823939
-1012.5984326535009	3.296398192977914	10.0	0.0	0.001	0.22502821259456005	50579.19149823939
-1012.5984308223964	3.296315445620899	10.0	0.0	0.001	0.22506247593785525	50579.19149823939
-1012.5985442536717	3.296242540298754	10.0	0.0	0.001	0.22499868057227956	50579.19149823939
-1012.5985866655318	3.2963024760230413	10.0	0.0	0.001	0.22510009049531457	50579.19149823939
-1012.5984003337571	3.296234758710788	10.0	0.0	0.001	0.22504140200470646	50579.19149823939
-1012.5984207034824	3.2965838543533206	10.0	0.0	0.001	0.2250315987779964	50579.19149823939
-1012.598446474613	3.296669493995159	10.0	0.0	0.001	0.22504560657644412	50579.19149823939
-1012.5983969905716	3.296408438922006	10.0	0.0	0.001	0.22505068086394872	50579.19149823939
-1012.5985825805784	3.2964561865089412	10.0	0.0	0.001	0.22498906482236977	50579.19149823939
-1012.5984915246224	3.296101593411244	10.0	0.0	0.001	0.22500726989351325	50579.19149823939
-1012.5984618560894	3.2960627663933613	10.0	0.0	0.001	0.2250653859395827	50579.19149823939
-1012.5984540514422	3.295873968035511	10.0	0.0	0.001	0.2250540942885116	50579.19149823939
-1012.5984026682729	3.2963127345576884	10.0	0.0	0.001	0.22504783146971385	50579.19149823939
-1012.5984252502126	3.296179193200397	10.0	0.0	0.001	0.2250428427273267	50579.19149823939
-1012.5984187997833	3.2962355547440594	10.0	0.0	0.001	0.22505761762956894	50579.19149823939
-1012.5984601474162	3.2959742626087385	10.0	0.0	0.001	0.22506579987708816	50579.19149823939
-1012.598458793699	3.296029442693294	10.0	0.0	0.001	0.22501883831161001	50579.19149823939
-1012.5984088529954	3.296349927963714	10.0	0.0	0.001	0.2250405925893685	50579.19149823939
-1012.5984131294124	3.296243773064833	10.0	0.0	0.001	0.225029285180524	50579.19149823939
-1012.5984094452065	3.2963437117276078	10.0	0.0	0.001	0.22505693570598362	50579.19149823939
-1012.5984194413633	3.296183295072587	10.0	0.0	0.001	0.22503331291608164	50579.19149823939
-1012.5984103910007	3.2965515522004307	10.0	0.0	0.001	0.2250447565058664	50579.19149823939
-1012.598418768601	3.296111008671778	10.0	0.0	0.001	0.22505666691834067	50579.19149823939
-1012.5984437759913	3.2961989226016413	10.0	0.0	0.001	0.22502137157661883	50579.19149823939
-1012.5983703190673	3.2962535771507215	10.0	0.0	0.001	0.2250505537010448	50579.19149823939
-1012.5983925230512	3.2964000106192355	10.0	0.0	0.001	0.22504220482698545	50579.19149823939
-1012.5984129271192	3.2964049404087685	10.0	0.0	0.001	0.22505098938452817	50579.19149823939
-1012.5983961741722	3.296599326352718	10.0	0.0	0.001	0.22505453587036306	50579.19149823939
-1012.5983669822542	3.2961628085818937	10.0	0.0	0.001	0.2250440099290406	50579.19149823939
-1012.5983993440012	3.2963959714427538	10.0	0.0	0.001	0.22505700644634652	50579.19149823939
-1012.5984278825194	3.296668044019623	10.0	0.0	0.001	0.22504926494283872	50579.19149823939
-1012.5984261132991	3.2963359799443603	10.0	0.0	0.001	0.22502455660910195	50579.19149823939
-1012.5984106294231	3.2961478604181536	10.0	0.0	0.001	0.2250473510325208	50579.19149823939
-1012.5984563164894	3.2964373252001953	10.0	0.0	0.001	0.22501101902595752	50579.19149823939
-1012.5983991004682	3.2962779901296972	10.0	0.0	0.001	0.2250444994403327	50579.19149823939
-1012.5983544288721	3.296474405747382	10.0	0.0	0.001	0.225018585464927	50579.19149823939
-1012.5984060827293	3.2963526979976674	10.0	0.0	0.001	0.22505301304697256	50579.19149823939
-1012.5984096053193	3.2962402271897706	10.0	0.0	0.001	0.22504861754727937	50579.19149823939
-1012.5983992350863	3.2962734528832676	10.0	0.0	0.001	0.22503925180733547	50579.19149823939
-1012.5984244536594	3.2962234716016856	10.0	0.0	0.001	0.22501655396505071	50579.19149823939
-1012.5983860110146	3.2961441930940283	10.0	0.0	0.001	0.22505048502937267	50579.19149823939
-1012.598409900653	3.2960883068884868	10.0	0.0	0.001	0.22503904959688156	50579.19149823939
-1012.5984054660559	3.296289933217072	10.0	0.0	0.001	0.22504475867211696	50579.19149823939
-1012.598401014619	3.2963709818296576	10.0	0.0	0.001	0.22505394953155675	50579.19149823939
-1012.5984143982847	3.2965110509359348	10.0	0.0	0.001	0.22505820120609982	50579.19149823939
-1012.5984319040803	3.2963207755975956	10.0	0.0	0.001	0.2250208117490571	50579.19149823939
-1012.5984196530538	3.296362742451825	10.0	0.0	0.001	0.2250502625816922	50579.19149823939
-1012.5984009876285	3.2962757577794335	10.0	0.0	0.001	0.2250342140653634	50579.19149823939
-1012.5984104483684	3.2963016639565024	10.0	0.0	0.001	0.22503831798983523	50579.19149823939
-1012.5983968137868	3.2964145017234947	10.0	0.0	0.001	0.22504715319346172	50579.19149823939
-1012.5984554513561	3.296045903638107	10.0	0.0	0.001	0.2250770204435341	50579.19149823939
-1012.5984462244945	3.296326544695715	10.0	0.0	0.001	0.22501717978693392	50579.19149823939
-1012.5984146347541	3.296298230582526	10.000000000000002	0.0	0.001	0.2250395499844915	50579.19149823939
-1012.5984089595748	3.2964303339668626	10.0	0.0	0.001	0.22504350725695607	50579.19149823939
-1012.5984025025246	3.2962869508584824	10.0	0.0	0.001	0.2250408913989049	50579.19149823939
-1012.598430147925	3.296267734806368	10.0	0.0	0.001	0.2250252410965154	50579.19149823939
-1012.5983982768452	3.2964011173073944	10.0	0.0	0.001	0.22504090193642934	50579.19149823939
-1012.5985517047321	3.2964151423507047	10.0	0.0	0.001	0.22509250119578406	50579.19149823939
-1012.598413908402	3.296310451271015	10.0	0.0	0.001	0.22505737933448258	50579.19149823939
-1012.5983986951153	3.296437771004443	10.0	0.0	0.001	0.22505267306704338	50579.19149823939
-1012.5984157666934	3.296492404158097	10.0	0.0	0.001	0.22504693463782102	50579.19149823939
-1012.5984071537861	3.2962364227061496	10.0	0.0	0.001	0.2250351945843258	50579.19149823939
-1012.5984226975735	3.2962796595794757	10.0	0.0	0.001	0.2250318605863482	50579.19149823939
-1012.5984086155554	3.2961019847373025	10.0	0.0	0.001	0.22505617015771817	50579.19149823939
-1012.5984197587741	3.2965912391975944	10.0	0.0	0.001	0.2250271037296006	50579.19149823939
-1012.5984390224667	3.2962043519197506	10.0	0.0	0.001	0.22506916806083876	50579.19149823939
-1012.5983963164193	3.296289725009371	10.0	0.0	0.001	0.2250345222887278	50579.19149823939
-1012.5986165032973	3.2960872153817005	10.0	0.0	0.001	0.22509921940682007	50579.19149823939
-1012.598422212809	3.2963585396050457	10.0	0.0	0.001	0.22503615555887296	50579.19149823939
-1012.5984450952527	3.2965559233525004	10.0	0.0	0.001	0.2250407847856339	50579.19149823939
-1012.5984019465509	3.2962952187991212	10.0	0.0	0.001	0.2250362451393682	50579.19149823939
-1012.5983953220749	3.2961755447426224	10.0	0.0	0.001	0.2250356213398019	50579.19149823939
-1012.5984350961662	3.295913180736108	10.0	0.0	0.001	0.2250318846792533	50579.19149823939
-1012.5984210738228	3.296364323635913	10.0	0.0	0.001	0.22504725936941633	50579.19149823939
-1012.5984765041214	3.296594889260771	10.0	0.0	0.001	0.22501051454991514	50579.19149823939
-1012.5983857587001	3.2960478216268	10.0	0.0	0.001	0.22505163846069118	50579.19149823939
-1012.5984112090824	3.296349724074382	10.0	0.0	0.001	0.22504248288985734	50579.19149823939
-1012.5984105543722	3.296353180170282	10.0	0.0	0.001	0.22503516307533405	50579.19149823939
-1012.598401380313	3.296374859574122	10.0	0.0	0.001	0.22504236848930487	50579.19149823939
-1012.5984097646724	3.2962949420689296	10.0	0.0	0.001	0.22503790415085972	50579.19149823939
-1012.5984183827314	3.296252323271306	10.0	0.0	0.001	0.22503435502149316	50579.19149823939
-1012.5984226810597	3.296371045344648	10.0	0.0	0.001	0.22505809099616983	50579.19149823939
-1012.5983874722639	3.296228084740725	10.0	0.0	0.001	0.22503818702017145	50579.19149823939
-1012.5983970183323	3.2962705561907835	10.0	0.0	0.001	0.22505410684335675	50579.19149823939
-1012.5984282661059	3.296294696417644	10.0	0.0	0.001	0.22504558788052778	50579.19149823939
-1012.5984599410205	3.2959521780997303	10.0	0.0	0.001	0.22502218042134453	50579.19149823939
-1012.5984167178856	3.2962684070094443	10.0	0.0	0.001	0.22506105932567153	50579.19149823939
-1012.5991015762511	3.2964358481863396	10.0	0.0	0.001	0.22515181304845538	50579.19149823939
-1012.5984125657151	3.2963261695027426	10.0	0.0	0.001	0.2250416161515384	50579.19149823939
-1012.598395217371	3.296094801696406	10.0	0.0	0.001	0.22505558412357146	50579.19149823939
-1012.5984706756916	3.2962291212864447	10.0	0.0	0.001	0.2250153243333441	50579.19149823939
-1012.5984426342461	3.2962270202721484	10.0	0.0	0.001	0.22501414902975334	50579.19149823939
-1012.5983854742199	3.296318881356626	10.0	0.0	0.001	0.22503819595462166	50579.19149823939
-1012.5984385695382	3.2963022611817614	10.0	0.0	0.001	0.22506780018451633	50579.19149823939
-1012.5986429148361	3.2960263039939024	10.0	0.0	0.001	0.2251003625041976	50579.19149823939
-1012.5984505669549	3.296549152555417	10.0	0.0	0.001	0.22502383821699917	50579.19149823939
-1012.5984079138846	3.296318772172159	10.0	0.0	0.001	0.22504130022749227	50579.19149823939
-1012.5983744193628	3.2962934433397324	9.999999999999998	0.0	0.001	0.2250432793728574	50579.19149823939
-1012.5984021060109	3.2962434379995442	10.0	0.0	0.001	0.22504657363261352	50579.19149823939
-1012.5984225284506	3.296279674332536	10.0	0.0	0.001	0.22504275519390687	50579.19149823939
-1012.5984116122661	3.2963744722586177	10.0	0.0	0.001	0.22505181874632343	50579.19149823939
-1012.5983865914917	3.296417279003779	10.0	0.0	0.001	0.22504478686810842	50579.19149823939
-1012.5984099306297	3.2962930562791177	10.0	0.0	0.001	0.22504824072301957	50579.19149823939
-1012.5984209797929	3.296084865124412	10.0	0.0	0.001	0.2250475602883926	50579.19149823939
-1012.5984179212728	3.296220131001654	10.0	0.0	0.001	0.22505438071951514	50579.19149823939
-1012.598397099399	3.296272815574285	10.0	0.0	0.001	0.22504152919903866	50579.19149823939
-1012.5984176205016	3.296371978407948	10.0	0.0	0.001	0.22504157656596738	50579.19149823939
-1012.5985243263411	3.2965781052277903	10.0	0.0	0.001	0.2250331374925418	50579.19149823939
-1012.5984012284091	3.2963577480021913	10.0	0.0	0.001	0.22504248405910462	50579.19149823939
-1012.5984029839657	3.2962683949667695	10.0	0.0	0.001	0.2250345691463425	50579.19149823939
-1012.5984097639871	3.296391669012608	10.0	0.0	0.001	0.22503963417035835	50579.19149823939
-1012.5984198621898	3.2963195634713505	10.0	0.0	0.001	0.22503524502785335	50579.19149823939
-1012.5984495861361	3.296576510911426	10.0	0.0	0.001	0.22506469888883449	50579.19149823939
-1012.5983956186687	3.2962943956096833	10.0	0.0	0.001	0.22504121300359767	50579.19149823939
-1012.5984018008214	3.2963325709806504	10.0	0.0	0.001	0.22504165963076353	50579.19149823939
-1012.598443116008	3.2960111099634717	10.0	0.0	0.001	0.2250267325133203	50579.19149823939
-1012.5984628410971	3.2960432886284607	10.0	0.0	0.001	0.2250699383446107	50579.19149823939
-1012.5984117987475	3.2962800166612545	10.0	0.0	0.001	0.22502790256432453	50579.19149823939
-1012.598409076616	3.2963170974590974	10.0	0.0	0.001	0.22503769610069377	50579.19149823939
-1012.5983984305251	3.2962748000858686	10.0	0.0	0.001	0.22504392650053986	50579.19149823939
-1012.5983985492642	3.296338393146971	10.0	0.0	0.001	0.22503658442746238	50579.19149823939
-1012.5984189440234	3.296340104733316	10.0	0.0	0.001	0.22502559800220265	50579.19149823939
-1012.5983391680478	3.296075305837116	10.0	0.0	0.001	0.2250394578994685	50579.19149823939
-1012.5983912484361	3.2964331708917887	10.0	0.0	0.001	0.22504130399218494	50579.19149823939
-1012.5984255899549	3.296325775376305	10.0	0.0	0.001	0.22506277859324858	50579.19149823939
-1012.5983870917187	3.2962904465707323	10.0	0.0	0.001	0.2250438975716646	50579.19149823939
-1012.5983902276557	3.2962816093364835	10.0	0.0	0.001	0.2250427684276955	50579.19149823939
-1012.5984916680834	3.2967790130394055	10.0	0.0	0.001	0.22505658048524324	50579.19149823939
-1012.5984069274482	3.296395508218853	10.0	0.0	0.001	0.22503941076507009	50579.19149823939
-1012.5984176843489	3.296279321964096	10.0	0.0	0.001	0.22506354885515503	50579.19149823939
-1012.5984197848702	3.2962533401449026	10.0	0.0	0.001	0.2250561641252103	50579.19149823939
-1012.5984135602857	3.2963909683780925	10.0	0.0	0.001	0.22505972334119	50579.19149823939
-1012.5983944856364	3.2963097765999647	10.0	0.0	0.001	0.22504705501601593	50579.19149823939
-1012.5984346470125	3.296098042216134	10.0	0.0	0.001	0.22502883740829727	50579.19149823939
-1012.5983713150148	3.2963132453259263	10.0	0.0	0.001	0.2250443277194113	50579.19149823939
-1012.5985023900965	3.2963907022862946	10.0	0.0	0.001	0.22507956570323906	50579.19149823939
-1012.5984091609218	3.2963183239493654	10.0	0.0	0.001	0.22503807085911376	50579.19149823939
-1012.5984227309721	3.296108676817301	10.0	0.0	0.001	0.22503590043311641	50579.19149823939
-1012.598457088739	3.2965068353618587	10.0	0.0	0.001	0.22501491711757293	50579.19149823939
-1012.5983903083397	3.296348334811941	10.0	0.0	0.001	0.22504887846599847	50579.19149823939
-1012.598443975016	3.296230964723403	10.0	0.0	0.001	0.22506333053112668	50579.19149823939
-1012.5984116120735	3.296238755026712	10.0	0.0	0.001	0.22504174480970887	50579.19149823939
-1012.5986719545493	3.2963002186736743	10.0	0.0	0.001	0.22497597479598827	50579.19149823939
-1012.598401824413	3.296328222207905	10.0	0.0	0.001	0.22503048435089587	50579.19149823939
-1012.5984178078336	3.296291764628501	10.0	0.0	0.001	0.22505538909486442	50579.19149823939
-1012.5984073552191	3.296302652386808	10.0	0.0	0.001	0.2250383371081786	50579.19149823939
-1012.5984069340343	3.2963984630082033	10.0	0.0	0.001	0.2250382656342654	50579.19149823939
-1012.5984575223139	3.296482608893841	10.0	0.0	0.001	0.22502097993255132	50579.19149823939
-1012.598414401621	3.296374646473232	10.0	0.0	0.001	0.22503658769513082	50579.19149823939
-1012.5984136035775	3.2961549298135706	10.0	0.0	0.001	0.2250446509016309	50579.19149823939
-1012.5997384184047	3.2964392597606067	10.0	0.0	0.001	0.22489700452036315	50579.19149823939
-1012.598416976934	3.296189674493116	10.0	0.0	0.001	0.22502994649194707	50579.19149823939
-1012.598429837927	3.2961694967979023	10.0	0.0	0.001	0.22503208611452855	50579.19149823939
-1012.5984148132516	3.2962820163144078	10.0	0.0	0.001	0.22503885274393085	50579.19149823939
-1012.5984106351035	3.2962988948630336	10.0	0.0	0.001	0.22503858680317398	50579.19149823939
-1012.5984240194243	3.2962400908632112	10.0	0.0	0.001	0.22504349983053093	50579.19149823939
-1012.5984098342049	3.2963447872923335	10.0	0.0	0.001	0.22504806781168918	50579.19149823939
-1012.5984159645594	3.2961343858087697	10.0	0.0	0.001	0.22502965349153858	50579.19149823939
-1012.5984092084233	3.2960606638115406	10.0	0.0	0.001	0.2250391843478781	50579.19149823939
-1012.5988877705526	3.2964615491498326	10.0	0.0	0.001	0.22495377886238013	50579.19149823939
-1012.598418858983	3.296287212717157	10.0	0.0	0.001	0.22505212980660455	50579.19149823939
-1012.5984848033233	3.2962916382973955	10.000000000000002	0.0	0.001	0.22500462013325037	50579.19149823939
-1012.5984133724512	3.296415582956132	10.0	0.0	0.001	0.22501918768840892	50579.19149823939
-1012.5984378592682	3.2965035603140342	10.0	0.0	0.001	0.22506089271647514	50579.19149823939
-1012.5984134939977	3.2963482370201453	10.0	0.0	0.001	0.22502840388830747	50579.19149823939
-1012.5984850366915	3.2962410580981953	10.0	0.0	0.001	0.2250061092292581	50579.19149823939
-1012.5984153303405	3.2963284631352363	10.0	0.0	0.001	0.22504319584521879	50579.19149823939
-1012.598402997797	3.296500084798851	10.0	0.0	0.001	0.22504647154525553	50579.19149823939
-1012.59842148575	3.296460702295892	10.0	0.0	0.001	0.22504342091051818	50579.19149823939
-1012.5984447047053	3.296270648526833	10.0	0.0	0.001	0.22502521540397682	50579.19149823939
-1012.5985484780422	3.2961037526366126	10.0	0.0	0.001	0.22499462713653487	50579.19149823939
-1012.5984030157595	3.296303797005644	10.0	0.0	0.001	0.22504527371046262	50579.19149823939
-1012.5984115513842	3.2963851924998795	10.0	0.0	0.001	0.22505765809226552	50579.19149823939
-1012.5984248931437	3.296148219733717	10.0	0.0	0.001	0.2250279559936054	50579.19149823939
-1012.5984334035717	3.2961432791494487	10.0	0.0	0.001	0.22502845493054355	50579.19149823939
-1012.5983929692188	3.2962637546800786	10.0	0.0	0.001	0.22504378340227274	50579.19149823939
-1012.5983940545809	3.2962294519879243	10.0	0.0	0.001	0.22502855405557892	50579.19149823939
-1012.5984099462862	3.2964367661576657	10.0	0.0	0.001	0.22503470232027006	50579.19149823939
-1012.5984106104572	3.2962455583295713	10.0	0.0	0.001	0.22504650842499666	50579.19149823939
-1012.5984082467144	3.29636038854277	10.0	0.0	0.001	0.22503336988269518	50579.19149823939
-1012.598407762429	3.2959824259517525	10.0	0.0	0.001	0.22504168428261115	50579.19149823939
-1012.5984013524208	3.296363144669424	10.0	0.0	0.001	0.2250391589186484	50579.19149823939
-1012.5984088575688	3.296461469019043	10.0	0.0	0.001	0.22504933277624034	50579.19149823939
-1012.5984541369041	3.2962191627272355	10.0	0.0	0.001	0.2250249151544372	50579.19149823939
-1012.5985500985298	3.2964066471981623	10.0	0.0	0.001	0.22499455019379863	50579.19149823939
-1012.5984197534876	3.2962821013656094	10.0	0.0	0.001	0.22503669291732706	50579.19149823939
-1012.5984363251039	3.2964358569204957	10.0	0.0	0.001	0.2250587795483472	50579.19149823939
-1012.5984159795173	3.2964356334971967	10.0	0.0	0.001	0.22505436353162925	50579.19149823939
-1012.5984858537955	3.2962466573838776	10.0	0.0	0.001	0.2250052734472514	50579.19149823939
-1012.5984157440423	3.2963907919178568	10.0	0.0	0.001	0.22502940342842864	50579.19149823939
-1012.5984228774695	3.2962644028290033	10.0	0.0	0.001	0.22503168206397414	50579.19149823939
-1012.5984108864909	3.2962273809645337	10.0	0.0	0.001	0.2250545776552335	50579.19149823939
-1012.5984120878521	3.2963430600487245	10.0	0.0	0.001	0.22503854632242634	50579.19149823939
-1012.5984065538346	3.296343245397089	10.0	0.0	0.001	0.22505041195696698	50579.19149823939
-1012.5984149352992	3.2961954505599595	10.0	0.0	0.001	0.22505665208686568	50579.19149823939
-1012.5984341864876	3.296700616756177	10.0	0.0	0.001	0.2250505924869537	50579.19149823939
-1012.598423815177	3.296343769575321	10.0	0.0	0.001	0.22506023701270525	50579.19149823939
-1012.5984582091462	3.2962983258808354	10.0	0.0	0.001	0.22506907791637104	50579.19149823939
-1012.5984638281869	3.296450173659036	10.0	0.0	0.001	0.2250085017532232	50579.19149823939
-1012.5984066707092	3.2963843090407927	10.0	0.0	0.001	0.2250542151729093	50579.19149823939
-1012.5984647570684	3.2961870045615256	10.0	0.0	0.001	0.22501007198456158	50579.19149823939
-1012.5983870094021	3.296252643298143	10.0	0.0	0.001	0.22503607457654864	50579.19149823939
-1012.5984416394601	3.2962993015316555	10.0	0.0	0.001	0.22501945791029618	50579.19149823939
-1012.5983920371608	3.2963039187656857	10.0	0.0	0.001	0.22504112222294348	50579.19149823939
-1012.5984073114136	3.296374375912129	10.0	0.0	0.001	0.2250499498736847	50579.19149823939
-1012.5984242379748	3.296056238185745	10.0	0.0	0.001	0.22504352356165178	50579.19149823939
-1012.5984879937764	3.2966268620648416	10.0	0.0	0.001	0.2250839625997399	50579.19149823939
-1012.5984341163996	3.2965440410570337	10.0	0.0	0.001	0.22504879809828093	50579.19149823939
-1012.598408686865	3.296385032309806	10.0	0.0	0.001	0.22503953702492724	50579.19149823939
-1012.5984286740264	3.296313805820104	10.0	0.0	0.001	0.2250639304189485	50579.19149823939
-1012.5983962137552	3.2963838834497468	10.0	0.0	0.001	0.22503798037683612	50579.19149823939
-1012.5983988685961	3.2961175905478255	10.0	0.0	0.001	0.2250424912144111	50579.19149823939
-1012.5984319162742	3.296237346348411	10.0	0.0	0.001	0.22506526264670676	50579.19149823939
-1012.5986078670521	3.296341328491793	10.0	0.0	0.001	0.22498364807650684	50579.19149823939
-1012.5984246813371	3.2964047822432687	10.0	0.0	0.001	0.2250252060913636	50579.19149823939
-1012.5984074335976	3.2962942543759484	10.0	0.0	0.001	0.2250490372108786	50579.19149823939
-1012.5983992505163	3.296295018363497	10.0	0.0	0.001	0.22504696745908517	50579.19149823939
-1012.5984735040686	3.296296283303852	10.0	0.0	0.001	0.2250146868247284	50579.19149823939
-1012.5984048087812	3.2964380887516227	10.0	0.0	0.001	0.22504227858841772	50579.19149823939
-1012.5983964197387	3.29638543491981	10.0	0.0	0.001	0.22505201019200902	50579.19149823939
-1012.5983929036406	3.296297010797204	10.0	0.0	0.001	0.22503154685008978	50579.19149823939
-1012.5983993096137	3.296206957231993	10.0	0.0	0.001	0.2250381727943892	50579.19149823939
-1012.59845974876	3.296581392111939	10.0	0.0	0.001	0.22507682416862457	50579.19149823939
-1012.5983866868357	3.296307152203137	10.0	0.0	0.001	0.225047651600966	50579.19149823939
-1012.5983995353421	3.2964487099486064	10.0	0.0	0.001	0.2250337281925516	50579.19149823939
-1012.5983991731513	3.2963114309839936	10.0	0.0	0.001	0.22504917781738448	50579.19149823939
-1012.5985150650515	3.2961575817203093	10.0	0.0	0.001	0.2250029681256212	50579.19149823939
-1012.5984453173406	3.296038947784652	10.0	0.0	0.001	0.225058148345443	50579.19149823939
-1012.598419997494	3.296277123502994	10.0	0.0	0.001	0.22503066122549792	50579.19149823939
-1012.5984220449498	3.296281279001068	10.0	0.0	0.001	0.22505939143248926	50579.19149823939
-1012.5984057319832	3.2961664501481973	10.0	0.0	0.001	0.2250439360457311	50579.19149823939
-1012.5984096108848	3.29625907312646	10.0	0.0	0.001	0.22505267953078517	50579.19149823939
-1012.5984185654161	3.296285442429192	10.0	0.0	0.001	0.22504635685998972	50579.19149823939
-1012.5984156821032	3.2963162823763876	10.0	0.0	0.001	0.22503058920738084	50579.19149823939
-1012.5984813502248	3.295916742748344	10.0	0.0	0.001	0.22500820091109006	50579.19149823939
-1012.5984155317668	3.2962702944522797	10.0	0.0	0.001	0.22505466895840806	50579.19149823939
-1012.5984158821464	3.296568873913049	10.0	0.0	0.001	0.22503157926683132	50579.19149823939
-1012.5983954607754	3.2964473664516745	10.0	0.0	0.001	0.22506087943880262	50579.19149823939
-1012.5984040628457	3.296480315511637	10.000000000000002	0.0	0.001	0.22503960476451595	50579.19149823939
-1012.598394113824	3.2960267791687636	10.0	0.0	0.001	0.22504011107952646	50579.19149823939
-1012.5984097953617	3.2963304410407286	10.0	0.0	0.001	0.22503561502545513	50579.19149823939
-1012.5984141337024	3.2962958737197656	10.0	0.0	0.001	0.22505803605081146	50579.19149823939
-1012.5984307619888	3.2964024659486837	10.000000000000002	0.0	0.001	0.22502474239570247	50579.19149823939
-1012.5983882722098	3.296285674304907	10.0	0.0	0.001	0.2250475881074473	50579.19149823939
-1012.5984133116976	3.296288605690305	10.0	0.0	0.001	0.22504917819482795	50579.19149823939
-1012.5984095873321	3.2961724213720536	10.0	0.0	0.001	0.2250426716986175	50579.19149823939
-1012.5983991507746	3.2963446140007022	10.0	0.0	0.001	0.22504182666903047	50579.19149823939
-1012.5987869165674	3.2962192231351204	10.0	0.0	0.001	0.2249639709098248	50579.19149823939
-1012.5983983580225	3.2963021489631883	10.0	0.0	0.001	0.2250488367390257	50579.19149823939
-1012.5984130742345	3.296353797898184	10.0	0.0	0.001	0.225054244285891	50579.19149823939
-1012.5988687422226	3.2966345959977756	10.0	0.0	0.001	0.2251262705567077	50579.19149823939
-1012.598454165921	3.296356386365537	10.0	0.0	0.001	0.22501116279775107	50579.19149823939
-1012.5983882969765	3.296300262257325	10.0	0.0	0.001	0.2250414523887459	50579.19149823939
-1012.598331124367	3.2963285675475524	10.0	0.0	0.001	0.22504135969318756	50579.19149823939
-1012.5984263555264	3.296036455505459	10.0	0.0	0.001	0.22504200483070635	50579.19149823939
-1012.5984209358	3.2962201794487282	10.0	0.0	0.001	0.22503416802822682	50579.19149823939
-1012.5984976333158	3.2962904085508247	10.0	0.0	0.001	0.22504782019367772	50579.19149823939
-1012.5984362034436	3.2965962547047662	10.0	0.0	0.001	0.22505217829498475	50579.19149823939
-1012.5984128132311	3.296237046462895	10.0	0.0	0.001	0.2250581999011964	50579.19149823939
-1012.5984133009724	3.2963693974072332	10.0	0.0	0.001	0.22505606983189239	50579.19149823939
-1012.5984257206815	3.2964193458351607	10.0	0.0	0.001	0.22505629528068904	50579.19149823939
-1012.5984046349396	3.2962309104928056	10.0	0.0	0.001	0.22504992539214425	50579.19149823939
-1012.5984048463026	3.2963389474757756	10.0	0.0	0.001	0.22503848903523568	50579.19149823939
-1012.5984143769135	3.2963014189269533	10.0	0.0	0.001	0.22504164078288164	50579.19149823939
-1012.5984079356483	3.296302187426683	10.0	0.0	0.001	0.2250431365063017	50579.19149823939
-1012.5984100521084	3.296378426047221	10.0	0.0	0.001	0.2250452661461387	50579.19149823939
-1012.5984205374521	3.296356411493493	10.0	0.0	0.001	0.22503586350380606	50579.19149823939
-1012.5984117952985	3.2963309145744173	10.0	0.0	0.001	0.22504193973552733	50579.19149823939
-1012.5984346254461	3.2964775223095493	10.0	0.0	0.001	0.22506613441838105	50579.19149823939
-1012.5984267799257	3.2962948527937543	10.0	0.0	0.001	0.22502618999321716	50579.19149823939
-1012.598413574697	3.29613304042399	10.0	0.0	0.001	0.2250246218292798	50579.19149823939
-1012.5985868099682	3.296174963930721	10.0	0.0	0.001	0.22498836906865444	50579.19149823939
-1012.5983975334159	3.2963357103257738	10.0	0.0	0.001	0.22503612834937026	50579.19149823939
-1012.6061377431723	3.296229028051306	10.0	0.0	0.001	0.2253985019171501	50579.19149823939
-1012.5995361037254	3.29642079467136	10.0	0.0	0.001	0.22490895577422726	50579.19149823939
-1012.598413591443	3.2962318392397445	10.0	0.0	0.001	0.22504111380844385	50579.19149823939
-1012.5984127608083	3.2961265639513724	10.0	0.0	0.001	0.2250342462058504	50579.19149823939
-1012.5984043615312	3.296153734956997	10.0	0.0	0.001	0.22505977311814038	50579.19149823939
-1012.5984045829929	3.2962857716222707	10.0	0.0	0.001	0.22504660734034182	50579.19149823939
-1012.5984201651742	3.2962826628208406	10.0	0.0	0.001	0.22502435223761777	50579.19149823939
-1012.5984155640834	3.2961327185571827	10.0	0.0	0.001	0.22503426414477537	50579.19149823939
-1012.598404247584	3.2961253189668493	10.0	0.0	0.001	0.22503770567552026	50579.19149823939
-1012.5984029165497	3.2963445958784536	10.0	0.0	0.001	0.22504066544241613	50579.19149823939
-1012.5983911792258	3.296317677239757	10.0	0.0	0.001	0.2250420250431795	50579.19149823939
-1012.5984141133976	3.2963347334518547	10.0	0.0	0.001	0.22504052424167584	50579.19149823939
-1012.5984124040789	3.2962980109553084	10.0	0.0	0.001	0.22504823215958406	50579.19149823939
-1012.5983928324841	3.296288060968143	10.0	0.0	0.001	0.2250378576376123	50579.19149823939
-1012.5984366953957	3.2963552973023535	10.0	0.0	0.001	0.2250674107918848	50579.19149823939
-1012.6034113888546	3.2961752923563647	10.0	0.0	0.001	0.22475730695435292	50579.19149823939
-1012.5984355580368	3.296465295839738	10.0	0.0	0.001	0.22502837860922129	50579.19149823939
-1012.5983686930675	3.2963045622175744	10.0	0.0	0.001	0.2250297453802803	50579.19149823939
-1012.5984319271713	3.296440063334157	10.0	0.0	0.001	0.22504304737979974	50579.19149823939
-1012.5984164243031	3.2962217522415185	10.0	0.0	0.001	0.22502842882899204	50579.19149823939
-1012.5984150881434	3.296189118170726	10.0	0.0	0.001	0.22504881123479453	50579.19149823939
-1012.5984394446004	3.296128417719619	10.0	0.0	0.001	0.22506651024569155	50579.19149823939
-1012.598435571458	3.2965902432492817	10.0	0.0	0.001	0.22506055385480664	50579.19149823939
-1012.598416676967	3.296031008439314	10.0	0.0	0.001	0.22503914697676689	50579.19149823939
-1012.598421253532	3.2961022049313833	10.0	0.0	0.001	0.22503379898437523	50579.19149823939
-1012.5983980212264	3.296320905437856	10.0	0.0	0.001	0.2250511890768931	50579.19149823939
-1012.5984254149005	3.2965907285056684	10.0	0.0	0.001	0.2250329974455345	50579.19149823939
-1012.5984320769422	3.2963568782698163	10.0	0.0	0.001	0.2250569972350548	50579.19149823939
-1012.5984134501236	3.2963137251114305	10.0	0.0	0.001	0.2250305327516437	50579.19149823939
-1012.598421478287	3.2962927844060217	10.0	0.0	0.001	0.22502218104112545	50579.19149823939
-1012.5985411241111	3.295659123485624	10.0	0.0	0.001	0.22502705275433602	50579.19149823939
-1012.5983993137304	3.2963744657289165	10.0	0.0	0.001	0.22503727630542653	50579.19149823939
-1012.5984211115742	3.296307210249439	10.0	0.0	0.001	0.22506388953787862	50579.19149823939
-1012.5984942601486	3.2956999458776255	10.0	0.0	0.001	0.22503046409261782	50579.19149823939
-1012.598419598597	3.2964426461744867	10.0	0.0	0.001	0.22506014181670575	50579.19149823939
-1012.5984059486495	3.2962962666864564	10.0	0.0	0.001	0.2250383258329936	50579.19149823939
-1012.5984107930591	3.296332628347703	10.0	0.0	0.001	0.22504987472762233	50579.19149823939
-1012.5984002972873	3.296314853718883	10.0	0.0	0.001	0.22504428900685405	50579.19149823939
-1012.5984045989203	3.296271110907768	10.0	0.0	0.001	0.2250462478575916	50579.19149823939
-1012.5983814001572	3.2962842141683706	10.0	0.0	0.001	0.22503913237032577	50579.19149823939
-1012.5984307563878	3.2960675996475617	10.0	0.0	0.001	0.22502668630599	50579.19149823939
-1012.598393953595	3.296295471231179	10.0	0.0	0.001	0.2250476869674105	50579.19149823939
-1012.5984317068301	3.29632175230397	10.0	0.0	0.001	0.22505837184511193	50579.19149823939
-1012.598412228336	3.296374480353635	10.0	0.0	0.001	0.22503716076033228	50579.19149823939
-1012.5984043108459	3.2962889511674938	10.0	0.0	0.001	0.22503611214033162	50579.19149823939
-1012.5984314201035	3.296598594597633	10.0	0.0	0.001	0.22504842272748052	50579.19149823939
-1012.5984255188308	3.2961313593221715	10.0	0.0	0.001	0.22505239991741713	50579.19149823939
-1012.5984419177278	3.2966086077576175	10.0	0.0	0.001	0.22504603682710747	50579.19149823939
-1012.5984128274529	3.296272309134317	10.0	0.0	0.001	0.2250467048082151	50579.19149823939
-1012.5985918564547	3.2960519602694465	10.0	0.0	0.001	0.2250942029138276	50579.19149823939
-1012.5984073974149	3.296252150324446	10.0	0.0	0.001	0.22503830626458665	50579.19149823939
-1012.5984407393967	3.2964089093954008	10.0	0.0	0.001	0.2250240100204404	50579.19149823939
-1012.5984034255883	3.29644716125562	10.0	0.0	0.001	0.22504366594234881	50579.19149823939
-1012.598407685944	3.296093604035853	10.0	0.0	0.001	0.2250537162446845	50579.19149823939
-1012.5984147982309	3.2961881165566203	10.0	0.0	0.001	0.2250256578775953	50579.19149823939
-1012.598407431664	3.296281684908689	10.0	0.0	0.001	0.22504463156749088	50579.19149823939
-1012.5984056901268	3.296346608616131	10.0	0.0	0.001	0.22504142895050325	50579.19149823939
-1012.5985120287219	3.2963705641853602	10.0	0.0	0.001	0.22508581246203666	50579.19149823939
-1012.5984046777227	3.2962367602859266	10.0	0.0	0.001	0.22506375401036766	50579.19149823939
-1012.598393012906	3.2961919944074825	10.0	0.0	0.001	0.22506099824581594	50579.19149823939
-1012.5984178916215	3.2964576344028513	10.0	0.0	0.001	0.22502606698165947	50579.19149823939
-1012.5983889530476	3.296244319923097	10.0	0.0	0.001	0.2250417263135133	50579.19149823939
-1012.5984188131033	3.2963087502319377	10.0	0.0	0.001	0.22503900899627854	50579.19149823939
-1012.5984323955508	3.29620871728528	10.0	0.0	0.001	0.22503019196240326	50579.19149823939
-1012.5984056187464	3.296524995109612	10.000000000000002	0.0	0.001	0.22505179357525648	50579.19149823939
-1012.5984004848655	3.296479383068583	10.0	0.0	0.001	0.22504482899748235	50579.19149823939
-1012.5984068630282	3.296458164702949	10.0	0.0	0.001	0.22503957383906106	50579.19149823939
-1012.5984089912516	3.296211779016377	10.0	0.0	0.001	0.22503892574590836	50579.19149823939
-1012.5984047096139	3.2963937181118537	10.0	0.0	0.001	0.2250446775229293	50579.19149823939
-1012.5984188933406	3.296246216674995	10.0	0.0	0.001	0.22502900980655496	50579.19149823939
-1012.5984233312336	3.296331278996225	10.0	0.0	0.001	0.22502427936950856	50579.19149823939
-1012.5984109741743	3.2963940432172274	10.0	0.0	0.001	0.225034816421982	50579.19149823939
-1012.598399609308	3.296288344854528	10.0	0.0	0.001	0.22503194106178062	50579.19149823939
-1012.5984840112619	3.296089591936639	10.0	0.0	0.001	0.22501026413170883	50579.19149823939
-1012.5984100023801	3.2962915151928756	10.0	0.0	0.001	0.22505235421884104	50579.19149823939
-1012.5984186237188	3.296285630544095	10.0	0.0	0.001	0.22504486261403917	50579.19149823939
-1012.5984179257293	3.296130836659171	10.0	0.0	0.001	0.22504463383620008	50579.19149823939
-1012.5984012857172	3.296333187520801	10.0	0.0	0.001	0.22504470097430715	50579.19149823939
-1012.5984106027805	3.29653289718695	10.0	0.0	0.001	0.22505686508220427	50579.19149823939
-1012.5983924848927	3.2963066305521806	10.0	0.0	0.001	0.22504053155302745	50579.19149823939
-1012.598426554751	3.2962524147566437	10.0	0.0	0.001	0.22502793542676128	50579.19149823939
-1012.5983926513668	3.2963225259355085	10.0	0.0	0.001	0.22506538593691608	50579.19149823939
-1012.5984133078482	3.2961090876476122	10.0	0.0	0.001	0.22502904299448243	50579.19149823939
-1012.5983842337345	3.2962906569417916	9.999999999999998	0.0	0.001	0.22504225655723262	50579.19149823939
-1012.5984523342183	3.2966896303011572	10.0	0.0	0.001	0.22504150137987053	50579.19149823939
-1012.5984191187746	3.296384183478969	10.0	0.0	0.001	0.2250619327164331	50579.19149823939
-1012.5984000079543	3.296333772042878	10.0	0.0	0.001	0.2250395242414497	50579.19149823939
-1012.5987414638904	3.296257971863094	10.0	0.0	0.001	0.22511813560326535	50579.19149823939
-1012.598407078348	3.2961720988337575	10.0	0.0	0.001	0.2250480166564347	50579.19149823939
-1012.5984443084642	3.296531736650583	10.0	0.0	0.001	0.2250203404803667	50579.19149823939
-1012.598581473885	3.296362838117495	10.0	0.0	0.001	0.22499176698872295	50579.19149823939
-1012.5984094540271	3.296370267291718	10.0	0.0	0.001	0.2250445103656848	50579.19149823939
-1012.5984208145493	3.2963613778012566	10.0	0.0	0.001	0.22503365659673527	50579.19149823939
-1012.6020524166071	3.2969867749685307	10.0	0.0	0.001	0.22480627574678116	50579.19149823939
-1012.5984213825973	3.2963029633848353	10.0	0.0	0.001	0.2250493573356048	50579.19149823939
-1012.5983940070654	3.296283968666011	10.0	0.0	0.001	0.22503535624228163	50579.19149823939
-1012.5984496040594	3.296424577564792	10.0	0.0	0.001	0.2250713671716354	50579.19149823939
-1012.5984463479004	3.296011451849329	10.0	0.0	0.001	0.22503389485338374	50579.19149823939
-1012.598437930615	3.2962725028482702	10.0	0.0	0.001	0.22502023138807115	50579.19149823939
-1012.5984248169943	3.2964004177167063	10.0	0.0	0.001	0.22502548031855302	50579.19149823939
-1012.5984203770813	3.2962898238820832	10.0	0.0	0.001	0.22502630067258012	50579.19149823939
-1012.5984102843207	3.296383616215944	10.0	0.0	0.001	0.22503488163205704	50579.19149823939
-1012.5984912958512	3.2962145257731126	10.0	0.0	0.001	0.22508033075883446	50579.19149823939
-1012.6014434402603	3.295805918596904	10.0	0.0	0.001	0.22526349089403072	50579.19149823939
-1012.598399184366	3.296281544734655	10.0	0.0	0.001	0.22503485125109207	50579.19149823939
-1012.5984132012543	3.296151275923464	10.0	0.0	0.001	0.22504150268371964	50579.19149823939
-1012.5983727275805	3.2964159524669445	10.0	0.0	0.001	0.22503231555104292	50579.19149823939
-1012.5984104123879	3.2964405012162934	10.0	0.0	0.001	0.2250459924691544	50579.19149823939
-1012.598416830883	3.2961660593289976	10.0	0.0	0.001	0.22503720825910228	50579.19149823939
-1012.5984107740737	3.2961352004303017	10.0	0.0	0.001	0.22504001713395455	50579.19149823939
-1012.5984132719266	3.296305555093215	10.0	0.0	0.001	0.22504482337717793	50579.19149823939
-1012.5984072435753	3.296618110222636	10.0	0.0	0.001	0.22503082983692213	50579.19149823939
-1012.5991288749987	3.2966458076023892	10.0	0.0	0.001	0.22515044390240666	50579.19149823939
-1012.5984348018595	3.296404647483527	10.0	0.0	0.001	0.22505116502359945	50579.19149823939
-1012.5984022424564	3.296267657515505	10.0	0.0	0.001	0.22504819225659864	50579.19149823939
-1012.598397582579	3.2962969064629437	10.0	0.0	0.001	0.2250293598833117	50579.19149823939
-1012.5984013320389	3.2962256842643187	10.0	0.0	0.001	0.22505414514272254	50579.19149823939
-1012.5984183227259	3.2963510551539437	10.0	0.0	0.001	0.2250408001087104	50579.19149823939
-1012.5985039224024	3.296555180289896	10.0	0.0	0.001	0.22500832755912173	50579.19149823939
-1012.5983786936268	3.2963622010532267	10.0	0.0	0.001	0.22504361918910304	50579.19149823939
-1012.5984066435717	3.296077170661874	10.0	0.0	0.001	0.22504924208509436	50579.19149823939
-1012.5984015234895	3.296246812096975	10.0	0.0	0.001	0.22504348808767344	50579.19149823939
-1012.598421761048	3.2963727940952112	10.0	0.0	0.001	0.22505669007941112	50579.19149823939
-1012.5985219148948	3.295847134425933	10.0	0.0	0.001	0.22501262781327303	50579.19149823939
-1012.5983978684671	3.296425034841136	10.0	0.0	0.001	0.22505171291539292	50579.19149823939
-1012.5984201803763	3.2962531752820152	10.0	0.0	0.001	0.22506134305710904	50579.19149823939
-1012.5984770301545	3.2962974973137578	10.0	0.0	0.001	0.22500963666869425	50579.19149823939
-1012.598429636649	3.296145378704944	10.0	0.0	0.001	0.22505675224242636	50579.19149823939
-1012.5984055092858	3.296239418117731	10.0	0.0	0.001	0.22503008039643085	50579.19149823939
-1012.5984120271964	3.296331967318654	10.0	0.0	0.001	0.22504838061983679	50579.19149823939
-1012.5984105648683	3.296330422563758	10.0	0.0	0.001	0.22503246460128093	50579.19149823939
-1012.5984159746492	3.296360655380587	10.0	0.0	0.001	0.22505103902413465	50579.19149823939
-1012.5984122848762	3.2963924692713285	10.0	0.0	0.001	0.2250563188108836	50579.19149823939
-1012.5984061052638	3.296290417848776	10.0	0.0	0.001	0.22505003955958666	50579.19149823939
-1012.5984056737703	3.296462298209759	10.0	0.0	0.001	0.22503184283268582	50579.19149823939
-1012.5983873583027	3.2962924920745116	10.0	0.0	0.001	0.2250431581987902	50579.19149823939
-1012.5984395251062	3.296424661827487	10.0	0.0	0.001	0.22506741026419708	50579.19149823939
-1012.5984222035486	3.296070361060215	10.0	0.0	0.001	0.22503260065240818	50579.19149823939
-1012.5984209080493	3.2964184758094968	10.0	0.0	0.001	0.2250364378172585	50579.19149823939
-1012.5983915920634	3.2963319130122013	10.0	0.0	0.001	0.22503610361141657	50579.19149823939
-1012.5983830289647	3.2961034870445514	10.0	0.0	0.001	0.22503426110350624	50579.19149823939
-1012.5984058825782	3.296291781567163	10.0	0.0	0.001	0.22504393372801232	50579.19149823939
-1012.5998797913234	3.2964221243834784	10.0	0.0	0.001	0.22519954062229525	50579.19149823939
-1012.5983949798657	3.296288591053767	10.0	0.0	0.001	0.22504428594713177	50579.19149823939
-1012.5984008213319	3.2961903662064382	10.0	0.0	0.001	0.2250356923648651	50579.19149823939
-1012.5984017810014	3.29634342843238	10.000000000000002	0.0	0.001	0.22504067995946897	50579.19149823939
-1012.5984195006928	3.2961018011831937	10.0	0.0	0.001	0.22504693440836482	50579.19149823939
-1012.5984010135076	3.2962811136392127	10.0	0.0	0.001	0.22505677843336788	50579.19149823939
-1012.5984089929377	3.296279112117828	10.0	0.0	0.001	0.22504201116821612	50579.19149823939
-1012.5984148210857	3.296215561810541	10.0	0.0	0.001	0.2250625049856145	50579.19149823939
-1012.5984034471988	3.2962222646977426	10.0	0.0	0.001	0.2250296217552587	50579.19149823939
-1012.5986523969593	3.295952197908041	10.0	0.0	0.001	0.2249778430997915	50579.19149823939
-1012.5986469246996	3.2962848264163296	10.0	0.0	0.001	0.22510570023722604	50579.19149823939
-1012.5983652296068	3.296294017195201	10.0	0.0	0.001	0.22504915507819043	50579.19149823939
-1012.598386451557	3.2962940570658423	10.0	0.0	0.001	0.22505087107280503	50579.19149823939
-1012.598420402925	3.296516837656294	10.0	0.0	0.001	0.2250297409780382	50579.19149823939
-1012.5983940560606	3.296248670337428	10.0	0.0	0.001	0.22504369254258505	50579.19149823939
-1012.598406050677	3.2962616111980685	10.0	0.0	0.001	0.2250393920287759	50579.19149823939
-1012.598417594273	3.2962894683502366	10.0	0.0	0.001	0.22502285399271474	50579.19149823939
-1012.5984148087623	3.296497986162445	10.0	0.0	0.001	0.22503291011031681	50579.19149823939
-1012.598388942828	3.2963075683095004	10.0	0.0	0.001	0.2250429608038596	50579.19149823939
-1012.5984086898196	3.29625842278624	10.0	0.0	0.001	0.2250466727575796	50579.19149823939
-1012.5983962373814	3.2962717538670514	10.0	0.0	0.001	0.22504087604937126	50579.19149823939
-1012.5984068982118	3.296345145251573	10.0	0.0	0.001	0.2250504630901418	50579.19149823939
-1012.5983809232401	3.2965910533325897	10.0	0.0	0.001	0.22503407693573385	50579.19149823939
-1012.5983994116378	3.2963185544031486	10.0	0.0	0.001	0.22506864096427667	50579.19149823939
-1012.5984027666631	3.296187975499532	10.0	0.0	0.001	0.22504076268381198	50579.19149823939
-1012.5984145327386	3.2961831009662537	10.0	0.0	0.001	0.22503646007166975	50579.19149823939
-1012.5983665710218	3.296406141524399	10.0	0.0	0.001	0.22504460466793955	50579.19149823939
-1012.59846720909	3.2964126307423602	10.0	0.0	0.001	0.22501172516295817	50579.19149823939
-1012.5984124794388	3.296326525241737	10.0	0.0	0.001	0.22502500978583637	50579.19149823939
-1012.598385412497	3.2963387138595084	10.0	0.0	0.001	0.22504037792104395	50579.19149823939
-1012.5983679141785	3.296398471696972	10.0	0.0	0.001	0.22505164045600332	50579.19149823939
-1012.5984169242029	3.29622230694399	10.0	0.0	0.001	0.22505495973672401	50579.19149823939
-1012.6088850735675	3.296740368860382	10.0	0.0	0.001	0.22463100255010873	50579.19149823939
-1012.5983979278557	3.2963399594835967	10.0	0.0	0.001	0.2250434897603381	50579.19149823939
-1012.5984636922046	3.2962751818263696	10.0	0.0	0.001	0.22507651513211047	50579.19149823939
-1012.5983726310136	3.296290998078198	10.0	0.0	0.001	0.2250414814812616	50579.19149823939
-1012.5984127736966	3.29631477448345	10.0	0.0	0.001	0.22506110753618386	50579.19149823939
-1012.5984171596367	3.2963859411276073	10.0	0.0	0.001	0.22505637020066724	50579.19149823939
-1012.5984059192966	3.2962817615359707	10.0	0.0	0.001	0.22504410306734451	50579.19149823939
-1012.599076529729	3.2966314390535727	10.0	0.0	0.001	0.22493938341115738	50579.19149823939
-1012.5984026555747	3.2962738888815353	9.999999999999998	0.0	0.001	0.22504893634170922	50579.19149823939
-1012.5983960566267	3.296296863534021	10.000000000000002	0.0	0.001	0.2250412251554806	50579.19149823939
-1012.5983958790322	3.2962835392249104	10.0	0.0	0.001	0.22502929718919076	50579.19149823939
-1012.5983944423957	3.296342801916777	10.0	0.0	0.001	0.22504792542015783	50579.19149823939
-1012.5984154979342	3.2962627511671143	10.0	0.0	0.001	0.22506192584722481	50579.19149823939
-1012.598363463979	3.296404411935417	10.0	0.0	0.001	0.22504014874142966	50579.19149823939
-1012.5984608285728	3.2968010883627	10.0	0.0	0.001	0.22504758181596834	50579.19149823939
-1012.5984284726525	3.2962912434166136	10.0	0.0	0.001	0.22503961768079064	50579.19149823939
-1012.5984383210009	3.2964552796454902	10.0	0.0	0.001	0.22502591431427355	50579.19149823939
-1012.5984870126434	3.2963286095156845	10.0	0.0	0.001	0.22500675856584845	50579.19149823939
-1012.5983698223658	3.2962950556215853	10.0	0.0	0.001	0.2250332110085237	50579.19149823939
-1012.5984091913238	3.296220261128366	10.0	0.0	0.001	0.22503854921460154	50579.19149823939
-1012.5984218385081	3.296319129785862	10.0	0.0	0.001	0.22503487081233536	50579.19149823939
-1012.5984216201628	3.296267442122145	10.0	0.0	0.001	0.2250365055506838	50579.19149823939
-1012.5984144907885	3.296219040759723	10.0	0.0	0.001	0.2250521916705441	50579.19149823939
-1012.5984190295144	3.2962721056610556	10.0	0.0	0.001	0.2250548454497534	50579.19149823939
-1012.5984033829142	3.296177928955876	10.0	0.0	0.001	0.22505635695766157	50579.19149823939
-1012.5984034670269	3.2963107273406527	10.0	0.0	0.001	0.22504504286182928	50579.19149823939
-1012.6010586506447	3.295983928592965	10.0	0.0	0.001	0.22483571792070325	50579.19149823939
-1012.5984133545736	3.296347931870309	10.0	0.0	0.001	0.22503414975960898	50579.19149823939
-1012.5984005219196	3.296310051154058	10.0	0.0	0.001	0.2250399278495057	50579.19149823939
-1012.598413760067	3.2962554395893253	10.0	0.0	0.001	0.2250357783092417	50579.19149823939
-1012.598412087612	3.2963027066717467	10.0	0.0	0.001	0.22504386589267122	50579.19149823939
-1012.5984134701343	3.296290486338877	10.0	0.0	0.001	0.22504747876531306	50579.19149823939
-1012.5984749977306	3.29644564790425	10.0	0.0	0.001	0.22500856924763477	50579.19149823939
-1012.5983960779762	3.296270792562529	10.0	0.0	0.001	0.2250592645728653	50579.19149823939
-1012.5984216356865	3.296071597673179	10.0	0.0	0.001	0.22501700019853021	50579.19149823939
-1012.5984215443921	3.296269985288544	10.0	0.0	0.001	0.22503179101041987	50579.19149823939
-1012.5984092105889	3.296309338504094	10.0	0.0	0.001	0.2250574618170348	50579.19149823939
-1012.5984107052018	3.2962454873927918	9.999999999999998	0.0	0.001	0.22504224472357023	50579.19149823939
-1012.5984032767783	3.2963206653779222	10.0	0.0	0.001	0.22504663523086788	50579.19149823939
-1012.5983751370447	3.296173688780439	10.0	0.0	0.001	0.2250350143051913	50579.19149823939
-1012.5984545616369	3.2960857936979386	10.0	0.0	0.001	0.22506654283339472	50579.19149823939
-1012.5984178746365	3.296432570468786	10.0	0.0	0.001	0.22505200570088377	50579.19149823939
-1012.5984605904331	3.2965520486762925	10.0	0.0	0.001	0.22506718022459443	50579.19149823939
-1012.5984594601036	3.296315977288567	10.0	0.0	0.001	0.2250729244201989	50579.19149823939
-1012.5983871283454	3.2962285581430995	10.0	0.0	0.001	0.22504930072509854	50579.19149823939
-1012.5984203171552	3.296384075900122	10.0	0.0	0.001	0.22503084914863017	50579.19149823939
-1012.5984070338129	3.2963044442450777	10.0	0.0	0.001	0.22504018583823038	50579.19149823939
-1012.598435896638	3.2966632821250084	10.0	0.0	0.001	0.22505262128109757	50579.19149823939
-1012.5984129790093	3.2961764690032873	10.0	0.0	0.001	0.2250391406375564	50579.19149823939
-1012.59869489453	3.2963326022629187	10.0	0.0	0.001	0.22497556222811874	50579.19149823939
-1012.5984239185066	3.296323929632508	10.0	0.0	0.001	0.22502684850532875	50579.19149823939
-1012.5983945199488	3.296286476089597	10.0	0.0	0.001	0.22504104697254756	50579.19149823939
-1012.5984156455472	3.29630104579106	10.0	0.0	0.001	0.2250584810191389	50579.19149823939
-1012.5984135158603	3.296329352617712	10.0	0.0	0.001	0.22504968236014922	50579.19149823939
-1012.5984601583867	3.2964520963816093	10.0	0.0	0.001	0.22501418280022994	50579.19149823939
-1012.5984427578601	3.2965792469143196	10.0	0.0	0.001	0.22506614225912192	50579.19149823939
-1012.5984769541526	3.2964060424742416	10.0	0.0	0.001	0.22501241998262236	50579.19149823939
-1012.598428812387	3.2960828341433612	10.0	0.0	0.001	0.22504233187769174	50579.19149823939
-1012.5984700338574	3.2964063051462724	10.0	0.0	0.001	0.225006510378287	50579.19149823939
-1012.5984212619892	3.295849294335075	10.0	0.0	0.001	0.22505647840152432	50579.19149823939
-1012.5988960864247	3.295782759451313	10.0	0.0	0.001	0.22496242939663058	50579.19149823939
-1012.598403636475	3.296208164356842	10.0	0.0	0.001	0.2250492603867387	50579.19149823939
-1012.5984158409375	3.296129701968274	10.0	0.0	0.001	0.22503717215755717	50579.19149823939
-1012.5984116593424	3.296230302200075	10.0	0.0	0.001	0.2250471645157986	50579.19149823939
-1012.5984082430182	3.296314671955342	10.0	0.0	0.001	0.22504661361511868	50579.19149823939
-1012.5983945900723	3.2962526353853256	10.0	0.0	0.001	0.2250415454515324	50579.19149823939
-1012.598401820386	3.296279435432571	10.0	0.0	0.001	0.22502899502860604	50579.19149823939
-1012.598403600655	3.296283734976125	10.0	0.0	0.001	0.22504614508800266	50579.19149823939
-1012.5984447178419	3.2964607789215608	10.0	0.0	0.001	0.22506522625800401	50579.19149823939
-1012.5984004139922	3.2962834468566986	10.0	0.0	0.001	0.22504282696700426	50579.19149823939
-1012.5984133275765	3.296188014471866	10.0	0.0	0.001	0.2250332893140387	50579.19149823939
-1012.5983607432483	3.2961348097802325	10.0	0.0	0.001	0.22503915765861546	50579.19149823939
-1012.5984801267482	3.2968234417131077	10.0	0.0	0.001	0.2250372740675533	50579.19149823939
-1012.5984358720639	3.296169643906275	10.0	0.0	0.001	0.22505905274239218	50579.19149823939
-1012.5983978086473	3.2963091973053746	10.0	0.0	0.001	0.22504023672537957	50579.19149823939
-1012.5984278363462	3.296102323720943	10.0	0.0	0.001	0.22506015413570005	50579.19149823939
-1012.5984198836336	3.296115859692959	10.0	0.0	0.001	0.22505482405016128	50579.19149823939
-1012.5983732506106	3.2961939647823835	10.0	0.0	0.001	0.22503992819947644	50579.19149823939
-1012.5983730857876	3.296316397518118	10.0	0.0	0.001	0.22504855619274874	50579.19149823939
-1012.5984209709459	3.296244460100305	10.0	0.0	0.001	0.2250254529074582	50579.19149823939
-1012.5984216472679	3.2964424992375605	10.0	0.0	0.001	0.225026278745921	50579.19149823939
-1012.5984115540543	3.2961688677729652	10.0	0.0	0.001	0.225028829501571	50579.19149823939
-1012.5995761681481	3.296533923430714	10.0	0.0	0.001	0.22490706424964352	50579.19149823939
-1012.59847461462	3.296321262019781	10.0	0.0	0.001	0.2250803536804368	50579.19149823939
-1012.5984086797753	3.2960788790973456	10.0	0.0	0.001	0.22504644712731223	50579.19149823939
-1012.5984933845709	3.2961559160859153	10.0	0.0	0.001	0.22504750498889686	50579.19149823939
-1012.5983786792555	3.2962315844211116	10.0	0.0	0.001	0.22505476408037758	50579.19149823939
-1012.5985139222355	3.2962554134105715	10.0	0.0	0.001	0.22508700968591677	50579.19149823939
-1012.5983920267074	3.296298418356487	10.0	0.0	0.001	0.2250501443329215	50579.19149823939
-1012.5984051150778	3.296207693226378	10.0	0.0	0.001	0.22503008250983586	50579.19149823939
-1012.5984195580338	3.2962660859833903	10.0	0.0	0.001	0.2250283198899531	50579.19149823939
-1012.5984779628634	3.296698673599888	10.0	0.0	0.001	0.2250241466897235	50579.19149823939
-1012.5984184647923	3.296428471022152	10.0	0.0	0.001	0.22504541556017835	50579.19149823939
