# /Users/oliviafernflores/opt/anaconda3/bin/dadi-cli InferDM --fs /Users/oliviafernflores/Documents/2D_demographics_DFE/MMD_2D_Project/SFS/IRA_FRA_syn_unfolded.fs --model split_delay_mig --lbounds 1e-2 1e-2 1e-3 1e-3 1e-3 1e-3 0 --ubounds 10 10 1 1 10 10 1 --output /Users/oliviafernflores/Documents/2D_demographics_DFE/MMD_2D_Project/new_demography/IRA_FRA/dadi_cli_demo_results/IRA_FRA_split_delay_mig.demog.params --optimizations 10 --check-convergence 1
# Log(likelihood)	nu1	nu2	Tpre	Tmig	m12	m21	misid	theta
-2286.611297661887	0.5989220234663442	5.40576904896143	0.30699463807677857	0.015741777056105577	0.15348944576081344	0.04613189740306318	0.002693983610144477	13305.965703856258
-1963.5466274037367	0.6282752969432849	5.205194058889291	0.14640486718643175	0.23150077483325598	0.11358084668367054	0.23830054488702007	0.004132529212010053	12772.110273717031
-1837.953609727608	0.5014935982576919	3.3011711997790902	0.13372813419007656	0.3049039395123756	0.589746330671149	0.534521269417753	0.0018107467358964321	13171.526722700648
-1389.9526429757884	0.5503859099477564	4.6118930838505685	0.28100228707716735	0.2166579086677502	0.6984137897155134	0.4727516510919826	0.005364668172101646	12013.414949695743
-1640.213770667861	0.6663461930099673	5.7038968280045825	0.40249974340594563	0.07947824378550555	0.4375516228032703	1.3082029843152605	0.0060399429227785935	11823.765219125478
-1248.6559563092455	0.5917353094213773	6.3276373338799345	0.12982309213215626	0.47217543965358233	0.5741546746767837	0.46040264275344334	0.008397964934220193	10939.59347731168
-1368.4668264518168	0.4862836757250097	3.933624020554556	0.05783200734204844	0.5255733355643063	0.9326638518306797	0.2714871040659088	0.011226175506006339	11696.530494875951
-3072.8669726425037	0.4114768635325278	2.4582632818587626	0.2017548545051707	0.07575553550489841	0.5914233301836197	0.5830721540691224	0.002570282530636814	15340.931086232596
-1877.8077387552075	0.5811476490471013	6.013831186829133	0.3287976529661433	0.04275949490589125	0.345059920243265	2.1600881876377924	0.002823474767992684	13036.716534108331
-958.167716432197	0.38148965648305716	6.290972011702563	0.1627266834684215	0.44991424985903405	1.5227995575972881	0.22102553175216866	0.008789713569393993	10969.385347873129
