# /Users/olivia/anaconda3/bin/dadi-cli InferDM --fs ./SFS/IRA_FRA_syn_unfolded.fs --model IM --lbounds 1e-3 1e-2 1e-2 1e-3 1e-3 1e-3 0 --ubounds 1 10 100 10 10 10 1 --output ./new_demography/IRA_FRA/dadi_cli_demo_results/IRA_FRA_im.demog.params --optimizations 10 --check-convergence 1
# Log(likelihood)	s	nu1	nu2	T	m12	m21	misid	theta
-9419.304453884917	0.02988576636543405	0.27193536488427267	2.1492944728523002	0.04089592019411251	0.10414974399603129	0.10502153628983939	0.0	21117.246461960927
-3673.0673185238384	0.18875788889602546	0.7554274482306739	6.59261270370766	0.24277837261756496	0.19465263150469045	0.4128297647132446	0.0	15707.518194246722
-1703.7428949076682	0.4706370901983162	0.5370861165839964	20.777999280311438	0.4938307401118097	0.583744007949105	0.6259120840374887	0.0036464123946306375	12830.672112774511
-1773.1402372529421	0.4184881502005523	0.6077166355389962	11.448246523671914	0.61429555396892	0.566026600558073	0.5470577680206629	0.0055094228832042805	12216.226788019134
-1623.1490225268951	0.3796290966019222	0.5283633232967867	44.9491417297804	0.4807296734293604	0.7241765388304886	0.4146333856117948	0.004691063474743032	12415.804436575205
-1686.1402449060456	0.2241661418407255	0.4463367233904575	7.7544344940465395	0.5890688166866678	1.3015052862196437	0.3615986123251594	0.004433206231535963	12854.638141771005
-1293.8177415042414	0.38580490170001513	0.4147683362991896	29.920264110359003	0.6743790895218982	1.2030529365725067	0.4401931496617949	0.008598990602648493	11431.482723943027
-1047.3234560964265	0.31098164896368236	0.49155953041273326	10.675108851709819	1.1345817983067226	1.1477056596069597	0.36967527784978294	0.012051328885101673	9985.855275969796
-1465.639865839214	0.24998030535834848	0.28080053729811505	6.712687031556449	0.8585845074529772	2.2440867428641327	0.32429340649872423	0.00462251846776358	12088.986612914681
-6467.910100249077	0.6168376941964747	0.15122255510600582	53.42534337454503	0.39821754792784647	2.4560223272851616	3.646218648987664	9.164650238721969e-08	16217.534639373971
