# /Users/olivia/anaconda3/bin/dadi-cli InferDM --fs ./SFS/IRA_FRA_syn_unfolded.fs --model IM --lbounds 1e-3 1e-2 1e-2 1e-3 1e-3 1e-3 0 --ubounds 1 10 13 10 10 10 1 --output ./new_demography/IRA_FRA/dadi_cli_demo_results/IRA_FRA_im.demog.params --optimizations 10 --check-convergence 1 --bestfit-p0-file ./new_demography/IRA_FRA/dadi_cli_demo_results/IRA_FRA_im.demog.params.InferDM.bestfits
# Log(likelihood)	s	nu1	nu2	T	m12	m21	misid	theta
-916.464602001598	0.4421737116516891	0.3982537087158525	12.898622399205916	1.4106514630564	1.471776595864311	0.264981849303269	0.013801617893228953	9260.194186158373
-916.9111370580251	0.40157298772969874	0.3935138008779985	12.82710423519855	1.3681871639403445	1.5181927009189364	0.2533272140564945	0.014278911084534673	9317.570489478314
-921.1300463370899	0.33532745356513066	0.43383387419295355	12.80810364077194	1.404079924065203	1.3924824250320627	0.2513303331885356	0.014548963536132123	9045.126225947888
-917.9116455508599	0.443490849555366	0.37452055376083127	12.863618226795577	1.357761807639004	1.5821622687847383	0.2514620101542409	0.011753428324393016	9463.555379416584
-918.2721227258883	0.35093728451806494	0.4184604219230518	12.817859545279196	1.3753177915039454	1.4456006497883716	0.25455602806665134	0.014032201877667237	9170.06000464772
-917.2583484262408	0.41636732366505674	0.3828574501715689	12.87144902728739	1.3689203311721503	1.5567814340522699	0.25003902564466074	0.013892895433961406	9361.423241807675
-918.9400628549486	0.35698525321693086	0.40365310979443336	12.343537257418793	1.386818569249098	1.5042746510767162	0.23899403431001007	0.013895642549615039	9220.915865469156
-916.5816218398819	0.3966348393220262	0.3872164957704559	12.727042993093045	1.3552591681882677	1.5452096115734324	0.24979470972323714	0.012264285983934857	9368.891768659438
-924.2839289835382	0.4703305955963894	0.4040289204884846	12.930902272245554	1.3680877735347567	1.413765386965575	0.2852983679966602	0.010117512923082156	9414.07688230166
-915.9002876499965	0.4330893923842762	0.3998082004259635	12.859796609786642	1.4087006300894962	1.4738194355358827	0.2575983171663913	0.013535909766077414	9247.42812202914
