-564.3983664638538	0.033337414946816774	0.3978885676843423	0.03795322932524115	0.05301450291842802	0.07125821581829972	0.08146465149456156	0.056173645547733256	10486.00931551924
-561.3937683969732	0.03312730768840487	0.36677270475791374	0.037716402333963686	0.07768276928540238	0.07931514963422046	1e-05	0.055617435761584684	10504.89370809923
-568.1180908383835	0.03423157449107469	0.4323051219879606	0.03930720390112029	0.08298994147585542	0.04488619969488702	0.13999208333066665	0.05654666779192851	10464.469202825241
-563.3359752873312	0.03374895553831056	0.3853374547674665	0.03802494130990213	0.040734194547407246	0.1163011418848285	0.045117080104477764	0.056026931421487916	10488.60125028794
-563.5139242287497	0.03357681596283875	0.39042488827211524	0.038214379658556855	0.08052613878805391	0.08437907990927601	0.060960750022731575	0.05571760484762705	10492.902040469437
-564.9453382821185	0.0348558546273984	0.37304615085988635	0.041768786771525776	0.4787987234089909	0.013375788920845113	1.4762009074249753e-05	0.05499316015995404	10562.200764780831
-565.599712586168	0.03409565452957292	0.4087234143699453	0.03858274603426705	0.06419473388715738	0.10695815144078001	0.09862425339475042	0.05612750534649861	10479.64797282863
-561.6342488607695	0.033456812377184834	0.371109237165238	0.038192398910920806	0.11248710610173134	0.08163135743259818	0.00787571707609452	0.05576018421909142	10505.636009092368
-561.3144453663776	0.03269206810509003	0.36484787061770735	0.03736863487622256	0.07182508931817244	0.05603300900742849	1e-05	0.05558248046928165	10506.4397895413
-561.9019736826367	0.03290192778730593	0.3713116285704332	0.03803181270416815	0.1333190615895401	0.02663187279362314	0.015169963945826911	0.055643565674074	10510.597724584897
-561.434634353113	0.03344540542831643	0.368481613922573	0.03812739693535627	0.10629428283544264	0.08547688579056108	1e-05	0.05570265981692304	10506.001856244378
-564.0797574146884	0.0340066433708143	0.39400599395668123	0.03859723948038429	0.10379017545206438	0.10827050323160058	0.06823412007940173	0.05559241715980549	10495.79035364682
-563.4843734912673	0.03462305705369147	0.3942494421045415	0.039877342786308556	0.19892113579655124	0.08023964530822184	0.0558401211250638	0.05591336395898063	10501.386328530596
-564.3647342760528	0.03437907423533948	0.3992930419702604	0.039229908775369034	0.14669456403831832	0.10173373773581193	0.07573770764438784	0.05594102925143229	10496.47784681133
-562.9790755117316	0.03344038682758603	0.3848353487774541	0.037952996060211394	0.060024379882977937	0.08864629600113576	0.04659958594002609	0.05596462255748174	10491.636728897269
-562.7064016852721	0.03431627597424486	0.3846912997909714	0.03928244051172249	0.16634568942583455	0.09416222911399132	0.03611051733002536	0.05563619561955543	10504.3033998934
-563.3305534690542	0.033028165622276784	0.3876254938934729	0.03778546033913813	0.059470992773104574	0.04834317262236137	0.05848286193975908	0.055404922488538684	10492.129419563633
-562.8460229519604	0.03470705171074365	0.3842207557599572	0.04000376701762047	0.23867542886118442	0.09340390211697674	0.03263452433610472	0.055273670859091475	10516.22003271127
-562.5952520042346	0.03352078564230134	0.3762843764216937	0.037792939330382185	0.053632457207199676	0.11771316021771537	0.023825568882850482	0.05580735632636227	10495.520517815765
-562.4857700188977	0.0333261065087306	0.3792638578168266	0.038124841836566	0.1112571567817133	0.07089562823606911	0.03562665628014226	0.05537097778654452	10504.582690511477
-584.2334662310436	0.037652225701941086	0.5300803155998772	0.04247273493870423	0.001033893345256191	0.11493303201469077	0.2503800144118826	0.05601822580120308	10384.829653835503
-563.0773047917273	0.033746948251367065	0.388535734943878	0.038593854390987614	0.10198995757372141	0.0698942619240298	0.05171523080838228	0.05585614824204973	10494.50980603358
-562.4895618043126	0.03299708487193297	0.37641181529726897	0.0379929086717871	0.1367060629255025	0.04791708433808704	0.034266520976588694	0.0554641713836217	10512.954038345424
-561.7151379593827	0.03373216645903797	0.37271304091904994	0.03865397190436581	0.151519791639491	0.08019032933947952	0.008977540313415678	0.05577639310815165	10509.51806266993
-561.4371859472012	0.03314461155760116	0.3667340721655905	0.037685549895320275	0.07908132474615166	0.08586788082472721	1e-05	0.05570491973297254	10504.845136073496
-562.0679181812473	0.03277811790767117	0.3736507093292539	0.03762680904936445	0.08504556084456397	0.0407255721554403	0.02455222131077564	0.05576018247605747	10503.803908773649
-562.6773508667062	0.03303460517237583	0.3800872261364331	0.03792836339574849	0.09370733652401185	0.044594723460623605	0.041717950420593924	0.055683647236948366	10503.99300379462
-562.6719427528437	0.03260867621883108	0.37892338109227214	0.03734032165622136	0.054095322356975846	0.039549365467847555	0.04198576476643569	0.05577544892609552	10498.056498207918
-563.7755074188183	0.03350506198628939	0.3947346084911466	0.03841051140332472	0.08994880880738472	0.052685193757626377	0.06876218830685017	0.055927537256113706	10489.064482765716
-561.3948779743162	0.03335302503261161	0.3677146670602355	0.0382390537216096	0.1358954878719587	0.06988878629115333	1e-05	0.05564754611934002	10512.11985246641
-563.9049770135539	0.033193433239306666	0.3929476432313607	0.03784840856843925	0.05503486822292526	0.06389925970710378	0.07166773518738202	0.05601093557485874	10489.937783012043
-561.4284441457039	0.03180649406253623	0.3609712490801399	0.03654961840611102	0.03487976851115798	0.010198239913621628	1e-05	0.05569386430055387	10506.079000634605
-561.3588033996084	0.033096953436899446	0.36705428806327767	0.03802592809732329	0.12355508245290642	0.05314439125114159	1e-05	0.05566561875875067	10510.400379528643
-561.7923569038339	0.0330166116722801	0.3716394824924154	0.03781204473570665	0.095083116243941	0.057095916709281345	0.015478611468203106	0.055111668813437605	10504.939326373991
-563.7675311543132	0.03300524261786072	0.3910593457542454	0.037913149902596574	0.08031759504741048	0.03661219449289953	0.06811322204200057	0.05584180963730307	10493.9627653293
-563.5777702617083	0.03470186716719581	0.38543912356966115	0.039163428354475394	0.1311201573658081	0.14629033338818948	0.03451692068424718	0.05566447786539906	10497.350982301377
-565.3153379566454	0.03506067952590586	0.41351339472518395	0.04025765107025145	0.17720690429607175	0.0881597756879202	0.09460395939588356	0.05690445817939549	10484.263116855818
-562.0009683396356	0.03469326637734148	0.3806349009926159	0.03961930573815303	0.1506192400838509	0.10002266612140219	0.01174625501895334	0.0561102361245492	10495.443120087342
-562.2322182552512	0.033978407719100774	0.3801552676365625	0.03889139465131697	0.14361932886381568	0.08375586736394945	0.025527763179998407	0.055754524248792105	10502.340475564853
-565.0454794009289	0.0344741960265663	0.40514655665250543	0.03903439577795209	0.09466642092489651	0.11709047552726695	0.08581515088773349	0.055998838345920496	10483.301667413225
-562.1960127613434	0.03376214426347607	0.3799140501309824	0.038625211956132256	0.1151454017966256	0.07396403065268306	0.026757670436205742	0.05582795560559085	10498.99698827957
-564.4537405324163	0.03321584352936967	0.39365428361081467	0.03740524461317985	0.029158723638317965	0.10950285432010005	0.07072430820108255	0.05739878857867499	10480.362416292926
-562.243943559053	0.03247716099976946	0.37257841520429	0.03698603435961455	0.03428234765390607	0.05833726432971247	0.029571340291104302	0.055545739199227846	10501.928303925299
-564.4545549879825	0.034290617853045643	0.4017458012321168	0.03905715396407006	0.11437082554036455	0.09717707866879337	0.07931148877343812	0.05603148916399741	10488.01914500966
-565.22069546799	0.034780799757200206	0.40680341054137237	0.03964555164486545	0.15732103356997434	0.11272350071853103	0.08993787525633914	0.05620243186968184	10493.671573779908
-564.6418465378135	0.03426986324766261	0.4030411566671762	0.03967117942755189	0.1867468900239248	0.04915327419935525	0.08189655434496024	0.05593435411061273	10497.245341327742
-563.3796105574211	0.03367226263178044	0.39020052190665266	0.038869536828101764	0.15287635928242024	0.04521092250713028	0.056657260159770864	0.05584823997456731	10500.429424014445
-563.2566714555619	0.033094652030351474	0.386371016947718	0.03758708218675697	0.036359089509929526	0.07433419955252038	0.05551342226116312	0.055994557754901406	10489.822163843386
-562.5025981048757	0.03329743753284383	0.37976894223740665	0.03837783142246565	0.13739609217437757	0.04462492046385544	0.034980935361039016	0.05569453891473158	10506.266799278852
-561.8366700089432	0.034535482747543235	0.37311466011835737	0.03949946996844436	0.19671559676714828	0.11120955750904846	1e-05	0.055552338115750624	10513.532673399375
-579.0714856195332	0.041312761089991885	0.40853422939532186	0.050700126430678207	0.9580252963813205	0.19385810000346348	0.0531857144671801	0.05430830726048901	10630.160234743982
-561.8938520343678	0.03314107744504391	0.3740315790919847	0.0381370194577068	0.11588110512982239	0.04322008552225532	0.017912149708274063	0.05596209372238058	10503.981325320368
-562.1289574882533	0.03370875409797818	0.3807473653661119	0.03827403731492059	0.05421034501920026	0.08370517694632398	0.019039059384164253	0.056845043644676345	10478.691785665435
-561.4933190848543	0.03349758908916825	0.3704568987716038	0.038588127122592526	0.13876985633088543	0.04840256122531534	0.0009583973493129639	0.05469133583748229	10506.810984506947
-564.1104485483436	0.034324035424105365	0.39157039350333034	0.03872360262365594	0.09798348886915792	0.13410881412399336	0.057344683365280154	0.055954852725763525	10493.471969181535
-563.6859525483493	0.033919272551904786	0.3929569971656485	0.0386048036428616	0.10251068548697158	0.09415463707083406	0.0632036415499017	0.05606802435080827	10493.111035224634
-563.7548143233743	0.034079651634800055	0.39710684267904844	0.03897619289183213	0.1100063411343843	0.0746696949777854	0.06718940487238577	0.05604171635110183	10487.65691665319
-563.3297099648089	0.03290204159560825	0.3874098312769423	0.03761685647389077	0.05271861868886087	0.04805630165438247	0.05882318327390093	0.05601230991382012	10490.699868131727
-564.7032388037271	0.03374673430651922	0.3976678512976563	0.03806983726070221	0.04551795956801156	0.11299511108200035	0.07893219016501059	0.05576274392013291	10485.857871195034
-561.8373022955545	0.03315241881186519	0.3703367704239033	0.037706653310330344	0.08293378395887482	0.08505443967967824	0.013793237178149072	0.05522363658640737	10506.54653231062
-564.64012807687	0.034914803080145045	0.3950683070439027	0.03925192574858518	0.09880325576433739	0.1522740783757798	0.05670852072422917	0.05609544292748139	10487.346264398602
-561.4607957960413	0.03308702106772953	0.3662878687323261	0.037580055903152096	0.07160153634002028	0.08823430711361023	1e-05	0.055644214693854735	10504.7153826434
-564.8320156089821	0.033599621804805614	0.40025062060067923	0.03790276609078675	0.021381009415788098	0.10314270718263903	0.0836942655940374	0.056383265548206156	10478.990371885264
-563.1640768735606	0.03303483288629095	0.3863095884050763	0.037941518601311355	0.08353740068070786	0.038424193934602044	0.054021005598170704	0.05556764306299068	10494.866744651104
-561.7431466593616	0.03361884462030493	0.3731269349440027	0.03873161273622423	0.16402881448837447	0.05917500847928046	0.010142122273245196	0.05579842409224102	10510.524276334689
-565.775902630706	0.03486837251073626	0.41411757447117475	0.04017562833266302	0.2000910773449273	0.08023417759328691	0.10235658502339828	0.055717117859272754	10492.204571793653
-561.5525833857928	0.0333118495453121	0.3668557343233621	0.03781950141426281	0.09391304624545381	0.09804806608960759	1e-05	0.05577611759714404	10507.489035691571
-561.653780920895	0.03426823130500277	0.3723755181078088	0.039415772828878114	0.20601468875394344	0.08703024501285347	1e-05	0.05563873107753331	10515.21299346159
-561.5291819449955	0.033858867925665045	0.3703187592506947	0.038959505756771234	0.1839704152902777	0.07456358037724459	1e-05	0.055539128087841415	10515.250192495561
-561.7140282978928	0.03307367540283794	0.3658809537321183	0.0373227064492938	0.03911519435313919	0.10550706093970784	1e-05	0.05575777078875939	10501.006068797707
-561.6084453304966	0.03301051994303333	0.36882586678471985	0.03790878896545561	0.1253708353334697	0.055410178022097197	0.008482025537095806	0.055813307398044874	10511.294383769227
-561.3551199804596	0.03290299143433091	0.3657759351479563	0.03749100944084604	0.07081539201191557	0.07192406526993109	1e-05	0.05566943569126495	10504.93608100545
-569.437603884747	0.035687779074249026	0.44246709218824537	0.04011320015756991	0.06122237257878723	0.1425194823346488	0.14347589629978005	0.0569424728755561	10447.903528318227
-561.4829468056955	0.03347491049878238	0.36838939750744604	0.03810843649672318	0.1044827225087227	0.0914759525446445	1e-05	0.05576835625617377	10506.159863960553
-563.4462124504879	0.03471312562596982	0.38577796579725165	0.039066848751807805	0.09443642302367533	0.14290531020322592	0.031881534033007836	0.05629701230387133	10489.178600972107
-572.4923009339732	0.04030449726936503	0.39094558872381185	0.048507929495168925	0.8056345645778161	0.19170172528683596	0.0004399233485309345	0.05490551113009063	10604.301036541132
-569.3237047158545	0.03481629021783416	0.43640075826223235	0.039141225426474725	0.0260995199720473	0.12501155921322482	0.14682867915459497	0.05685498379138509	10458.169673896415
-561.9279470473991	0.0332000849350458	0.3738400346053119	0.037968614475284324	0.09899494355822597	0.06696279378351452	0.019883409156131755	0.055568520754098676	10504.187106243047
-561.4403083402738	0.033427818598222706	0.3681126822982418	0.038323380051036395	0.14631318485063322	0.07452370990712759	1.1305931780393912e-05	0.056023862322760576	10512.546253806897
-562.3921956344193	0.03382207045248111	0.37896616171043285	0.03867396964900721	0.1464878144133169	0.08920589342651251	0.02895917811244588	0.055348069815076104	10508.222789332141
-561.3526719573626	0.032643027620173314	0.364500805969216	0.037152179102106386	0.049099610214354966	0.06761895478752038	1e-05	0.05581976308530857	10503.527772456931
-562.849416625524	0.03445738461554484	0.3865240964175597	0.03968375850122765	0.20300487598010464	0.0812635044911416	0.0389089173649073	0.055788023442832076	10507.909711632612
-564.132926491844	0.03484305392577943	0.3936262217901058	0.03953807198548249	0.1649895729150939	0.13603146885209497	0.056643124202173704	0.05564937582018567	10499.784388116668
-563.2460624923244	0.033256367613212906	0.3870906524239414	0.03805180289453102	0.09213659417772598	0.06185399306207109	0.056540554321703705	0.05569780965101963	10497.655121070124
-562.2444939126353	0.03480718084028689	0.37492575260444116	0.0402405198656905	0.28063989564709724	0.09719454419421214	0.005312690620837256	0.05538700104298145	10527.632917505347
-566.0099550925902	0.03436313632751189	0.41528948734336624	0.03953950965505311	0.1522428575191212	0.06464822750927948	0.10900464981209199	0.056536727659704064	10486.07426315575
-561.4536582152874	0.03326197976786498	0.3672445998492472	0.03783341063553383	0.08804747947637039	0.08821781095248336	1e-05	0.05566480337996373	10505.606371963095
-561.5807764158975	0.03407100616103225	0.37126207022274527	0.03908643140405983	0.1816677866917062	0.08873341985662328	1e-05	0.05563037287783633	10513.51239339026
-565.4527735516738	0.03401434440521703	0.4095766264352765	0.03871382720085818	0.08382146008129412	0.08733123319462492	0.09987538937005326	0.05621160239205761	10480.557275268218
-562.9769329826925	0.0338943226606842	0.3888050398674998	0.03873635289688233	0.12204826994146473	0.08192994143128636	0.046687445220987916	0.056537353817960705	10491.179836276233
-561.3523787434572	0.03225581661700138	0.36099950762603905	0.036969768727026495	0.07756476655566515	0.04356631275796772	3.3899743605291744e-05	0.05503510478450106	10515.950671523962
-564.4034495546824	0.034424093502462484	0.4029575071661922	0.039381970308131176	0.13558100477587773	0.08503115190919215	0.07962756637645062	0.0561418445918271	10489.011945269394
-564.4820938524103	0.03523951906638522	0.4024923843457983	0.040247959513282416	0.19490020646455275	0.1205379865551959	0.07098364151678799	0.05624874620573226	10495.324244747884
-562.7714192660103	0.03475841921485357	0.38394207785441015	0.039937396679001515	0.22595904763166907	0.10286874661247981	0.03036265830554049	0.05555344824845941	10513.219503762573
-566.8283873216118	0.03606424011482451	0.43337175322258414	0.040803374618616085	0.09646225632560271	0.12625182538324806	0.10924935346757272	0.05708667808161622	10439.937851250606
-563.2370975608536	0.03307420016640835	0.3863638230146497	0.037685356616795215	0.054090988315095304	0.06661905352830781	0.05620540289413892	0.05594308512698987	10492.901512066981
-562.9808183847547	0.03362046815870236	0.38570348602763843	0.0385224466018068	0.12646760724190584	0.07071508627047092	0.04860885971259811	0.05597498678239365	10501.954960096786
-563.5789084228005	0.033397779271450524	0.391612101719534	0.03821412048094842	0.08999396330089678	0.06131417262491748	0.06445607112528717	0.056063061447010495	10492.739539282642
-564.6321107840649	0.03316108045492889	0.3999961835497206	0.037820900268261834	0.03776412681025373	0.056069102662371625	0.08637834191100306	0.05647019269332788	10481.842593375311
-561.6190209608612	0.03395615605737677	0.3707430169638644	0.0387105174815413	0.1437338035161196	0.10214553173819366	1e-05	0.05567882374442244	10508.184146280355
