-8058.606043518887	0.06468763826240559	0.21473980383862917	1.33168192637863	0.24113989273424438	0.11901248986351012	0.07210536558730825	28209.619809281536
-8059.4261751972335	0.07210279009285672	0.23634009270347847	1.2006691146814064	0.2541124850180528	0.12924117926588696	0.07238831578346083	25761.37943672015
-8059.926278329257	0.07514415381936519	0.2457727138165814	1.1413710645114563	0.2588720583284915	0.13309132528268752	0.07241238042205385	24865.020027610786
-8062.267936034042	0.09146172341437457	0.2899365329244553	0.9517044250006139	0.28239402754270565	0.15363349532207501	0.07355404560526421	21260.752477317095
-8058.796663757427	0.06673158690265926	0.2199527278744534	1.2968176449485807	0.24489944222278906	0.12164401085024713	0.07219126263874161	27546.816784058527
-8060.252572148353	0.07966729789636197	0.25556306568482806	1.1060651016369991	0.2666515211502682	0.13904879178953997	0.07269465052447473	23867.744601009057
-8061.871763389733	0.08958573138141811	0.2844026585526927	0.9760244112254158	0.28019347611883594	0.15151915022595966	0.07336553212485274	21632.599498559826
-8060.486031835851	0.08067897403176112	0.25971422573927155	1.0830038792458772	0.26794091238059725	0.14051750059009274	0.07280563787760136	23548.94074507275
-8059.791877955729	0.0749100319853198	0.2440191546806202	1.1550759378347246	0.2588084248215463	0.13281552836557078	0.07247042210216312	24995.690112478933
-8062.577432057762	0.09797279239663019	0.29946915504712424	0.942249166439069	0.2930918270473969	0.1617433544956002	0.07476062968595276	20444.761184833813
-8060.006462706837	0.07873654648731358	0.2503508504862661	1.1345082471398042	0.2658515892301463	0.13754494969206985	0.07308011113847873	24261.38504225404
-8059.426876863935	0.07265309867469584	0.2365838253229754	1.2012813743069366	0.2554569139968804	0.12985928375560002	0.07274562295151402	25701.63373855766
-8060.808839715981	0.0837539626200663	0.2656917413738562	1.0544946580113845	0.2728913948450752	0.14382641244113353	0.0733725639206919	22994.746414443118
-8059.133672626637	0.07022180541825289	0.2291770601833266	1.242911490953123	0.25126881011726093	0.1264416846911547	0.07226890082292607	26463.286013114972
-8059.259683374677	0.07166939097308628	0.23271585628491087	1.2254186122740076	0.25396161229684644	0.12838700083746862	0.07253685716172428	26066.475640452078
-8058.15592228268	0.05955321118127324	0.20095879921315515	1.4271318612223398	0.23076810914733878	0.11177833669028302	0.07166763877361997	30088.753420591216
-8059.884351046239	0.07679856990716119	0.24766332230490068	1.1450833238348297	0.2623647344349072	0.13541457316807423	0.0727458168457356	24592.476652629815
-8058.573675480471	0.06350836764024585	0.21313973315422158	1.3368162611266503	0.23843002914498287	0.11750816999974384	0.07171169607106939	28475.727874255936
-8061.907564436621	0.08964163098239325	0.28385548782034914	0.9736624492093358	0.28026586822599747	0.15116492220715363	0.07348047073965783	21663.0790456488
-8060.414743909716	0.07979906902793127	0.2572310732167386	1.0897238978448915	0.2665121088097326	0.1390774013791735	0.0727524617712514	23771.42531517601
-8058.781478213238	0.06658246720573799	0.22092725917971745	1.3027042076755169	0.2446731604738361	0.12227093294412361	0.0719663606191803	27460.86575073732
-8059.102361099525	0.07133921097407561	0.22569910453311504	1.2811831605368182	0.2546352846711979	0.12727001352794481	0.072883560049154	26617.132383701868
-8059.513351701376	0.07284940716754852	0.2383686455760955	1.1890115122764586	0.25545179482921004	0.13027588337201376	0.07234820729527151	25553.315476388965
-8058.3601713996195	0.06257820385547672	0.207405887939218	1.3888491512164671	0.23724790983016913	0.11587311388452395	0.07174819696395543	29099.23637567052
-8061.038627874603	0.08565260735140215	0.27112259715589865	1.0359397014408842	0.27556355704465063	0.14654318175720185	0.07339641135412313	22555.449376630433
-8061.695520680275	0.09015466480938304	0.28225320066918086	0.9880007952342327	0.2819886450299415	0.15177612580979702	0.07375052111074788	21709.477146479934
-8060.3696118956495	0.08085582961797896	0.2575661892341044	1.0945262439608892	0.2687464854148176	0.14028562057821103	0.0730550424600528	23666.294184694285
-8062.377844854475	0.09197058942825657	0.2894969046150154	0.9458331606294929	0.2831313816034	0.1534507272622818	0.07366963761196213	21260.448155296188
-8060.157093874181	0.07879354104301346	0.25256334119314483	1.1152416866851105	0.2653844208967051	0.13760734393695284	0.07297776986222183	24128.146824034426
-8061.553831625364	0.087812946646305	0.2790707578214992	0.9971585795961485	0.2779859207795791	0.14923618065785266	0.07350364750556596	22010.67874807238
-8059.2109634294175	0.07187604915099985	0.2315975612240356	1.2390534551871966	0.25481963885892006	0.12868756817577753	0.07269845275005027	26124.930773293054
-8057.736764913388	0.05386218669734038	0.186477420990757	1.5419304226334092	0.2184604212811665	0.10384268614700953	0.07122746996846287	32430.55092736249
-8059.835658507051	0.07589695242464253	0.24575056736739515	1.1499301222781604	0.2606057702769205	0.13407008029255732	0.07255488942895601	24792.601817109055
-8061.12511814784	0.08565160158730682	0.27185398100981095	1.0285914672511878	0.27535083401942867	0.14644176441862145	0.07327730215396826	22523.9246951748
-8058.612625867526	0.06426677140461505	0.21443157710786184	1.3291722433141777	0.2399941072379928	0.11840231633774553	0.07180242270659636	28278.0344533311
-8060.971694601789	0.08495452592601241	0.26912894148546535	1.0409458769472584	0.27460647092003965	0.14544002830754615	0.07325723672191427	22720.91309316026
-8063.14037965507	0.09551958292599076	0.30177508630907235	0.9049864948743833	0.2871500393586748	0.15828090625261146	0.07395759286556085	20511.74078769437
-8058.737832942239	0.06631210353883589	0.21883660376756076	1.3084361648331613	0.2442771942587923	0.12127919293137189	0.07232160050854484	27681.506889110016
-8061.139580439888	0.08665618828834266	0.2723921833679941	1.0284740416506002	0.27732885593244977	0.14741422412164254	0.07377107704764667	22432.451021350786
-8061.509855742666	0.08627109023545351	0.2758227290471952	1.0018397334158224	0.27521717904752135	0.14700740633166712	0.07284316007624846	22274.88146931996
-8063.008169033103	0.0969504228658475	0.30197178515554385	0.9106252089507858	0.28976838045783293	0.159812590721168	0.07434124006445123	20414.20494076183
-8060.122565251518	0.07931551647024151	0.2523163853318894	1.1206630457165072	0.26667729664634865	0.1381351495818796	0.07308783685458385	24106.215826997504
-8063.277228648409	0.10041507485868814	0.3074827403529914	0.8991351900520691	0.2949981448836928	0.16375527257102393	0.0749465322117669	20000.420119503284
-8062.480420002858	0.09394149192283346	0.29468534340784447	0.9389454182300387	0.28603046445571884	0.15653585623050875	0.07386405782437157	20895.105076536835
-8059.239641292766	0.07052700146064425	0.23145559689431952	1.2261265288533827	0.2514975421835263	0.1269887120603753	0.07218929755239353	26265.887763469324
-8058.47711274653	0.063236686306757	0.2112045196777045	1.3564748148766481	0.23821255510626854	0.11709746947983472	0.07191490290750262	28676.822144517857
-8058.119127386203	0.05869004820768941	0.19939975430035534	1.4356205118226324	0.2288570312503634	0.11066583128850824	0.07146093897992493	30356.828551111677
-8059.626556197127	0.07435847930330383	0.23506508385516223	1.1898858328399808	0.2587943742163248	0.12986184154905003	0.07337849226726216	25693.58047655994
-8057.9123860939135	0.056656179014508416	0.19288871819482797	1.4909755127633855	0.224765524267114	0.1076657917906742	0.07158140772837553	31312.03455258692
-8062.853079909363	0.09748108046916541	0.2997516771837607	0.9196387330921516	0.291165410827924	0.15988164027259452	0.07435131433356451	20479.536374674546
-8058.001531938157	0.05777134045803511	0.195916542753068	1.4667345987283698	0.22712542958079435	0.10925688853220676	0.07162698829212258	30836.3908196669
-8064.3137653996555	0.10434625542970212	0.31902934214128026	0.8519223745140074	0.29814091943585175	0.16759674669123667	0.07483954442030356	19349.6422728721
-8062.434420424633	0.09263240775851	0.29327434402643315	0.9420842882554398	0.28379980230802865	0.15517355165504043	0.07354517054135622	21032.37223242713
-8058.492685961438	0.06388110058530731	0.21061028359450085	1.357859479078895	0.23979148313366194	0.11737360618083385	0.07229363282429582	28671.1932125129
-8060.176060201107	0.08064483856886684	0.25358398908330476	1.1198671530838267	0.269266329497548	0.13966702957187627	0.07340494843266197	23921.660171824795
-8059.5702673267215	0.07290788118247678	0.2379697656460638	1.182972406510011	0.2556415736533904	0.12989231254411743	0.07238120473727644	25598.86030428104
-8059.170425596847	0.0696462013968254	0.22920372782947465	1.2365843001354522	0.24968535967056724	0.12570316175563626	0.07209923118223024	26509.76950030724
-8060.629925512018	0.08220281800366763	0.26377642893312514	1.0714024052640312	0.2705695796256622	0.1428493922823011	0.07348723222476794	23201.819127089366
-8059.441455352119	0.07179328761171971	0.2355429185050176	1.1989069884620434	0.2534388114695742	0.12862953018853357	0.07209157654794758	25850.174763408155
-8059.595505701748	0.07397760965538441	0.24054597553719068	1.1787432424363138	0.25742645843041545	0.13161673996616252	0.07243303789202711	25298.66041475284
-8061.186230998827	0.0867356122623886	0.2735393726292085	1.0243153141479948	0.27715088090107415	0.14769713416304447	0.07343605201663764	22360.016273929046
-8060.260457434447	0.08078326619606097	0.25560048137657937	1.1077591418477224	0.26909573813777926	0.14005811627415746	0.07330282198241855	23787.956965157522
-8059.376027828383	0.07180175683098712	0.2349565038765098	1.207096188963795	0.25370185585855204	0.12871661243107535	0.07223418210425202	25890.243803467194
-8065.864861288974	0.10801311331301275	0.3326535271170303	0.7965995611081087	0.3003330687460006	0.1711374530352937	0.07488593709308947	18704.62073539233
-8059.384939595647	0.07253951606008083	0.23602158607666254	1.2071359113517286	0.2553317227668739	0.12980007173183264	0.07253270194916038	25744.958898261128
-8062.9643768115375	0.0996450562493578	0.30492577840223306	0.9180799254451663	0.2945763832191068	0.1634977719123131	0.0748739770336081	20130.856458033533
-8059.709375555155	0.07560466262043583	0.24338159950919694	1.1660951117446428	0.26056147751261155	0.1335536315214273	0.07288938104875926	24975.742088756797
-8061.253827672073	0.08668813842484331	0.2744573658645447	1.0188319698316688	0.2768818692150405	0.14775136501926883	0.07344359161080058	22318.22941166614
-8806.87055950084	3.353444924371967	0.07039900022898278	0.07510624796759068	0.013313733094808287	0.2693178164878036	0.13204412897526338	8969.3490210379
-8059.693167199827	0.07489209094749416	0.24239121047113615	1.1668492416318368	0.259019226421244	0.132577391921656	0.07255921347288351	25100.836811338726
-8060.516280156029	0.08177775193062677	0.261010345662318	1.0805126826178502	0.2700320572058183	0.14175647758822915	0.07309298322262359	23393.913047843143
-8060.370703777172	0.08107859133023991	0.2583608347145877	1.0951655117520214	0.2691722715601318	0.14083983952329887	0.07308934060296535	23597.174890938095
-8061.846716750018	0.0919863064136114	0.28625564412971916	0.9796922818911985	0.28480129570164275	0.1543122173940415	0.07417245229916641	21396.255487407983
-8058.99495244156	0.06899598575384819	0.22548935814933757	1.2648678249863798	0.24919183352311658	0.12469197129339583	0.07239368425467749	26871.837221803875
-8059.221616986036	0.07126443638464669	0.23105940100810324	1.231323834773142	0.25333866572804004	0.12764001414065312	0.0726849053755861	26232.487260759433
-8059.468119200811	0.07271072503173073	0.23722861001316736	1.1948364362572303	0.2553424628524181	0.12991718383164635	0.07242778488465175	25648.31878145559
-8063.214457030072	0.09820257476040993	0.3051334383009427	0.900326076586444	0.29124387492242426	0.16126097207415577	0.074349322302803	20212.62058163499
-8062.729204339974	0.09613178807301828	0.2991310406092038	0.9257186172062606	0.2890747727875872	0.15906362518621311	0.074010768221288	20573.690474089446
-8057.687016466234	0.053639277410608116	0.1848702374500722	1.5582324800309282	0.21811482141332758	0.10335251980722457	0.07138075763030179	32654.84769499971
-8061.973771584621	0.0858625839023802	0.28033666934282037	0.9776236608034089	0.2734810949072724	0.14716025556242027	0.07269227904836882	22080.287867161212
-8062.4216543025295	0.09462297375132091	0.29363271234030375	0.943072085840148	0.2871423829444402	0.15667730014282744	0.07414198484654036	20898.205320594265
-8065.161951680387	0.10573055585070532	0.32855427804356163	0.8196446855798032	0.2982647724464068	0.1698026233454937	0.07509393941208015	18943.85098026725
-8060.464412341522	0.08126147824001292	0.25894076201019156	1.0851588797733753	0.2691487966037061	0.14067819560223122	0.07304006019340825	23555.258930383497
-8067.004565660565	0.11469679190731147	0.3468246726960879	0.7621125160702448	0.30727911138997266	0.17819574286762124	0.07574692756270952	17938.220757569652
-8062.688718383217	0.0963249544540104	0.2997407945635067	0.9288200781633549	0.2896510287459152	0.15978853005465862	0.07446350531720532	20532.370421165353
-8202.873971241983	0.13290319496434094	0.5565620836090341	0.09706751358168676	0.25617753257298936	0.17483209943709832	0.07507163065318129	13472.125115069208
-8058.6570732954915	0.06494646219501705	0.21634687591185353	1.3211652307254425	0.24143069090431066	0.11953469095793391	0.07197920260856347	28036.860721200686
-8060.722304568767	0.08256038387206363	0.2639358963851787	1.0615397167009626	0.2708064833744503	0.1425658943218756	0.07306431982528798	23173.984417775522
-8059.914085274498	0.07656798881696474	0.2476521319149794	1.1410695460674314	0.2617186002338098	0.13500867617374968	0.07268145853821889	24613.665190709486
-8072.15939370677	0.11563569043332163	0.3786378144333803	0.6602430624659076	0.29905168982232705	0.18038513257722202	0.07483068316753669	16998.06821465774
-8059.914136365701	0.07632201538776352	0.24738567865860336	1.1409726363265178	0.26118985706958997	0.1346796246925533	0.07258476962832945	24651.526664725363
-8058.526968826119	0.06331614517612565	0.2119934593350097	1.345705803776366	0.23814542817679335	0.11712703551905379	0.07175884043026934	28599.323078382327
-8058.731375100648	0.066347740047727	0.2187241278346269	1.3103197062693817	0.24435963162309177	0.1213951011496094	0.07226523026090242	27678.1373008543
-8063.454545043252	0.09899013889152981	0.30723603684249623	0.8888938410335576	0.29197022603753164	0.16184824028858688	0.07440771437811161	20090.25285464294
-9351.47724242867	0.026714789506291293	1.215815855342901	0.0536183671157303	0.029690957065124594	0.15465740725698518	0.07853694060260463	10397.207971115682
-8058.686218610051	0.06338925503751039	0.21400932677472717	1.3206996102960074	0.23784126588448964	0.11723214164305178	0.07166880756176043	28421.811510334846
-8057.965288402145	0.056897809201134394	0.1941856954070312	1.476034413337458	0.22507691272873256	0.10798067372249043	0.07118658848606585	31139.75796237248
-8060.715594905994	0.08188822067290048	0.2627933625066137	1.0625990454837433	0.26957679221217057	0.14160596492760044	0.07288596028364891	23292.699215632834
-8059.563833776084	0.07408624787978353	0.2404993225538445	1.1837039277821866	0.257879117158384	0.13193234260633013	0.07254529337289542	25292.554684991224
-8063.730650828601	0.09979160672121418	0.31167487898217006	0.8767812093472636	0.2927691302779246	0.1632111329117654	0.07447784567767492	19881.867386048285
