# /Users/oliviafernflores/opt/anaconda3/bin/dadi-cli InferDM --fs IRA_FRA_syn_unfolded.fs --model split_mig --lbounds 1e-3 1e-3 1e-3 1e-3 1e-3 --ubounds 10 10 1 15 0.5 --output-prefix demog_split_mig --force-convergence 1
# Log(likelihood)	nu1	nu2	T	m	misid	theta
-13155.916331882447	0.0092594190864625	0.0934069210942206	0.003924837463288339	0.17220515204386366	0.013076600450391359	39390.33918781652
-1691.8201852406382	0.3036690221123665	2.725719843645016	0.22590314199883468	0.8634240110062574	0.11176860823671059	27916.752311037766
-11060.774151523603	0.033980613577144006	0.22538494351018137	0.015160501551988299	0.056321996805973024	0.10725803194042077	39259.010355810366
-4714.0745703140565	0.30046026884312355	1.3274173962651048	0.13935976050171167	0.30559713901509	0.05282867211805922	30986.72377142089
-1883.2957367580807	0.36330654709542726	3.2980702317952297	0.23051901061562757	0.4811171124080633	0.10447782103599837	26765.76525481539
-1694.631028450563	0.3075569316358765	2.8972014537431656	0.21288124480880144	0.7209998387824266	0.11251911563200692	27968.255905740283
-12086.023493240868	0.024618967304304247	0.19767277181730236	0.010545768780389733	0.13555781194075958	0.01692459934861752	39133.32991197807
-2856.193864471602	0.25924002543049607	1.4440759847471827	0.1620107862856614	0.9257054632389741	0.09236424355668969	31095.234704815408
-1687.703932196354	0.29877741163198673	3.009643058614129	0.2128320536018959	0.8100924876764097	0.11018841299495018	28015.567236350103
-2028.3278803472504	0.2744819723427741	2.109303522622656	0.19464069050202118	0.9122662370174698	0.13130225197132225	29413.09758374207
-12037.734079634745	0.01586646719599058	0.13872928867762313	0.006646547786399179	0.23015238285461032	0.040070516821456785	39274.97314337921
-2580.892179059224	0.2603759780603793	1.6352828238856911	0.15359218413332118	0.6540993412288078	0.10087525361272878	30852.864118133788
-2184.9632247750274	0.2753326864417867	1.7531569746050588	0.19491634113218304	0.9282497349039117	0.10451144436545538	29865.85974233437
-1701.4419521564594	0.31519595873458023	2.667608257205455	0.23850143343951347	0.8558610468344539	0.11564059774043553	27600.484516495828
-1827.4162738100658	0.2959348473172135	2.161934484349345	0.23196169934915326	0.96608226497219	0.11555664907292708	28468.898626695624
-11662.496453834061	0.02058161291605093	0.16530435928563117	0.008808856527035834	0.02505412829935194	0.04701922557245018	39301.961522724545
-1711.3260123376872	0.32454322647346706	2.719424791488562	0.2574688856195938	0.8779702905762391	0.11391636878000219	27131.83867295761
-12541.714114278475	0.01323636172753903	0.11032285281702688	0.005557022208322048	0.04819058995190407	0.02978569209867489	39474.34101942134
-10677.941842424914	0.043048059107724544	0.287252914360936	0.019066953217253026	0.1815312008897417	0.03419071464365897	38826.52130172035
-3410.164946216504	0.2882929491292303	1.4405079267856233	0.1630747704906345	0.3558606705052152	0.08530105518499172	30611.671586590393
-12664.187636211405	0.011727953719821816	0.10720948266779164	0.004949204437521844	0.3635377249718047	0.02531822328992666	39413.316593979296
-11349.040590988992	0.026013906320845416	0.22102038101947385	0.011203616516942305	0.326337775464121	0.03597136713860613	38998.6444985911
-12698.326349775045	0.016092368295426922	0.14689660713350255	0.006887231380827143	0.08388775590884968	0.012949041883403751	39283.21941998301
-1897.8819071551522	0.31294666038524516	2.369906475583247	0.26676579545261436	0.9663381888799788	0.09171212789651315	27473.854941083326
-1773.4162749826241	0.29860905054176845	2.333436683203979	0.25227813020708045	1.030063045224355	0.11485743227727485	27932.039545727675
-3342.6615392805315	0.24317028998688928	1.5634731616921251	0.11835198275708193	0.010476303834441052	0.09691529989080111	31705.330190396897
-3649.802498891864	0.22354234459695047	1.3045884355528639	0.12133007290346341	0.30727755669932066	0.11296498836579032	32391.48106269104
-1961.5456868101467	0.3196624117608473	2.0243833384702254	0.28469287209400485	1.0764021878766044	0.10205683035262092	27605.829414967455
-1685.2230254233173	0.31115311370467563	2.874245105160026	0.23190304689268026	0.8355439620378157	0.11293503113463732	27601.45976020597
-1774.8778620520297	0.3034685769922814	2.367500480486468	0.21748631034989913	0.8104600425298529	0.11548064241928943	28363.279460361748
-1689.7497537274276	0.30015420103661994	2.7914100038669036	0.22336859436121165	0.8687177314312469	0.11121351962813376	27957.1241667197
-1708.4320875974802	0.329346062806503	2.771924298090722	0.2490801759210483	0.8151487596141088	0.11576572387819517	27165.106568473482
-1684.8247988915314	0.30836953791776284	2.836048633452404	0.22929167879548693	0.8463191879996759	0.11287401443853654	27714.592143077567
-1690.2424411384222	0.31366267491952077	2.764334873344109	0.23141256453209685	0.8126189341364466	0.11242787340505452	27660.902888974037
-1734.961671168939	0.28146580543890676	2.9989308310922835	0.19078436510817168	0.7892333245553274	0.10589405126281662	28663.975540035175
-9583.517514217996	0.1343434605500692	0.4493218533967347	0.05640114658411436	0.2505521689393614	0.048035703779086295	36890.47723380451
-1841.9160362078028	0.3081306473431824	2.132932086628349	0.2559606918784452	1.0312581420593105	0.11231047042513977	27993.01558318807
-1747.5319058121747	0.29923567269997514	2.3756728049956433	0.2342892476142871	0.9520381690501616	0.11187893720798661	28151.96397903158
-1719.8698195913364	0.3204068291209658	3.2216283407699997	0.20637587573790211	0.612160183179521	0.11072854948348303	27749.97620970545
-2130.949206668284	0.2828157558048559	1.73628581048345	0.24261926847071683	1.128408305890772	0.10862361235237855	29160.30169563968
-3159.7149518473598	0.22469846185825482	1.471511854737841	0.2740504966537615	2.1015737897071256	0.10272535785257232	30743.279319321045
-1906.7122337199332	0.2987839517177372	2.0602479278155648	0.2160394657795966	0.8517739654427839	0.10925756663885766	28787.078226306196
-1937.0712014425794	0.31483148201982714	2.0710730091376215	0.23366236103846058	0.8617396948812955	0.12277551905025325	28291.110198754537
-1708.673815490764	0.3109121947770402	3.5617571710826263	0.21148829831133906	0.6813719306598832	0.11264701250007648	27595.732460545743
-1951.3123492848476	0.317941325115256	2.0223322049359806	0.25309497005177084	1.004256034477649	0.10247198910724274	28052.564875264863
-1722.118643559898	0.29497384159374884	2.6151838159635066	0.22933196022493113	0.9465333430914463	0.10531204861747391	28067.494192710717
-12460.90771287006	0.01129562162509428	0.1055756976581055	0.004850467003139755	0.13045432989141187	0.03401097409648011	39469.67694217766
-3948.50432806302	0.20079537207556314	1.3031519456156417	0.09623771693450457	0.030829775696460397	0.11269884896400666	33050.50554664539
-2326.5649916012826	0.33202070186333527	2.1175863068543954	0.496101099959208	1.2871888511055267	0.12374685346297018	25148.694526394065
-4510.4577514878565	0.29387239439921115	1.336515305922594	0.15918537081236087	0.14448301426085924	0.14362564509231324	30775.085452752053
-1908.2425493318146	0.28840764157160415	2.129352654052479	0.2605070512970749	1.1901533463408542	0.10095699682267961	28237.038805531312
-11840.661749340252	0.021852970200048488	0.1711766820749399	0.009394627155741415	0.25190845278347596	0.03474036424939726	39311.22354752296
-1859.3566134546031	0.30429699306570474	3.3019613357665065	0.17606264868648988	0.3906052973685679	0.10074083424010534	28509.455527004484
-1812.1290328465934	0.29366928940810744	2.3397865202102874	0.2005013420560776	0.7603593640650348	0.10674987787697468	28801.608695705832
-5628.636948390918	0.18811705140612847	0.8460703570072121	0.08575385337687967	0.059472334725869734	0.08677754906639207	34329.29369626644
-2883.8276680172003	0.2759492645054739	1.7275292049767137	0.14282132446776633	0.2359255175937648	0.08895361545578338	30654.59100555611
-1721.1558451700594	0.29924331990618275	2.512801425535919	0.23231744389561673	0.9433396352847669	0.1107541760625515	28050.139322654475
-6854.284813877697	0.12847971628734872	0.6392123662021142	0.05819245677231205	0.33195507231041954	0.09532951020198871	36164.68911061032
-4772.585433718807	0.21835586043520339	0.8972634254505745	0.15897527344970752	1.1285413115825227	0.09912839512596842	33483.562238789884
-1763.5425522329674	0.2913119861058021	3.8976533361353103	0.18370762427813195	0.591831947420951	0.11279682206981421	28275.16510066677
-6240.831741409713	0.1311068354759369	1.101290435024154	0.06432098655109766	0.4386368536950796	0.17540183979592228	35027.66036901284
-1689.079738706926	0.3025541023336246	3.206411558145144	0.21063991882933134	0.7484619155087099	0.1104013474952448	27891.643822157916
-12769.798652276595	0.006475083116496792	0.08082381514554189	0.002719134007801351	0.10776653033656233	0.02811454167210273	39194.61684287758
-1714.611134893284	0.31950219743443686	3.5375432503327024	0.21350106346881353	0.6413723388200324	0.11272158477715635	27465.04728068719
-12023.637091614288	0.011793600787806103	0.13885409801574589	0.004869756675363253	0.07887290271082707	0.04261715536532661	38974.27457200977
-9009.775608379907	0.08050090688881686	0.5049359682497114	0.031028500969132157	0.6358405837855784	0.10071171412559184	37081.95923742954
-1689.6917953401912	0.3180260609450108	2.87757080627647	0.23562016396747087	0.7939805235615309	0.11466493799373421	27448.450938461847
-3171.4031198391967	0.2548149300353135	1.6343429598737944	0.13304863897306876	0.19400915619501283	0.0788549360381017	31221.756695261436
-1690.994007481363	0.3030209406459685	2.8475981407970328	0.23103750466796405	0.9005364534023306	0.11366692876271814	27748.47276262405
-1715.1321018020426	0.3071242140435896	2.5499597378771517	0.22948985663202437	0.8586391729543794	0.11530171539535458	27954.13525429713
-2879.7418655306533	0.2735147615963047	1.4511679895100427	0.1685308390977507	0.8061292823877586	0.08974404363845243	30769.771716381332
-1709.6016438589172	0.31265462489127227	3.147377307860376	0.2051745374388158	0.6271593396201481	0.11039267411706026	27901.001835628114
-2205.5852953595368	0.2702528990925794	1.7808192384749961	0.1881147847819698	1.0156898384079627	0.10070947185511812	30013.63328039491
-1726.5820706133568	0.31491536619123633	2.5962203029803383	0.2619893140924956	0.9620386184961182	0.11359432265616512	27297.221278838955
-3526.215601071247	0.22642379420182143	1.3437339214458048	0.14201898122436488	0.7793593222918881	0.14595379867728497	32065.39775613967
-1709.9619412997654	0.3062780852435135	2.583121352893015	0.2246520031589172	0.8463524656892323	0.11039138233956187	28017.281584377313
-5979.7433078952945	0.13342893387313495	0.7573191764366289	0.07031958319156359	0.6369036864728528	0.07483636348680636	35845.24921206002
-3717.700207453633	0.3463197860031817	1.3080738200095456	0.22211329695113202	0.9616882817140782	0.11715365995305932	29431.99293381355
-8292.318450681174	0.06329999475629915	0.5253999240009662	0.028715342137195215	0.11679710134263267	0.09626950246240908	37627.120646883435
-1959.1249620485967	0.2628598319931493	2.431991604026313	0.17064664130716434	0.7958679517713175	0.09203180056452469	29687.966127281506
-3811.7245845759176	0.2091844439429162	1.361851136785873	0.09655321924004549	0.007820993432674233	0.09541764546807402	32813.5977428768
-11662.149948478753	0.016359504736211332	0.15136728032839192	0.007079402979756283	0.11724719397862075	0.05898021648139838	39294.970476730065
-12454.240107827609	0.018637347443169052	0.13811182301907313	0.008188404953318183	0.22659546054834415	0.02561020005214279	39648.95294409145
-2717.422479056184	0.25886935895831314	1.8214909878165242	0.13548079613776348	0.272911580681782	0.11837961166078284	30908.90834319988
-10466.773926380698	0.04360768007892075	0.27776168443876637	0.01892410778084806	0.001	0.04981978439326389	38822.104638393044
-3056.6800269806336	0.30862544815427967	1.6056386224494956	0.16609446041861364	0.2967566720438497	0.09985932952859156	30021.733745552665
-1788.6972716873024	0.30323448295124233	2.9247915276691114	0.19328113516357942	0.5857025768491104	0.0982488939078806	28367.119348403747
-12115.52339669978	0.022794030786278785	0.1823020868828444	0.009870976214066145	0.08343867519038665	0.020100075078763064	39261.85759460661
-12435.39113870977	0.009412041239657595	0.12688122819430875	0.003952531649550679	0.07373462071243256	0.029242254774158902	38980.27440719287
-3183.587217232842	0.20137604709863485	1.3567865476435306	0.16623494850654078	1.741172334155592	0.08777219705578619	32394.08185342789
-1849.584647953323	0.3156304929573493	3.637893654621476	0.18158476817049107	0.3923445924866874	0.1010809975748177	28127.00766041178
-12216.090831772945	0.018882371818607194	0.16053180458192418	0.008110619768534125	0.11231976549455246	0.023537404927761952	39292.9684698396
-2664.778293029988	0.30016462353110035	2.1513693423128784	0.1437659453380407	0.020301424165704497	0.10956822462352325	29907.82744149036
-1897.3063043261845	0.31119359309066535	2.0797685317277637	0.2477051310363254	0.9278108616712721	0.12076439571924835	28124.497796189917
-2529.4129959512275	0.3290844722089459	1.9276039627928654	0.19068339422701555	0.40201484970139606	0.09234776028207753	28943.5887176103
-4207.279055840938	0.20880632865250556	0.9857422082217188	0.14577372592870788	1.1402264168275034	0.10481970997460445	33381.991468148146
-1794.0272246117825	0.28272428047630305	2.6482207748132156	0.1838783662784312	0.7623574143776629	0.1044533429831656	29004.61423558862
-12385.617780317567	0.016015748171306996	0.14892667824987946	0.006825132241680294	0.08027353427910648	0.02152040843319377	39240.352793434
-2394.9967063612335	0.27976712484266253	2.274085219791358	0.14357693911814826	0.20728159233634855	0.09192296813486793	30072.217158869385
-1760.9790205791792	0.3003339577756165	2.3624080727500156	0.2474375341842744	1.0207516407106847	0.11008715216293159	27951.166343617428
-12422.008109458988	0.014988374522009084	0.137838240489272	0.006408056647316261	0.34001790886746835	0.02391018094560304	39316.51426017002
-3215.1888051348237	0.2003330744080425	1.4427736827742819	0.16754313566458687	1.534669467445754	0.13982989093910866	32178.186443645576
-1804.0056793169374	0.2761769224829793	2.4634890603281367	0.1883976386630567	0.8481860269323066	0.10966098068816556	29153.64370358366
-2040.100088307333	0.2541895576127089	2.244140984522532	0.2183084794561228	1.3575459465820547	0.1208726086013656	29259.64097265816
-1685.5081626474855	0.30140950952716505	2.9079665499448004	0.21709638813991122	0.8223953388780801	0.11222916963332147	27969.583624601168
-6541.7360652142515	0.1591109025282691	0.7971940472047297	0.07288497659190403	0.0069604708852902455	0.15223700303764184	35047.65258632488
-2565.2491870980607	0.31643096959525896	1.568710202112877	0.2527877534110326	0.9044746247632122	0.09827355371831499	28845.909021708198
-1690.1171438071442	0.30898331949280705	2.7501641121495672	0.23362360928455386	0.8648527793342174	0.11368818630304059	27696.676504803647
-2430.051699032078	0.2755012703294437	2.0457683183732667	0.14630195855537886	0.293901982419983	0.11577120632667247	30265.868098282823
-1840.455696732653	0.3427128994469974	4.0364515363711195	0.229027169646025	0.5250153002888805	0.11448411131153564	26682.89560299183
-1702.8287506451325	0.3005116436245408	2.68832518109317	0.21655741256389363	0.8425810552199798	0.1097829415696442	28145.750771025436
-4466.308616523543	0.22256542127138176	1.1151698742961211	0.10603018562245994	0.28819317912588327	0.12836455239491268	32938.96597173882
-1774.4875268460753	0.30032205748847424	2.304655050591444	0.2394171284291109	0.9871664981541606	0.10713029639156832	28133.55525503211
-1698.277878246924	0.3032557898786337	3.0328262797430217	0.20385378693107492	0.7151958087907886	0.11343992368746438	28111.568031884886
-1687.6293039329253	0.30846722536016646	2.775997313104206	0.23131018242595766	0.8518827256014826	0.11243959948848532	27722.062047431882
-1688.2020194834386	0.3031798565974941	2.9656396200788566	0.22855012328890148	0.8753120898250655	0.11101022010556558	27705.694044100488
-2644.8099258818215	0.2539575186204578	2.1133805981318283	0.12789020044137403	0.058995997300303415	0.10309250289709582	30835.245039462257
-1734.7901774608013	0.30731744500348585	2.4565493832781624	0.2278229313975147	0.8410391415786006	0.11108632023886869	28057.749435962633
-1754.2238233823566	0.31718983025227576	2.545971707319845	0.21674065193870934	0.7157072926991194	0.10915208898555549	28038.009745851694
-13114.659794795423	0.007574095830714353	0.07174521633534234	0.0031518716745798404	0.19359941223763252	0.020540014334013885	39478.504894793434
-3770.839662197476	0.21067361295432305	1.2879563511181809	0.10993019134080263	0.249621207760155	0.08529850440942308	32767.75228645096
-11800.227426223142	0.014916387909631009	0.1494016062324965	0.006323158645249309	0.1589401437471942	0.048008609178811196	39156.17362868762
-1724.384964084396	0.3066852098873923	3.758290475606191	0.20738210900007487	0.6866244012378738	0.11271987029937057	27647.89500245126
-2238.6648038742233	0.225533980792774	2.0825379228633394	0.17036545572838527	1.2571716833294895	0.09275587773265558	30648.406302964057
-1756.548354991834	0.2861521739259872	2.5697749396974157	0.22685052015129317	1.0584782629732323	0.11105320255446666	28283.892760086317
-7311.887691485339	0.11474425563145774	0.6258158330092221	0.05111107693861763	0.10026615862158877	0.05384013829825207	36420.1859411466
-10542.419974830613	0.03343313748610734	0.25634092018193	0.014520957711180454	0.14933906818405235	0.06836026331937771	38892.05160450512
-2177.831754606391	0.23954873694216952	1.9199896105284917	0.16609622833526796	1.0199010851638726	0.10386620460295476	30637.437363886398
-1829.6766830558483	0.3278757316048373	2.3877699758863833	0.30611819158105813	1.0324935432379443	0.11211424837083488	26720.85812583663
-3941.038903623786	0.21541046598896893	1.2297160039508512	0.10696977614702241	0.15781161100584745	0.10221719740326544	32817.44327825643
-1687.5656876057521	0.30370634337906144	2.8577244790644123	0.21631037273109613	0.784968617321773	0.11256629731104228	27984.508592495666
-1742.258241760866	0.3004003976062335	2.533336316680153	0.25059876060874825	1.0405108330386112	0.11193828741752174	27732.595146148768
-1961.5533208898214	0.287663324157918	1.9367688010348425	0.2420756471551716	1.0972816158899903	0.10377775727496025	28757.075520784045
-2727.8697061783214	0.25953522120475436	2.146929127604443	0.14066558969375853	0.2597430972807341	0.07092689325801112	30492.93652343113
-12513.167891818091	0.007927946589032177	0.10063054929427111	0.0032968852858136838	0.10011809037966439	0.03285500265143198	39075.43897758003
-12180.822821070815	0.008576905948110112	0.09929398618858779	0.003594488466924067	0.09668090046543858	0.0513914960765938	39188.289378610374
-1730.8750143982331	0.31199218760826414	3.791981265322913	0.20847682654003125	0.6365815546417254	0.1112519539599727	27545.175328450165
-5807.99272441139	0.17551956287270484	0.7798712261005506	0.09375668476197029	0.7533732053457408	0.12326161398672192	34899.806489438975
-11885.605212151708	0.01771026561333536	0.16617084136981009	0.007555710311756419	0.11267160423757175	0.034608471631041575	39157.93112068297
-2011.1315234791725	0.33105306448144256	2.6020789526856056	0.18903104816827979	0.43956175151459176	0.12421540456735358	28337.467591729608
-1974.0174094239007	0.31007857988417886	3.210247896409877	0.16658664310574936	0.24405104379890002	0.11274572161059641	28690.194175866094
-1801.0364105221543	0.33082045220403283	2.469276082768701	0.27530127093527634	0.9087379663849859	0.12592061267487337	27011.368202113026
-11514.767768715657	0.02266323236161819	0.18281938228625622	0.00969119670604447	0.049746327527151225	0.04505631646163052	39201.18611710081
-9392.71948615872	0.06101210126427333	0.37239422290053337	0.028616047435789976	0.11101329738309272	0.06276573034840995	38447.78794092662
-1699.9215153787072	0.3034341240526462	2.6574098415350775	0.23236025447096606	0.9040760680558839	0.1103090859883594	27866.542577023796
-1726.0489261188459	0.2957957929415521	2.5047011368041363	0.22610062772464917	0.9245883387005155	0.10790525458666739	28204.94838448746
-6294.361506380577	0.09524372469972389	0.9330253045879258	0.043587075176190836	0.0026092408556998075	0.08063985824125199	36090.18573000914
-12215.588240403387	0.009967726809206367	0.11429458668963781	0.004185821193220262	0.11187361816938203	0.04131657249515118	39148.56197300585
-2682.8220459203294	0.29157837708635226	1.4454945108016417	0.21836480727457802	1.0528903081294767	0.09924908222028198	29913.864418088728
-1714.3751362971382	0.31029713784365676	2.5348109780462242	0.23632390016309585	0.8760778577468123	0.11278808280071591	27814.840853531525
-1685.6942691846066	0.307755683614739	3.006442725838297	0.2142620609056211	0.7442034890344262	0.11157407123610527	27874.125693773574
-1748.7809730120864	0.28214720381037894	2.570504864542162	0.2067923464085629	0.9466354388664232	0.10941828300014746	28665.24177693984
-2977.1682071426258	0.251219692827811	1.5321037102639465	0.16920294612884174	0.9100273326464815	0.14829191352160193	30962.261382930916
-1738.557635586964	0.31354779556813983	3.693680060076772	0.19949530398732346	0.5610563901906342	0.11312966510195473	27750.725296826084
-1775.5027841301944	0.287743620894295	2.4266130048444543	0.24681325576987576	1.0892076726950481	0.11294861722964888	28074.791357817176
-6525.679194675658	0.17730418254909197	1.0071212098468734	0.07232805129346341	0.2634569477442366	0.16858818204183412	34145.937195771345
-1792.8046453552051	0.3203547122951959	2.354026184988498	0.26604465146957995	0.920383872127233	0.1059247468473659	27401.39140604847
-1759.8660357098715	0.30720726814810256	2.359546801676435	0.2351160515165607	0.9153545245187672	0.10667292938687889	28045.344659844533
-1690.4908545825301	0.31239601551952945	2.7536062531646515	0.2347381079947646	0.8436946990136538	0.11401677784296765	27630.043837866488
-9636.493491539717	0.05406144834441618	0.35129247695974136	0.024133845713299094	0.031898702422718965	0.05623613669763474	38440.34374972891
-1705.1854875142449	0.30569121492280354	3.4673716951101015	0.20427033294504654	0.6780453620822122	0.11127493120582592	27846.81148053147
-3470.7134119233197	0.2538307258432683	1.5139253954826881	0.12748166522997592	0.05886037972726174	0.1196319731460634	31478.479255833565
-6247.309098654246	0.13303848606159388	0.7546089034112706	0.06215647526299446	0.03882910030372606	0.06860735751453671	35711.62443999389
-1693.3928375411379	0.31809279972759763	2.9051317239009076	0.2278008099156579	0.738139374159617	0.11150954304972639	27562.57466611524
-6940.177362775443	0.13157929290968393	0.6382073259988861	0.06025531550117863	0.0010276462661992789	0.10535382348566434	36120.6243287709
-12784.907542857176	0.009250446989416777	0.09722255736176871	0.0039168004902712635	0.18238779477885964	0.023152861178073962	39328.27657176743
-12216.313459249024	0.02607043244865239	0.1450655550344011	0.011046291607991423	0.09621413630818011	0.048967230034668116	39765.905873551375
-1683.6146136108807	0.3138993559187635	2.93023764384561	0.232129482449095	0.8101039876543371	0.11224889493072766	27526.121569781204
-1707.4380104203356	0.3100807428114897	3.4531970701589345	0.20844078256825577	0.6580611508713972	0.10909671850878526	27713.840028195864
-12331.438420003433	0.0118463978680482	0.12212629948889146	0.005072602604233852	0.06748543170589569	0.032385249815074145	39287.35708027749
-5176.149450213852	0.17768813668038222	0.8846991421062851	0.08992800114754099	0.3433805574097208	0.09485150276498878	34455.555120226134
-2535.450260332459	0.2885521225689474	2.17561804292929	0.15142828272325146	0.19685721324512298	0.08404400603498038	29882.231032168987
-2275.1135852158677	0.27014709065823017	1.7156007612671902	0.18395926328566964	0.8464823978344332	0.1088887529759643	30150.581788892898
-6222.973724197767	0.18499914235243853	0.7285214116796177	0.0931877417434696	0.4765907118631667	0.08621669527648344	34871.98396997525
-1746.676247122672	0.3272529526654961	2.7201771166733546	0.27931119508800734	0.9417101463555035	0.11425740446488702	26760.206525035122
-12537.038001541405	0.021870879550351812	0.20510799357408604	0.009502067960405395	0.23671913734181774	0.005632095153724613	39049.3444249936
-1743.9997617587994	0.3039617385080638	3.8559066749012008	0.20190506041825526	0.6561677052125247	0.11848334439442265	27754.44256567479
-1722.5049500932773	0.295003660546807	2.5285014723347237	0.23041774278773733	0.9593355141426081	0.1105745052716693	28126.337896048015
-1735.690258271357	0.3053194730970001	2.4372115337561815	0.24464181461661408	0.964976494335793	0.11348203543068766	27847.166531723804
-1739.0043145790492	0.3073102389342305	2.454347884930299	0.2473634319100869	0.9624766436303535	0.11741654849800234	27760.79604446862
-12037.407106511666	0.02311990962390848	0.16662357936652042	0.009473958898703371	0.04541186356132567	0.03043298845418439	39208.0085924155
-10953.305379838455	0.02395275681596124	0.2251888846505294	0.01039342317626611	0.18066703973382722	0.06316871208171737	38950.21644001438
-12725.574651702795	0.008316238122958565	0.10434539694106805	0.0035253300207256496	0.12698234417031243	0.023694619464236077	39144.84851516135
-1688.6818584777818	0.3061114381326135	3.1561719541989812	0.210658804164379	0.7174471224876933	0.11235518786141833	27872.712665795298
-1843.6373001060517	0.3302681054906937	2.513358745145351	0.23216264506002593	0.6456797382957291	0.10417205060325524	27631.131136551372
-4921.814196051889	0.17088468346462904	1.013602924616816	0.0801244364511935	0.02064517437364328	0.11435197429540414	34256.592269342575
-1683.6262673176675	0.3076902584926502	3.0764590949253963	0.22405968049885336	0.8124871835747929	0.11421093844491584	27655.260479035358
-11422.751776651636	0.018225187900937547	0.16780338527264999	0.0077212468895597715	0.16710512250081677	0.08193047089259055	39137.921925838426
-1859.302506973061	0.3171467662281152	2.2971583464855114	0.2973660438110869	1.1418561154392644	0.11241887176322299	27109.54984499587
-1693.9794130197624	0.30369762831360186	2.8229241744258635	0.21265031348197858	0.763747650969559	0.11027241410210181	28074.288887227645
-1991.3321458259145	0.31545166216767107	2.4881356772731156	0.18496297330557984	0.40995887456786756	0.11015476456086302	28668.048975572976
-1780.5786470768226	0.29527857755591674	2.2832950592136885	0.22480167383504285	0.9249966110708885	0.1132803031952149	28446.282313878357
-12426.504829228676	0.008861645980096856	0.09665812159198832	0.0037218195868468852	0.054968465901923586	0.03761203513407837	39261.60991825438
-3551.6130530033292	0.24739275312121026	1.535970912419058	0.14408213075469878	0.6001532068477484	0.05287807344396678	31335.009825312853
-4612.590184667914	0.2078525731857614	1.0842352971976459	0.1024712584302562	0.048786266286161506	0.11462321534960926	33280.29912030079
-1751.0006758239242	0.30399877706111744	2.3656219684218107	0.23976266542106064	0.9469798404270002	0.10920465918274533	28011.743190627916
-2423.6928008142763	0.2633361909355749	1.5746015920194845	0.1885225032185385	1.0189773992905562	0.10103436044411025	30450.493987690512
-1751.9615209619103	0.30834115955581987	3.2713294379420783	0.19003861532650915	0.5467342467204207	0.11543651799624942	28193.163250956724
-2020.5648743053125	0.3738774743080613	2.254239401557095	0.3030913683371828	0.7837158255288207	0.11143120400760816	26343.378459356718
-1827.673956838487	0.27078668059289046	2.428250462619415	0.18794988399126744	0.8708702561929267	0.10209330418422008	29266.46038536447
-12928.933694949395	0.00973842411850897	0.11123115593575861	0.004127296855948771	0.07330040693021718	0.01544946287327697	39198.87582104295
-11219.564745659709	0.018131341062686872	0.22873468887096077	0.00760938800264606	0.06807660269389079	0.10757424896563547	38683.04102870882
-1876.4435821528173	0.32515494961803465	3.4830103434031146	0.18525451092613146	0.3351887002001905	0.10579682145623699	27998.680063617707
-10002.996932055701	0.05132759597224419	0.35837213743823887	0.021410150950008765	0.001	0.039004633003979966	38187.414703363116
-2861.7521143115346	0.32318029580229707	1.9314605338820134	0.19342351181845646	0.3519341543406544	0.07694595536264147	28953.720620570868
-3518.03443144185	0.26713955658172855	1.3809633646698516	0.14182833553901888	0.2785029142598725	0.08788634914180225	31308.338874009212
-12983.40290885908	0.013837353384674072	0.12434794724668594	0.005945166870320186	0.10396767233463564	0.010806239592515138	39422.663343879016
-1704.124977713126	0.30916494863529986	2.6926398995713816	0.2389184586203066	0.8875192320454289	0.11832700753406655	27651.447470979543
-11540.598732280732	0.027905839312212504	0.2204346046118274	0.012054962317112703	0.23778865319604708	0.027428599114267982	39054.7838023059
-11252.516146753393	0.019745412946210475	0.18521352421212056	0.008362351259191674	0.03585383942345834	0.07768302199853602	39042.33052218648
-8950.643808433048	0.14044693824951554	0.5497212749842775	0.0684785503342898	0.27758401688890644	0.024836726380831495	36510.69184811555
-1716.8699612303462	0.3043637871166277	2.5244739858103067	0.23791928718152672	0.92909181439904	0.11083255569364697	27879.850338916094
-11427.34632001522	0.02055288561265309	0.17937676995231774	0.008858697321550653	0.13797271577094458	0.10249847772419458	39190.78672617281
-1737.7375977113447	0.3134098192246053	2.8241546911908886	0.20623962523246114	0.627946287121265	0.10807527380971028	28060.164291912784
-2945.8393405311062	0.21331471672761018	2.1826202604040237	0.10022929598809115	0.01642494948707107	0.1029513302330746	31923.470279757024
-1737.4477319608384	0.2950418044679235	2.5065327833348294	0.23736720302345837	1.0095196057934568	0.11522261822933064	28035.732187547404
-1750.2204305692246	0.3122480935890498	3.393873988523147	0.1948988951041204	0.5164773896981868	0.10997607322389892	27984.791013700018
-5675.03251831649	0.16135016517172052	0.8225136898818752	0.07584948577230269	0.1737500667801562	0.10852975784050818	34948.08459908173
-1850.4432450045083	0.3260821597657955	2.993720596662849	0.19991804084702525	0.43391696845992384	0.10762318319796954	27919.290667695852
-1701.0934465318473	0.3114478480650814	2.708625988348434	0.22181360064655156	0.7825145877255296	0.1093897423017413	27897.675994902645
-1683.8474597919194	0.30516292924496946	2.8756851283261478	0.22099251472281567	0.8078320646509923	0.11168611956346297	27871.028970332834
-3780.963778703238	0.20040736296124745	1.5114033354880014	0.09434338792682645	0.44388815294310796	0.07918260239727633	32820.92973260437
-7077.553962063387	0.2102052690034838	0.7731943476529418	0.10007552917766009	0.3598593954632841	0.16534437518341824	34178.63242971351
-1779.5319354334456	0.305379155299117	4.184814748897993	0.18941803339842675	0.5279593209169036	0.11234388214200852	27893.142765183326
-12991.471220520805	0.005132989484337904	0.061249935027730164	0.002154066287462757	0.14040104163371384	0.02549256401027409	39304.496905854954
-1714.3828923088417	0.30664710521745286	3.0145794865574245	0.20130460703011108	0.6388730920490822	0.10953447457131112	28122.10561445587
-13188.00220077617	0.007439693819129218	0.08772315884642594	0.0031492779722302544	0.13119301804132852	0.013353417808147822	39253.558229466864
-12169.163255826472	0.010740118965540451	0.11299367073200973	0.0045107272853981495	0.0029217961273087056	0.04423090288857353	39229.37056878878
-1685.3521822861585	0.30026509062938955	2.9206009938355493	0.21624718287606137	0.8101516429556181	0.11260139134984448	27989.037450407333
-4489.701547111223	0.20338728956808502	1.0359202646207728	0.10653103209822831	0.9457986513752299	0.08596526317614932	33506.42921354289
-5317.213890917357	0.17007305004440076	0.8685624817582717	0.0831195492377883	0.2562575693627726	0.09545834330871511	34652.465315676185
-11699.586353444813	0.016400590291757798	0.15288208658414684	0.0069504584677995244	0.090230426107877	0.05266298930075736	39197.94118920273
-1804.2767782292774	0.30170441927378505	3.895068826411839	0.17867926414228713	0.42905078256293283	0.10938851092552637	28262.56350161493
-1880.6789690076284	0.2692702149342121	2.5119269845249645	0.17567585885118173	0.8329799204076764	0.09965509623346236	29450.670062808018
-1714.3079901784483	0.3200059157773794	3.1072606527341016	0.21775828509389925	0.6400338012981198	0.10883499808792768	27590.20432908808
-13194.501399374818	0.005763754466963843	0.07127413259941599	0.0024364182879586097	0.1717694634054481	0.016584021390557122	39262.42077727407
-1692.2358869156935	0.2958248277837385	2.843822059422641	0.21686135028016393	0.8625227616678401	0.11032544855698155	28091.800594972083
-1848.2969386409513	0.296052852826304	2.6618568443788617	0.18125063038303663	0.5216083752330599	0.11362363250146018	28858.416689678554
-11465.05589126454	0.027609974361703517	0.18813824706885904	0.011857382421584515	0.4854552142222707	0.04975762146061893	39325.68367489208
-1787.2022579026245	0.29838732738444973	2.8741250948401675	0.18235193553462492	0.5663455542295366	0.10807215529264262	28676.803087342978
-1787.5589372519448	0.2992578395569576	2.3417238529482933	0.2609678148739498	1.092314673895387	0.1143399883370541	27799.05629696492
-2709.1849499265045	0.3033408391421267	1.6145864172199245	0.17393433094049718	0.6109603805197539	0.11037144432153578	29977.950689604808
-1741.2045796979755	0.33901111588791005	3.2538384584185454	0.22923972919814462	0.608391563492414	0.11250330709951613	27077.318934823987
-10103.478846756592	0.047789977960435374	0.30520575060122923	0.02099239442558525	0.2842317404301305	0.10461903725631899	38689.08323566256
-2428.215680748738	0.29717961698951617	1.6371924426622386	0.1982626625731307	0.7811331810129584	0.10720045551663085	29680.034276377835
-11831.734140796327	0.018959792133011136	0.16540574189101226	0.008068219921957304	0.16615450157731465	0.037238712528071406	39209.560729003184
-1701.9654686601893	0.30953578982035773	2.6714120834588897	0.24316696743953273	0.9172819264813864	0.11455905799192073	27597.333995468704
-2677.6174985951366	0.2252004631823482	1.9561904533193852	0.12652379901381525	0.30681873345750216	0.10698324077696851	31427.27084017285
-1782.3466085975133	0.2732703586672785	3.319235629167927	0.18929678546953566	0.8464641268748989	0.10104769331977333	28641.638605928703
-1737.4059174503277	0.3160769539617953	2.512227461513992	0.26382289861105	0.9668903267949159	0.11341391621995166	27335.055130681165
-1692.3370708887626	0.30400652907838066	2.909405715553174	0.23217914866040756	0.9004000858474313	0.11042123210301927	27672.291605033126
-11529.742826413098	0.01837413063232162	0.15835116507942235	0.00769571115950656	0.07641079174025296	0.06865638294951028	39190.113899694436
-1702.7807607696586	0.3035124288267478	2.614047536370457	0.22781708961146627	0.8737406449009684	0.11276963839130688	27975.468597424446
-3052.2050253691677	0.26178925255958935	1.9069831618686106	0.13742715720988646	0.1597614501112188	0.06929794740087925	30736.206297255238
-1700.83268055985	0.3051365367765141	2.955004970716802	0.206338098742827	0.69217788158864	0.11319258687909611	28083.091467019844
-1686.219781555072	0.30221341377037453	2.88383838516102	0.22039388341207256	0.8441800732160804	0.11312868502488976	27918.01271385855
-1731.9981225366723	0.30861297547699795	2.4907013240501783	0.2540063264217639	0.9726498806821751	0.11262871465107338	27604.623438135557
-3663.4688223648486	0.22322086123861964	1.43542485464281	0.11109246369183061	0.793899758528563	0.10786691086410737	32337.781099177555
-2044.0732746712806	0.2871494242629501	1.8561287445734562	0.2763664503742177	1.209513901394103	0.11258255823277723	28472.77911767103
-1707.9631993549601	0.2997484550313931	3.066303844628479	0.21706184320102243	0.8606870344494065	0.11897205460463127	27892.829370190262
-1732.7397757601827	0.3014351857888435	2.753839030572078	0.21121500024350148	0.7342968709272419	0.1019605049861367	28169.587045427226
-2124.5878631606524	0.2654475691096193	1.7863543405023274	0.20321040592025486	1.09117927207749	0.11144042528860673	29864.872537109313
-1700.9841305311647	0.31797098945097146	3.087852033761087	0.21754876878149007	0.6711658508525248	0.11535097585116703	27634.18690063979
-1682.8693369036478	0.3035548467730304	3.0404647929215147	0.21743357208467592	0.7886762604652092	0.11171251402724537	27847.864779713276
-1827.8695367419978	0.3205108748422939	2.5126710631125975	0.30066321048696953	1.1088396424357752	0.11395675093812281	26763.94894004849
-1870.526572906238	0.30824228390975045	2.685304281768138	0.1872188238635931	0.4667929766515238	0.10950184682651361	28569.80158856187
-1942.5074143588663	0.31544091558794224	2.042659282545531	0.24511911255305777	0.8435936648659741	0.11076740967431238	28143.388737641835
-1687.1699675122397	0.2988508319595187	3.066553047967873	0.21283800677460582	0.7977511192706747	0.11010631830060166	27978.64866313756
-3572.16540051213	0.25421859924691126	1.3471365806654727	0.136027822698347	0.25560483779352955	0.10623932594535197	31636.838595533976
-1800.809816276989	0.3248022873795011	3.6408834979746874	0.1944892681084678	0.42981158609572423	0.11235631474149475	27742.05987420551
-6975.92513878319	0.09361750935433405	0.7375655522878113	0.04457414654582431	0.4724225227876842	0.05630181764889369	36589.74889288361
-3487.095556944907	0.23010400221112037	1.3638398088750239	0.1181917136422315	0.2602742279568944	0.09568425003011911	32214.097516374914
-7451.607774593484	0.08439515977761336	0.5984529845606271	0.04037132863366461	0.1707404493919838	0.09159010225202587	37173.96789657929
-1740.8831486574163	0.2990318768178082	2.4564021499652906	0.21662333234823195	0.8291699792110133	0.10983659817297074	28355.076580409626
-1749.2873486749836	0.29550858715963285	2.463169097429548	0.21407965501872694	0.889851053160792	0.10635085868124364	28445.137442624196
-1756.7550233095021	0.3403496891016764	2.6456164420621615	0.2482157034629767	0.7501256572111807	0.11835303675119127	27146.908162892138
-3585.03283777887	0.21145079769097624	1.3970017537352335	0.10706300820969884	0.22113447698888392	0.11894658449675295	32608.728587715726
-12243.581544286615	0.014572863986996917	0.1710135411463699	0.006175179465007675	0.029055319734802052	0.023030886201128004	38955.15176949654
-1881.2171657841955	0.3230336476460087	2.664894971312882	0.1990538232772944	0.5197284321482422	0.09790265818918324	28192.75604249579
-9479.025360177007	0.06064643294471783	0.36433522853350847	0.02692626923518221	0.18321542113985967	0.057523594125499296	38321.21581729011
-5239.648796491589	0.15592855648852547	0.9627628368221316	0.08337094158889784	0.34593692135933635	0.06209399287873926	34729.10649738484
-13042.602501786518	0.0064927523569563855	0.07953473797708853	0.00273796388738869	0.052073406903515	0.019201091563777882	39232.494360246135
-2196.391054427182	0.29978054459341813	1.8309707063145448	0.35631160945506696	1.3319809230355526	0.11107407399553543	27480.621660541663
-12323.738890003653	0.012940301682565013	0.13059029635563685	0.0056626373088618865	0.09529314943830151	0.030413816206148227	39356.83070117837
-2514.3650625695036	0.35725044750788915	2.1218137485365007	0.620304667569164	1.2204900201016244	0.12649500738818314	23846.963972145528
-5169.651583737788	0.21483693081725547	1.3147225918156928	0.11494334210434017	0.09671479418267577	0.03703215279826798	32580.47156835357
-1922.0557544566059	0.31082346326942706	4.473803216307342	0.17297741084584875	0.2516811731570625	0.11051547936402964	28121.06684048274
-12576.23902007009	0.008252879646221562	0.09398978346806432	0.003465715003826566	0.1087907768984928	0.03176634976413787	39231.04729052469
-2202.214795364993	0.3743141289329811	2.1975189217364663	0.2560077335640294	0.5707956763033841	0.11696362168977935	27072.45046571784
-1907.916722458267	0.31825073755658806	2.051498541718201	0.2723883700475049	0.9900610562017818	0.11668933145877743	27731.63394898295
-1710.7053774507192	0.296416522658664	2.6379772476439944	0.2131166031549938	0.834939446702433	0.10996978708677595	28296.52868109358
-1692.332126365628	0.3171994180397625	2.767267227569169	0.2363392358970362	0.8167254300220919	0.11273292478513974	27529.879487809656
-2029.2715183285968	0.2887939328725663	2.8424076457718037	0.15727482378942545	0.29048428410295635	0.11714484826077172	29321.81814155512
-1691.2136526197708	0.30228178002247946	2.7637375058198326	0.22751929394091	0.879223528356597	0.11030382512602009	27878.4196821783
-1919.4374947095107	0.2995321468631348	2.2399738100622684	0.2199581077725538	0.8386606247661114	0.13189003977865402	28502.847403138952
-2141.663650708376	0.31315574758527964	2.561600797713228	0.16652677678837466	0.24629042993746925	0.11235569393226519	29005.192796432053
-1692.91022638507	0.3086208516770771	3.2795662919017334	0.21171810928135756	0.7112911192655125	0.11277464569985926	27751.48580768214
-1731.0777965175116	0.3050385397795006	2.452938222495756	0.2339352004555184	0.9021721846762256	0.1086395728822564	27999.868954775447
-6135.878155984448	0.11842102908519378	0.8644755574479126	0.05561366277189247	0.06237370115195135	0.05768328636985234	35731.12295900561
