# /Users/oliviafernflores/opt/anaconda3/bin/dadi-cli InferDM --fs IRA_FRA_syn_unfolded.fs --model split_asym_mig --lbounds 1e-3 1e-3 1e-3 1e-3 1e-3 1e-3 --ubounds 10 10 1 15 15 0.5 --output-prefix demog_split_asym_mig --force-convergence 1
# Log(likelihood)	nu1	nu2	T	m12	m21	misid	theta
-13471.837303707904	0.004012996706322901	0.05638863728142656	0.0016853806192109228	0.11022816983914015	0.07156410775699347	0.011979526848709586	39167.89152986675
-2659.2915968469433	0.3091033843519084	1.7785702034015736	0.1679730480384293	0.36090563020912275	0.7129529099848496	0.09257352962768362	29927.73876037748
-11990.120222858308	0.011272572130796247	0.13591200640837933	0.004763352730345445	0.34318825283830134	0.049333575486230304	0.04469813980130284	39047.94733666044
-10705.64041612841	0.03283095773567613	0.2541137824715329	0.014338701534779928	0.09867612890330318	0.0012193223928161794	0.05139305316382381	38915.051200454865
-2329.0379080191146	0.2900870827481615	2.0389780903860686	0.1625877649720084	0.3797186567056193	0.49112902879424897	0.09396851196439084	29846.972880896887
-2367.3846295269595	0.2501166349199391	2.2512859157676908	0.1297354614627519	0.3154439259060946	0.19473683159554742	0.10026509219740166	30711.158510639096
-1492.8203767345385	0.27288292190847363	2.7674675396074866	0.21746779394057	1.284480179835008	0.2888385422149288	0.1194529863225555	27795.151275696542
-1630.7021132082582	0.29504103311888114	2.436240092917046	0.23893568414311891	1.084377986244859	0.7987668796178923	0.11396973558435057	27877.52441872923
-12775.669716148686	0.006744040897129827	0.08048475226822653	0.0028321425743209005	0.001	0.102135107557255	0.028034338652030536	39238.41021540234
-1687.1452981324842	0.29121334194333687	4.181601853300651	0.16872210412330613	0.5641519995455618	0.024996856002258518	0.11768173643770294	28221.136402661672
-1670.457831474867	0.32699191765681074	3.0362896391559118	0.21246300136702437	0.7910887099415449	0.23778838922955423	0.10467689083631924	27315.555832855556
-2497.718242412399	0.2551827323968751	1.780176033829177	0.1463307542638293	0.7358264734117537	0.052681287797772244	0.10017510704551043	30541.19310740643
-1497.1571534124232	0.2800322966861679	2.5759805975225785	0.26975387720233807	1.5925058237216676	0.48238026027313113	0.1254776672234088	26879.918000352704
-1464.8878050722515	0.2735969002994104	2.683747750643537	0.21135952308422368	1.3166727161311027	0.3678403376183589	0.1088968840962431	28018.8383837952
-10562.934789359748	0.053368252960840044	0.3278838311506503	0.02395751672673378	0.07645932566672814	0.14921628311599694	0.02408252921036234	38618.775193880465
-1343.0066884096514	0.2594990664066087	3.9117383898513944	0.19930916342911909	1.4656628081057155	0.11243412482703312	0.11635904561937532	27528.15616936003
-12838.377362848689	0.00801991653209988	0.08833622493961907	0.003368181016121851	0.18476495831638237	0.21968292140055778	0.023762091939238887	39285.672675355294
-3550.829330201286	0.23748207641219227	1.4506058328938507	0.11430649828904106	0.0022725323253380315	0.030817639209937738	0.10651893958511201	32012.975637365045
-2081.1666392019524	0.29073700590351825	3.3218801890360043	0.15014194718126006	0.13505384007851617	0.001	0.10509813399508802	29168.63681748832
-10990.292479793869	0.027441093897840482	0.21274527827491885	0.011791995986049854	0.21042852694167602	0.10951639650661586	0.06624040237906108	39082.61938322606
-9353.882863183546	0.04491056557628038	0.4435666810782195	0.020333758632818194	0.35088214436855564	0.3744529782276468	0.05727459456926327	38115.54940386692
-3115.1590524290127	0.2228481963287597	1.5544558092293803	0.11557769503573358	0.3803660520941333	0.11821180143817253	0.09217247066527963	31993.142958638135
-2819.874046051466	0.31351139621092433	1.4984720666699722	0.21484887175867026	0.6948900391608814	0.7990239977223784	0.0960665942934803	29546.504113324354
-1318.974649364644	0.24697387777334262	3.0707959207728015	0.2281304830532949	1.8372457761910814	0.36326517867233343	0.11371723419031445	27472.776124783235
-2529.8624686799194	0.2429478396061786	2.1074637180499627	0.13056857458158377	0.22702089444384443	0.21894851611581562	0.09787520786497389	30946.50909699731
-11486.655436422538	0.015328471929106201	0.169790491580884	0.006453907057738866	0.15329078617438788	0.09489760269455581	0.0946873121501094	38972.60745107223
-11201.752669435715	0.029034615427393204	0.22217738741656773	0.012650144822626842	0.18218202473754475	0.17115100419748733	0.0408022449132975	39096.16944414698
-3484.582506010929	0.22415280785671488	1.318914265353921	0.13208750271225508	0.6776902984609153	0.09886022124891879	0.10579536362135217	32014.07173740566
-1348.8937086162034	0.22067924302247732	3.1532802981875743	0.2013583611861702	2.1972119550787164	0.014978768192581595	0.109272182658247	27997.51473182512
-5421.263368282685	0.14897044244943883	0.951362972610663	0.0705110634187651	0.001	0.6939950936504203	0.06894171780169674	35048.07494469048
-1281.5979243563406	0.22593436022352936	3.6318135447698574	0.21195869502108175	2.1660868122825128	0.17508767330586686	0.11277654847147779	27507.7472295347
-1713.8786862002278	0.29347792890693836	2.3381961871832084	0.2081731479974305	0.9124319000104054	0.6368512862247033	0.11175780658739157	28509.911654482912
-1976.2533946855774	0.28773661308961934	2.3120843326122533	0.16759515809762435	0.6097030987604591	0.24532382600984415	0.1069925582381509	29299.93660886411
-3221.3191048535637	0.19403538918494306	1.4776611326500158	0.11358368269304908	0.7848877136813293	0.9076757095446646	0.08966379920656799	32813.54879527118
-2029.8002274063217	0.31196519263118494	2.106044268159104	0.20253185316801714	0.6078533168516037	0.60139252686282	0.10903312609717165	28752.452947988484
-1305.3903888873633	0.24266346734908992	3.668169263646377	0.19758422996763492	1.7163194096771806	0.15045563344004032	0.11255947515542432	27798.07165467332
-1292.1552076796086	0.23513121795260744	3.425683176582771	0.21138056552137835	1.9925194911347923	0.16017573606709515	0.11245997639094876	27572.556422557962
-1353.8966821647973	0.24662476996459498	3.8637295804222056	0.18941550106160832	1.4902215924045048	0.26263236983746874	0.11022735029361354	28039.302144864698
-1310.581249364944	0.22378040330110402	3.51820878105075	0.19097762711245583	2.068737746290151	0.009037415841924435	0.11090329481583341	28052.485919378316
-2534.514448637745	0.2726058674380853	1.676493011176615	0.186620403805833	0.9921799276424853	0.22074266479634866	0.10232878190229518	29726.695507647644
-1666.888648586873	0.27118040716844494	2.127641914201442	0.24722992642073754	1.479127653903934	0.7582760918506213	0.11637001127150913	28182.033465199216
-12248.216929451988	0.01681195620868297	0.16428409898480403	0.007194858353987254	0.209715491215911	0.16843614079278135	0.02206721229058784	39146.603168400405
-13173.421310210646	0.013460025403006783	0.12235946152786137	0.005760002771035986	0.10783420756616022	0.2037717225242378	0.006697123704819025	39406.4920833553
-1393.975164703726	0.24772863586700622	2.8147997272247016	0.30320659633807384	2.1274558823982277	0.5438155541715739	0.11682646361741104	26263.861439101776
-1299.5688100580305	0.20693647597655654	3.2840118159636984	0.22333205976119963	2.637919390359675	0.19539438399933443	0.1125697578460213	27537.45250350019
-7800.808928496876	0.11633061773914266	0.6507617522420213	0.05345085663923874	0.006223347386729949	0.00350583024306645	0.029936255719680106	36349.53126941995
-2441.285207006792	0.24221869191130918	1.8785942730726573	0.13969241247389635	0.5885269748886693	0.49755123160521686	0.11672529659819723	30995.895092841787
-4835.019665930322	0.22616096981142092	1.0526248891579126	0.11139607312363893	0.036493988074902686	0.08940065274859041	0.08068074437937447	32985.16075055941
-1422.1003143540024	0.2849219020231306	2.9740370139308006	0.23540924129409754	1.2875578925165754	0.49745456197171145	0.11376621470999562	27277.40650506548
-1311.331392128903	0.20102405733253362	3.4840551969969553	0.218160580177105	2.815840323237729	0.06566231678856334	0.11305232001506078	27464.77880089047
-1462.6933978057566	0.28532392402800055	2.8140551142962167	0.2853822290237935	1.5039762273133541	0.6112752743885731	0.1141638505546855	26458.495961554534
-1770.9706338587657	0.3118854490772701	2.700764930356978	0.19852637250361033	0.6317457923247706	0.40289990430897155	0.10193836189137302	28169.326366697707
-1956.3139818907298	0.250735175222207	1.8103040389752751	0.22810700726187894	1.8021234695179482	0.7670272082183295	0.11601548479010439	29138.32766224421
-1954.7498425745932	0.31200994655547704	1.9888454699692593	0.3432746827978854	1.4355323375113302	1.0483388891807588	0.12060506042312402	26790.99629146539
-1646.163192961615	0.29274622008009676	2.4732787130550817	0.2082468322883698	1.0116857312299328	0.3457431060092894	0.1135680290416997	28154.958618693254
-12462.598457037919	0.010523639860982063	0.1109363084681369	0.004468157330582457	0.13283598237868388	0.07878639044925394	0.03071804825808321	39278.79023452055
-2178.723429922049	0.31735405111576354	2.642041886940941	0.17785380736805428	0.17629576186895016	0.6881051641666378	0.10359351854074045	28963.61716012966
-5418.24935011532	0.14958860571688012	0.9201595061584876	0.06775564114089425	0.013579975095495266	0.4898427800460533	0.09173234909244839	35026.54596510337
-1308.4369508704149	0.23854810869959261	3.419061349062861	0.21496609319602644	1.9918626857495212	0.09365089183074243	0.11397155077830151	27402.637697128142
-2041.750150449822	0.28948236396031757	2.4564215166871026	0.16144764355728003	0.46885379518660114	0.07923489614971267	0.11218702049046754	29269.607916593002
-1648.1056168447244	0.26464991322398773	2.462513351769758	0.18898955561370662	1.2120866144458535	0.1416120734678519	0.11465153413369888	28695.752344047443
-2355.2010326865893	0.26868981062098235	1.911863826017756	0.16411201378181753	0.4672899528343693	0.800933534016375	0.11367416874511503	30366.106093130737
-11585.612856410668	0.022531803052723915	0.1731335026723947	0.009607364939484216	0.08447636619959446	0.001	0.047077940697577224	39278.4251090049
-11329.358251867747	0.02384745415093909	0.18251660657868274	0.010343442972417103	0.0011743148997163217	0.1724650762668352	0.06653870603088023	39309.07717117433
-1463.6272983398826	0.27622896462847196	2.6802954254264835	0.23250108873133507	1.472039988884016	0.2882030352196671	0.11423626605909597	27437.192562168413
-1811.396222048399	0.3244200587434554	3.297877720872581	0.2037834062794418	0.4675830066259708	0.5817045982892438	0.10767253155314029	27780.73863925363
-12328.621820741553	0.01198306608266221	0.1261098514012184	0.005077903641568726	0.12755510003705756	0.09940031017365722	0.03102979260372378	39210.42847416458
-2685.3983368258705	0.2760808358988919	2.0553794574869815	0.13796391446608114	0.001	0.34354724133194225	0.1139830581602992	30548.46781874943
-6856.053519202025	0.12186146389358563	0.6415494620517057	0.057848371979966326	0.07603001069838153	0.005401332116814114	0.08710719963406757	36324.305924835826
-5467.210230928434	0.1840406692921292	0.9263906243235185	0.10132006795866115	0.4452963735540361	1.1535786727644464	0.15185956498367362	34437.01614496015
-1915.6691180324347	0.16284125822593107	2.10526332395721	0.18593172782249864	3.637720666169289	0.01630320828021385	0.10936469001180119	29843.198671046008
-3073.4318724549307	0.26827419591728374	1.821739009017322	0.13262393077662465	0.13731469114831096	0.054130317620839585	0.07510039822480677	30788.319773264982
-1319.6833199645434	0.23712764096750924	3.548492525225143	0.19662402151135366	1.8823123272633815	0.001113512271871549	0.11332537166463252	27786.573434001784
-1519.342740030644	0.27917390543427745	4.503863150417691	0.1904172906630263	0.9564073460606374	0.323824962007899	0.1139370484140012	27706.52838737475
-12618.78740669668	0.005725827976418792	0.0744205479462497	0.0023949661293921586	0.11651736366903043	0.0896296107330743	0.03641330325899677	39164.44026614753
-1358.436829848857	0.26699572451345427	3.1244292161815514	0.22303485724523045	1.5472097612003932	0.23427588090205909	0.11321482127310309	27334.514910552018
-5111.9670819388575	0.15084596264268918	0.9153932212310385	0.0753161420364448	0.5553203790583273	0.40047004503333977	0.09404735336939796	34917.93695601708
-1572.9639598418664	0.26306146724685375	2.7914582061084516	0.410735020582275	2.0675732635894866	0.5804903493788944	0.11945815900759685	24550.98823938367
-2558.5740385399213	0.30385054558102287	1.812101095785934	0.1774567957838848	0.32339005425615674	0.5908689963211459	0.1004923713679957	29752.69998963842
-1391.3053443853396	0.25960583427955164	2.787440692763791	0.2174017225465527	1.550510018566771	0.3604745370609076	0.11318662520986379	27876.894518768484
-12073.86706194444	0.021529629112856108	0.1766710017207966	0.009227397167015849	0.10793030233603461	0.04344511765336193	0.023040841078943542	39227.568441629985
-5328.662118337651	0.19363046598360142	0.9428722444669123	0.08981806012461747	0.02334474189736607	0.0053787267684481666	0.12703277491496695	33941.52321953008
-11982.403089722466	0.009063484572121867	0.10936104022763526	0.0038059584440959557	0.45995945850225717	0.36213628138642845	0.06535528438212	39123.11659573157
-9723.821351214017	0.06789446451904266	0.36807879413314193	0.03117395828790754	0.06301791094771464	0.1426443647704588	0.04188870950360702	38378.503985063544
-11081.844486487558	0.02841555376276818	0.2105954552807496	0.012218286541324197	0.0013998740251892172	0.20199922317931324	0.05896546491913525	39139.3786583492
-1505.841533507658	0.28149992747922126	2.4672513939403404	0.2584852022205363	1.4587160351021693	0.6286754548130216	0.11624108840061283	27355.79842684094
-11550.172119293606	0.04620896045490714	0.29444171966850136	0.020349878770769398	0.05574798946644568	0.07053881918689625	0.007164804291705095	38768.44272429866
-1928.3915991368267	0.33990281018764723	3.4713705070660374	0.1961886773244419	0.3171739723795601	0.4391371061030859	0.10382311013982513	27688.497887897152
-1439.3171603485248	0.23941411563062912	3.9246912458980994	0.173026750224352	1.5132244460961368	0.19933231934764978	0.09722367758114155	28481.36382678528
-1359.142957395456	0.24654210951605954	4.633105325763786	0.18277246859742527	1.499977661361172	0.03949806839094608	0.10740406229553541	27816.56272369203
-2087.838178742915	0.25279845973956283	1.9461672528690248	0.16342532377758417	1.0698680322810266	0.157673401034697	0.10513176617829216	29971.079860476653
-13159.227244675334	0.006488691527448535	0.08066847376073959	0.002725233882315841	0.08765450088729325	0.15588538522737455	0.01571319397291709	39200.14432943986
-1295.744512327933	0.2408420870197978	3.332196691388475	0.23144387257090707	1.987951463885175	0.30608429769497647	0.11385643883356943	27197.116147413235
-7777.983099647179	0.08408395657702673	0.5538311694403035	0.03821322750842326	0.20840901175383947	0.03219737148405622	0.06497168343337506	37206.52347310025
-8032.8265973517455	0.07205227659058996	0.8440968704114239	0.03281241684808621	0.017738516073454773	0.4053651640417105	0.03765145751044756	36804.10087073043
-1556.5061443322002	0.27382284055199674	2.784696317799737	0.18635336963906393	1.0875225423400874	0.13184615444055323	0.10914585022746308	28433.68368187222
-4984.579271909665	0.19554977734156134	0.9845096160860044	0.09511258157747049	0.03289015575591969	0.003997170894909394	0.08705658640049932	33779.7534833539
-1950.6805676655872	0.295058925908424	2.5043454226204913	0.18800328549937467	0.5194002666547619	0.7860461332656337	0.10076266781153521	29013.725242418426
-1516.3293955747374	0.28209415539156474	2.7314577639255866	0.21447178110656395	1.1062988517913332	0.5700403817871667	0.10867822525619635	28049.4238451673
-1621.5587086018982	0.23226775517106696	2.424771014900661	0.44518158237615246	2.4985263884177447	0.7221643107988374	0.12169433134046709	25037.38794872676
-11855.555797308703	0.013848101913947688	0.1392310663153259	0.005867986179665795	0.07718619708979921	0.07521872098037101	0.05022129345487367	39194.70008589337
-2207.9633760044203	0.30102936385557155	2.301888965664777	0.1734222141589912	0.3111480950975326	0.728525119123941	0.0957252444184848	29440.51411612937
-1697.0083462394539	0.26787191950787786	2.339679721900568	0.18831068424105896	1.0774761405021147	0.32811489288372875	0.11376823405884044	28944.842870584962
-1782.2881146721725	0.2856524728056419	2.9948286797535824	0.16578377354207377	0.5879129468794929	0.005350350999931125	0.10767638116056455	28796.382931066968
-3763.6554308815535	0.17957669799174938	1.5355116124862347	0.08536319661118873	0.03879400069149498	0.2328251546815082	0.09805205240188697	33322.339292895216
-12409.807116473916	0.008018750792533386	0.09410359509879668	0.003367817066424717	0.07132130431036723	0.23809120215495386	0.03977482827115255	39206.04595611734
-1359.9040399871324	0.26190965453106313	3.3580938715284034	0.20462385115649337	1.403008656365756	0.3457663791435894	0.11116242356514858	27811.64592590131
-1318.105987383743	0.22282756251457703	2.9765207399462463	0.23879612050583768	2.358374045456577	0.2809095488757585	0.1151178919265426	27366.876450424625
-1788.1317710099784	0.2850791405298771	3.0119970234001268	0.16576904722136984	0.5490639854470035	0.3251985901468838	0.10397588728627212	28985.961098517982
-1480.577636006923	0.27947361992148223	2.9493677336549995	0.19603615399879398	1.098467978789187	0.28074851217654606	0.11038719317836886	28127.329999014153
-1308.1084175680385	0.2102967078420245	3.1451397102378262	0.2459125029644875	2.6558928780893303	0.27918839376063365	0.11323453910514121	27140.319133990783
-1876.7433216721352	0.2673516078122918	1.9834111155938945	0.21588307521885267	1.2186249259232589	0.9714163500338944	0.10515108555367302	29217.05436351845
-2050.975323892425	0.2865144668075502	2.2545254467600926	0.17500739999040904	0.7554263150021002	0.005776260458869088	0.10271995624532532	29022.21290791805
-1461.0007824335207	0.28688617052921284	2.7438334322349522	0.23643300016873475	1.2691585410369348	0.4775591545868621	0.1122085549108101	27407.90312654941
-13566.056489189603	0.004206227970498135	0.05225299513771595	0.0017661602684599879	0.26520090959161274	0.22856183199704264	0.010334281705285553	39298.00030863931
-1372.2733620795088	0.24790779458728884	2.7287739572348926	0.26545796608462563	2.0008042145610427	0.48649206182063415	0.11396731171277859	27028.028234918907
-1302.4016730284511	0.23750793712874327	3.6910297423931833	0.2104689512229842	1.9533885609466406	0.07242622472145979	0.11543852889112213	27381.53021258195
-11565.371663808006	0.01739120434576289	0.1719451796744037	0.0074110854408424715	0.1594818770257792	0.01639934671222714	0.04976954943807691	39084.3039206565
-9982.215438375733	0.05794303835620359	0.3381546067464515	0.025799010098739424	0.0630036929304712	0.13767177120884397	0.042416702644357554	38514.22933730617
-3494.244244234956	0.20941161800421976	1.425467305903911	0.10856296122671086	0.389093664994947	0.010655367669462082	0.07996264240815293	32454.43597152
-1765.6551529299093	0.2895479702258955	2.481957227570139	0.18509692841103426	0.7962818539843305	0.2644927473522218	0.10387065862483671	28704.52690676355
-1455.3120394237947	0.18720392537200164	2.65151801409794	0.26402901234923776	3.160829949067508	0.47878604559672516	0.12445292734619966	27570.25954646262
-1912.3167231535476	0.2778032136035897	2.781722630577788	0.1698304068726158	0.5107794106047305	0.667954299755389	0.104240707461591	29328.16965995052
-3051.8641207059595	0.31764267723463985	1.613610769821039	0.1783799031367934	0.08665504482159914	1.3911796578806788	0.10825298573164319	30394.69734343987
-1341.9174585460873	0.26094781765350666	3.201744221300972	0.22627720150067063	1.5742337576842815	0.4109096554159639	0.11474046524077099	27399.16783864805
-12868.876412251897	0.007254000974887782	0.07700338943371181	0.0030462567803428327	0.07680387314673956	0.13304597731010337	0.026100765899835593	39368.03486101061
-11789.622042798412	0.018214924174318275	0.18724475529339976	0.007708575674834783	0.037996026103318925	0.0295501742412774	0.03246684416044011	38970.64105709835
-1443.217445261781	0.28856901618560377	2.9193249748949204	0.23960126144123697	1.2606669069841259	0.5481000654827346	0.11508914689422065	27243.560804378634
-12676.748052271925	0.008912177408926773	0.09008282286476532	0.0037428993205187743	0.18722106372357758	0.08664614235931549	0.029423546628279368	39362.91580721488
-1783.0362539979842	0.30794471952810837	3.900732786375357	0.17639305658341	0.41401170964100154	0.1767943511770396	0.10595149682267636	28099.330914842256
-1443.7809919187027	0.25671903636700544	2.5387289733642873	0.2790081214050565	1.9124190702406634	0.4655208579451944	0.11701849019037208	26895.764278590726
-1342.792407156354	0.23539447421791634	3.1798802132917094	0.27927142717806386	2.29923238683643	0.30631969700491096	0.11843844378881753	26251.737578711305
-12680.597272615687	0.010971262270081066	0.11480752495254705	0.00465181149486245	0.21909778267671373	0.0520483600287005	0.02154113493081032	39261.92733863381
-1297.0737229618733	0.2315386465819901	3.710996490551542	0.20236091351169797	2.0117711033252	0.04405613961998169	0.11419863019748074	27608.857965791143
-12273.741197425894	0.014765018840167014	0.14295695037341513	0.006293430694219447	0.04203744959184214	0.14806535371063992	0.027480187261614622	39236.46860525567
-11426.104587572163	0.018633291675834315	0.16777055169975016	0.007926431906954707	0.06555791877084531	0.1128618841980425	0.07178616365755024	39172.48182739748
-11613.774147410739	0.025908700739184876	0.2066764232926168	0.011244673381166541	0.025765124961092248	0.12475603769638234	0.029462478103043192	39144.29682410278
-1466.9004266358888	0.29027715640966006	2.8979065297786533	0.2627065065785748	1.594994096072288	0.28524453410544315	0.11885011952098713	26433.268331379422
-7354.551317431368	0.09580980925868825	0.6698836333621027	0.04406180377398266	0.003441641001990517	0.22831710172927777	0.13201992800190065	36700.59560739217
-5587.61321469433	0.1522490454025037	1.356323239250084	0.0734673324745341	0.07025851533583756	0.04318318900168586	0.031485042926859226	34124.08265563626
-10378.761363796615	0.038393087730299306	0.26666361489210416	0.01669913704829969	0.4903854925887248	0.13145177558435855	0.07680574464254249	38855.30582665484
-2008.6224031119923	0.31881281652849236	2.6817827060496784	0.17988575216404037	0.443688548192387	0.051609160514067644	0.10810314358379429	28384.178818165707
-2507.453467884453	0.2958382154187156	1.91650837464591	0.1775985734149918	0.28721064328489043	1.179971625570548	0.10607150237248479	30083.34376264597
-1384.766417141229	0.20054415514341525	2.6855508401732133	0.24989609198636498	2.8362994535335044	0.3411581290976444	0.1128318249819535	27603.411658137356
-2817.3528863083043	0.27907910557113597	1.7571252205234755	0.14429503152518497	0.12360396487748282	0.49979192977977516	0.1095919196787333	30717.855247855892
-1433.098140472951	0.2772468503289886	2.762706489840317	0.26165581263154325	1.5007800150087756	0.5815385656159926	0.11260657184184886	26998.015409660256
-6694.908382399812	0.12399046291066548	0.6830970757401372	0.057416967889742127	0.02901407229847287	0.0012092393428643291	0.06745402008212206	36102.29898586859
-1928.3781606171701	0.3795210796220498	3.1227357861186293	0.27331007871526736	0.6154394132964754	0.5160951264727208	0.12365655906150938	25864.66291784991
-1390.9196429817623	0.2682437683314055	3.118838764115683	0.20365923201566033	1.321231701899405	0.2624119053676098	0.1100909285812818	27874.96821389945
-1902.2779883790322	0.34789677244268113	2.562539896538028	0.2511185698422391	0.6034104987175293	0.8842703870374513	0.11055761847887925	27279.94419423208
-1325.7118333889875	0.24968209258509705	3.1907716915320194	0.22250895309612087	1.8223140716735196	0.18066088689504925	0.1128315641432398	27355.50184414692
-1513.6262614894945	0.29971237739186274	2.899463909302807	0.21699169359570686	1.011704811002824	0.4148794404623113	0.11434075148764498	27606.804908273916
-2830.146353218107	0.2914086520451874	1.898739466736502	0.14533752661805985	0.17477399149803532	0.001	0.12153309637786744	30140.449395264684
-10365.299838876395	0.05451581922481104	0.3047925199627039	0.023748590950160478	0.060860551038953145	0.05868896434643524	0.04122105860379638	38671.0564922529
-10491.637679528614	0.031099525047299948	0.27811553647192266	0.014486560023037656	0.07138082425992139	0.04144462110852551	0.08757509390486656	38969.73339692558
-2026.0712955953427	0.32865559150172524	2.365055634957886	0.23257754445437767	0.5596034883578982	1.0876530101599033	0.1081433101820867	28153.724073410485
-2479.0727450744007	0.2654959155309842	2.051443205396703	0.1374227249069267	0.2491051421037799	0.18238622907818458	0.10515903989792871	30528.199604648355
-1454.0409395632198	0.25839694010821257	2.5125369865618166	0.22487022649932853	1.5968349106871667	0.4633756865944903	0.11171657048496592	28036.618793752743
-13057.630397153858	0.005587207489985427	0.07585963720556183	0.002346607432373966	0.1401551611605403	0.07376050844288927	0.019785053853922163	39136.805829095974
-1345.8636354320975	0.2599750513296007	3.0447385707122607	0.22812793849109522	1.609445889528594	0.4077773539542408	0.11406404040117062	27459.574987327753
-1783.8086443350091	0.3126617156879699	3.062981705884368	0.1889596458462426	0.49463955920171204	0.36056566800979334	0.11698398388449212	28182.206727328776
-11265.919053872305	0.023646764327985154	0.19251073347485154	0.010283102389853435	0.44512298101383785	0.11405992229744154	0.056457181202166244	39198.46588738292
-1355.4314005441831	0.24275283413545143	3.330924990134799	0.18691664846935024	1.632304550259998	0.040808987939998626	0.10819704630981898	28196.64954125583
-12156.77867317334	0.009192096617541466	0.1029706162398264	0.0038605987074263478	0.17071565976317196	0.23228624510609033	0.05140393206136437	39213.66034319898
-2583.6357301776843	0.2534244923568021	2.1477461065577734	0.1377394535093592	0.15505625580884108	0.7276828167557317	0.09376484743271182	30902.782319121357
-1322.648772525289	0.20621112371266698	3.1448448688083164	0.20777869240054744	2.5515506918491195	0.12602022468299368	0.1124116552273017	27994.98195635344
-1421.1974479968508	0.23892210890909937	2.5675923612219416	0.2555902439392552	2.069233244122631	0.4809628313482274	0.12235419922642969	27464.970381700878
-9381.82244918717	0.0598531496982877	0.3627458390931484	0.026839305746120527	0.0716880526640304	0.26834643880314724	0.08243047441131318	38385.87475445239
-1949.8975125591937	0.22701254720869518	1.9884666101262105	0.18514394897450348	1.8217378449044235	0.05460181651464399	0.10749989280717294	29530.547047212236
-1842.5978110606352	0.2761667218701894	2.037899981406484	0.21463279331615684	1.0846865224420434	0.8534028731810785	0.10489751792723645	29021.936196186492
-1699.9115874683062	0.287116447453025	2.1912862713963506	0.23586251332791622	1.1903175266514419	0.7642810364987367	0.10441421073068771	28218.49726524
-1337.3877148629085	0.25311008930292844	4.058091257674308	0.19506912547671468	1.567731497574225	0.026481561119298384	0.10888007267669654	27551.385752937284
-1528.3564342574791	0.2892820206189061	3.6463999801679914	0.1863525689781541	0.8308762031010932	0.1824101078486638	0.11145264403532945	27953.262327136657
-1529.307222548457	0.27157348066083065	2.861295988827995	0.1852777737079893	1.0602144671788012	0.31705464158437124	0.10521033178662229	28557.465293083525
-1301.5335018258074	0.24510616195108942	3.4799860237782965	0.20767690926291468	1.7691077681832919	0.21097149927076234	0.11344959106824835	27629.09791689522
-2567.1310077848166	0.30212947299155507	2.3409188331649298	0.14919446113099236	0.10246739869293994	0.06554226296561873	0.13110061358158592	29617.11786168195
-2813.631817859551	0.2654920490861062	1.5438915780919735	0.1582856996643491	0.6658345030961238	0.31641948392050434	0.10848882116359983	30683.88738673778
-1429.7121747340273	0.21953921033715823	2.560965517287277	0.25577769943805545	2.379493895967888	0.6012485538622032	0.11567689274824591	27712.20495459885
-11488.787856960222	0.017373593992325985	0.1655943393734668	0.007395993259227542	0.07126265048978857	0.18290958516613975	0.06427813715633027	39143.332254501525
-1350.151057431503	0.2687179480233941	3.477902255385687	0.20937305822322197	1.404607810145325	0.25388364482446096	0.11153967946713958	27494.5029378889
-1370.6831108078795	0.18558824247866218	2.8757847972284845	0.26450869987070236	3.2615587416933915	0.316805590328885	0.11348066546528948	27183.260116794798
-11091.936766236646	0.022691172883100255	0.2002767537400217	0.00969240015022081	0.3078422753508615	0.07755770681342494	0.07710658195907234	39037.022758993364
-8002.78284770191	0.09182888819622365	0.508476809854299	0.044098156879859844	0.5312525679827956	0.21342448031409483	0.06289590597651686	37403.95303030013
-10225.92413124679	0.03965684168124008	0.3082280364303865	0.018077168963394168	0.001	0.16920129747483953	0.10903271497088417	38782.019816894994
-11066.751449805219	0.025512420280576504	0.2041224653162752	0.010848604736116492	0.09337110664333387	0.24365653448405292	0.07736867139998337	39078.60426239448
-12556.330708100877	0.008133759603120192	0.09685655490262887	0.0034425025476952386	0.3010069534338299	0.08251873483264136	0.03152645060635826	39207.51847474314
-13162.671954906018	0.008960419360674318	0.0986880518176363	0.00379867375927383	0.19572174940241016	0.1654149353392637	0.011713308024007881	39281.502411601236
-1374.2364136674175	0.26177252589754396	4.047862972362225	0.20169388481086536	1.3886359888335384	0.2357522677963764	0.12067836376210922	27505.859022825636
-11519.136443692976	0.0220658343312223	0.1738548071526716	0.009265029321837058	0.06812636807097347	0.1447784462874695	0.052439203080248346	39197.02383207746
-1714.0512397214213	0.28902571048222153	2.621233130980528	0.1838076844935262	0.7535131624864486	0.31488787731738316	0.10955275710835263	28680.30691182173
-6924.435857000533	0.11325582201816638	0.6554632568964966	0.05124637797902441	0.001	0.0032318530817322245	0.11187619242610809	36365.29432038695
-1946.1829588805876	0.3171968794590264	3.072110479958573	0.20501579949524149	0.4376199835258632	0.8453578033306368	0.11745259416012242	28147.458336435397
-6964.650304800734	0.11052062384786235	0.6519787856907111	0.05211092870560214	0.001	0.33703650711194616	0.06790040970277662	36556.29015974133
-1811.1995799090962	0.22996869206611595	1.9382221359982514	0.20494250615416051	1.8964711226749833	0.5051973753878486	0.10573322814631432	29420.344938682185
-4934.579005648824	0.11408938918646268	1.0697992925291389	0.07039379324726283	2.770102331315546	0.003997413132791697	0.13081219553009377	34992.052469463146
-2957.568735918318	0.24762469657187938	1.5509659385715904	0.13612328682147157	0.33682034698233587	0.5911179770414621	0.10796223400461338	31517.519627622714
-8724.289249517991	0.09525117208880554	0.4718957410799447	0.04114050346775484	0.01298009566983329	0.020971365140188797	0.04468456262043178	37316.016092224425
-3507.79455363883	0.23476207878221084	1.595840528913506	0.12456151900626466	0.06015568372734454	1.2175727241345842	0.13310195027387542	32197.9979879227
-1568.3510932056965	0.28713866589859405	3.282355177782155	0.18466254528452536	0.8721595044483151	0.03764599377719389	0.11056998855375685	28072.806359479044
-1341.6714862588224	0.18965206355529343	3.0802941008297178	0.26236972992974117	3.156297520273604	0.3153377691260251	0.1169156721092258	27003.65275439017
