# /Users/oliviafernflores/opt/anaconda3/bin/dadi-cli InferDM --fs IRA_FRA_syn_unfolded.fs --model IM_pre --lbounds 1e-3 1e-3 1e-3 1e-3 1e-3 1e-3 1e-3 1e-3 1e-3 --ubounds 10 1 0.99 10 10 1 15 15 0.5 --output-prefix demog_IM_pre --force-convergence 1
# Log(likelihood)	nuPre	TPre	s	nu1	nu2	T	m12	m21	misid	theta
-6283.860107958535	0.9157151845916139	0.001	0.0454133910713107	0.2776615606695828	0.5672889438516885	0.04468548489561439	0.3167398557008245	0.102199247999274	0.07249414596036745	36248.07126716137
-5094.920688374976	1.333945910421525	0.001	0.04136050146799363	0.47150485839302037	0.7296800263635622	0.06767088061798168	0.004002970374374963	0.4945228419081634	0.09842141707080253	34730.216909921226
-1879.4877526014768	2.5022258280741987	0.21529807770688716	0.05786577966784991	0.31538620781426163	1.5624438279160504	0.13804121520037482	0.8969950097548223	1.0387454096283364	0.11305480877473256	27447.34356856236
-4881.96115828467	1.0891893045402379	0.013352002108578013	0.07641874649305784	0.2715219221184843	0.8187002960920182	0.0759751846491294	0.5832641198149668	0.03790016189051242	0.08799506682599434	34579.92406746749
-2153.826131416072	2.1807260423470183	0.3943168639493697	0.01918962048585537	1.4607003263791905	2.8731637021627154	0.08675838631422504	0.6243427335229907	0.001	0.13346740895338063	25579.924092544003
-2418.129140309389	1.5611174972728974	0.07027468246943477	0.06760893892502298	0.3551136016247388	1.775580072304305	0.12342049922319834	1.356269191969286	0.11653494072464653	0.11748002768012059	30531.778205073235
-1654.4143783491586	2.266433101811229	0.23708208677580353	0.19758464929903374	0.23285343707393724	2.7871392108544946	0.23601387923369951	1.0795245293660567	0.9297585561677776	0.13474415264919512	25262.193416545124
-1362.909199806188	2.836739716597255	0.12618023801236034	0.11699174886229498	0.23199519312473024	2.5657984708671355	0.21697962907492538	1.484521030702232	0.5911933982591685	0.11741333615044953	26069.992561000796
-13756.408982579485	0.12657880165768343	0.001	0.0035852406073392826	0.0734438748236541	0.029773481742021244	0.001	0.10440533609092252	0.07196258866546987	0.02149682022961578	39354.09103264178
-5332.177087605117	0.8932565907395341	0.0020599489356051288	0.047064978565979895	0.3922262100987898	0.8762273799997978	0.05349995429367364	0.20645536945786555	0.006432477340306681	0.08235556643521229	35457.11814137103
-2008.5013887488872	1.8628786281601866	0.2467001961116496	0.05383835525979255	0.5115011517758814	2.321294421974012	0.11699799972834309	0.5285972248288564	0.14280966683067853	0.12451792427304166	27545.757306382264
-10339.361014448474	0.4449158184174563	0.001	0.02442628581471603	0.15870570132337633	0.25777244833871493	0.015167083868222506	0.001	0.34987714288132776	0.02452701016685028	38689.119234365724
-9277.65846974719	0.34156118387600876	0.001	0.03559339794373412	0.4030486918211802	0.3003958676683855	0.020984731887727166	0.2601611301254211	0.1600237360197038	0.04693847873428444	38569.58952359751
-7073.1547281871135	0.5279588458683369	0.001	0.023278762221944808	0.9522666749304437	0.596786072204836	0.02952015291206115	1.7451393863462132	0.6671855339661877	0.07673064754651023	37188.098908715925
-6538.547632287955	0.7488604775616732	0.001	0.039028706628282735	0.48088445555228454	0.5372690341107004	0.042456990752108036	0.09133950465588349	0.02999553047538554	0.08279723350592577	36461.32048055355
-8032.671977204431	0.3743064179118196	0.001	0.036521963232363376	0.5778248370998597	0.48138115657981734	0.02537573890769002	0.16542825180947002	0.021515641431994737	0.10317926920387434	37864.28265794083
-2142.4819425152587	2.8617668869591744	0.20986607425741455	0.01862699021309017	0.5051920779630983	0.933765111810054	0.06888427250516976	0.38575206699652004	0.001	0.11596391043752134	28314.22664472759
-8253.692614998663	1.0138346903163928	0.001	0.0619057707040975	0.24677218566814849	0.34902436346681426	0.05198988326552307	0.001	0.001	0.036292636434077714	36448.64145449935
-1455.9695050047626	2.777872355688284	0.07562316590144559	0.16504884076008094	0.22183549042345807	2.2501852444423944	0.26222562563007124	1.4764538875482287	0.7431494449389539	0.1178065138048633	26430.735860884964
-2156.8387028101292	2.464162407444922	0.24641067029808428	0.051731212293408026	0.27171914777094835	1.491129609553428	0.08996983643610922	0.25697493357666373	0.027717880503925884	0.11159521190427854	27516.502652006042
-5737.76836460335	1.133364461994602	0.006277506050009975	0.09873203785501823	0.13541063672551779	0.7191358897540183	0.06077616940280184	0.30360913078589447	0.021693693026269573	0.0739683064900773	35578.12597047335
-3021.1967353347027	1.6769067173151075	0.054514811988636044	0.030919305079446797	1.0737629601473258	1.934377285910142	0.09431994068431142	0.5092482637873175	0.02571870438833568	0.10166734198517247	30808.229565365782
-5662.708748898129	0.5343362468812886	0.001	0.07151317341709539	0.6816925399806808	1.1714909827192486	0.062023969539297945	0.35158387848102746	0.07791811187133295	0.11165178692702622	35218.5220289047
-7117.3152974529185	0.008845533998875742	0.05319953530372584	0.03798546376205553	0.08574829861650622	0.08371517305545907	0.001	0.1622565675788279	0.11356926493315926	0.03129796169386172	2823360.802766853
-2375.589881327662	1.225697699791531	0.09014563859170013	0.058137804291854535	0.5042313418897891	3.349412247813205	0.11000640076922387	1.1489959349655567	0.007970634297110866	0.10087070795203891	30790.575692579794
-5301.091053220771	1.0081460752528892	0.007585632613511659	0.06835453839835508	0.2934526507865516	0.7977803498441054	0.06305851324230113	0.2282370429510427	0.15237292543130307	0.08192058793097662	35049.632677236594
-10452.881056038374	0.25370561915742984	0.001	0.031767814601444344	0.12853801198412265	0.24047229755800473	0.011015378703214446	0.26394128303129477	0.11743772282969589	0.05372938605697964	39053.78974720909
-1718.1725204863933	2.427949138461025	0.19797073908887483	0.03866418987639249	0.4712767104134188	2.170719051624724	0.10841431922276111	0.6742317188246505	0.012486216258316687	0.12218387338889683	27247.84971561625
-1918.4144714264269	2.196086742175973	0.09535247510882966	0.1933129169678648	0.2587004620910557	3.527536518947511	0.1778561834313413	0.2538489412774896	0.5859430690044004	0.11728817982540615	27374.990099243143
-12576.00916445094	0.14131879317777496	0.001	0.016580910790316143	0.2566156372351135	0.10506384871694008	0.005040179471364364	0.3251484618806074	0.02024215563901863	0.020068568671721458	39742.24891062321
-9023.989603903672	0.3366521620039247	0.001	0.06129977661649656	0.23098290413835496	0.36591562747349426	0.02579476911847828	0.0743373913630139	0.22452755949225126	0.09836684048721926	38461.53475516639
-3678.331832736192	1.5895827717869968	0.1159510393839718	0.017703735258322112	2.054483477023977	1.1740004880382624	0.06268162143458508	0.18957601918090616	0.001	0.11246219870681369	31748.24505232086
-2041.0909991323135	2.986686775596929	0.287987335740072	0.01382734620946554	0.5425697096242136	0.826780659964427	0.06791631111521423	1.0620292254961972	0.38702340236234645	0.09597413668752201	27189.556783201057
-11421.762558414024	0.15389227930525265	0.001	0.02250618208977843	0.20429161168053997	0.14861533013558542	0.006495423467599668	0.15648141129832385	0.13861111171082532	0.077067736371539	39582.18040801012
-4255.408848682204	0.9830914450271807	0.001	0.06370871545055007	0.6542227128609996	1.5239218358373487	0.08619844079106755	0.08885017030526586	0.4269094571054739	0.09109008532862087	33300.94629238425
-6624.607210354247	0.013165130265581209	0.08135100745376704	0.02791991997167346	0.064240922238946	0.1626883901874861	0.001	0.14933210578336192	0.11752014967714319	0.020798261128181693	2176449.3984192368
-4604.585700327271	1.2373131519574128	0.03150219061087981	0.03924625118470476	0.6898940271137476	0.8257631181150152	0.07740477609690576	0.5017870122938333	0.20461248525869308	0.08640350722592875	33727.585147998565
-7914.422786458843	0.9487706316245894	0.001	0.021367722660653576	0.5941356559696847	0.2926612144841879	0.035550261158899844	0.001	1.4652759681630654	0.117361525330892	37597.44348534547
-6817.695553623844	0.8600075678478288	0.0012217131688390382	0.04164844715596125	0.3180987221949421	0.44042696952295846	0.043830364796808734	0.22169569901693195	0.00925033671113424	0.07226559820841537	36686.697772987034
-5260.262545766689	1.1858756617942467	0.001	0.034632083091269514	1.2813018191474876	0.9307700769187157	0.08147167833405218	0.13500241355914244	0.001	0.10843847578879282	33437.35170902893
-1489.4242604029	3.43259924086293	0.2244654259181015	0.033381877737102515	0.26109888744919135	1.5500603532931845	0.1228236846671037	1.7169837055404378	0.7183004283536267	0.11943620560242933	26454.827053970217
-7847.679239444207	0.7253516314324931	0.001	0.02297076371674578	0.32636559481284727	0.32806656712713467	0.02482059334875994	0.05919017715887401	0.01984547450882286	0.07995674129478768	37682.42430741681
-2195.2045113748777	1.634316452068946	0.08104774814927278	0.10463273372452864	0.24796110385313677	1.8637456888371262	0.13404422810440858	1.3325537238580747	0.0954406944503146	0.10674214814614989	30158.520400601683
-3926.919657460864	1.0159102868076109	0.001	0.06517885928496565	0.6561044947652691	1.8688481811558852	0.08505761677114973	0.10792105657545464	0.09205447567143331	0.08997268377388291	32855.11312139986
-1305.9073831755263	1.8673879019364366	0.11218324305675012	0.17996427270042908	0.21437598604927305	3.7823002586706735	0.2284428977012347	1.8275326544662411	0.47274754119682344	0.11563528596569403	26761.742138881702
-13840.802970427674	0.12614499001601218	0.001	0.003011291265820044	0.1633172459824051	0.08673611454383029	0.001000771191909725	0.033881730160652566	0.08422119539472568	0.019964860885409195	39038.12812996603
-11704.828583911672	0.13665745537692375	0.001	0.03010624413799317	0.16802692920942483	0.15517465136304018	0.007021493416070237	0.17755742187962664	0.4211716841773865	0.09766018361398988	39766.83264745696
-10886.449408668635	0.39840345651575365	0.001	0.014470575118483667	0.10279744049528163	0.10616972392405521	0.007881180923612252	0.14323961568978877	0.05969871258034483	0.06170817575252613	39102.48143508693
-5695.103643003955	1.1589408743442866	0.001	0.02789999157774183	0.5544752903466085	0.8302876600695874	0.0627766578655517	0.30668068804537774	0.32955774148951544	0.10183195454201137	35358.92507537972
-1337.4598368519728	1.5572527294528395	0.13778195710220525	0.23641647853755504	0.19341208236619128	4.460143240719555	0.3417288618099103	2.5784459186072564	0.5956971026908755	0.11648665421563319	25454.92077397831
-2627.293274379298	2.3265542400983357	0.1755381081697411	0.22856743240413668	0.17749717535861131	1.3440578040722426	0.16473759247287176	0.47794212415255405	1.631416642201606	0.11356959161592318	28363.114505337282
-1312.5648121232914	2.7701736851114944	0.14071331895406186	0.06904265122723008	0.24232109728208068	2.6400507422348447	0.16404925915158527	1.7073612606413062	0.3420672572112004	0.11662370240929956	26791.89556319391
-6769.022139205607	0.05630017304181751	0.22262050227353308	0.0680524186133608	0.1988131946622383	0.2946782499497885	0.0076131800813073755	0.2786138089934066	0.18937206116134242	0.02730322769294094	425670.0272677414
-1893.4529940315465	2.6281713522923775	0.30865901671388685	0.026424981801529655	0.5519061777102334	1.6309673473880708	0.0878611596395878	0.4097025116105363	0.08250819121744295	0.11731441993402146	26196.48530598529
-2815.0917693333654	0.022957731269218542	0.2710039531149977	0.152005523954947	0.008413983955513946	0.291395804230057	0.0026376439839511288	0.13704398816873878	0.30807473436918603	0.0709860792567992	1336026.0357296949
-1296.9930294649287	2.1230978735589403	0.08050226877353671	0.15809001273480663	0.21264165412638777	3.690556238124429	0.2115300591878373	1.6974751516515763	0.40434063464974096	0.11633754167657298	27092.925921057424
-6443.003034110271	0.012465862243206964	0.07820010757223672	0.0232527945073003	0.1277007791103676	0.22687109638742275	0.001	0.2687761272330498	0.039680037740097034	0.04341786754908601	2276015.0891256966
-1348.628663344704	2.0522893053786495	0.10532538873685586	0.14263890668048543	0.22849765762424923	3.228947113913787	0.24220152860449443	1.8219064577610384	0.6725487731960667	0.11674375610013815	26627.878408535267
-2056.5210098070293	2.87633207254453	0.17243996579964152	0.02260669442181909	0.7209559084943974	1.4917539889084268	0.08954018555646222	0.28072799366269624	0.0546612260396178	0.1151235623533112	27812.3309639014
-3438.489729405371	1.2678266714933466	0.001	0.056585473659557246	0.6803382684943204	2.1430517700186513	0.1148524509683178	0.8161361137911288	0.7959015184174721	0.0841842705456246	31694.651139778554
-2255.2015975871072	1.1941263089183853	0.07794319517950896	0.1599475077757785	0.3282993848012444	2.980894160671667	0.15263397195545203	0.7184695675819696	0.6366261132805964	0.10537330409869367	30154.91124699754
-3071.5089588211836	1.2530231163340508	0.033783091947288846	0.08563799866431235	0.3392581347527162	1.7352836643119562	0.10700741862374391	0.6618890041045138	0.17852969318044778	0.11154747863934537	32156.83537118176
-13489.776734966206	0.16348999094919747	0.001	0.08180452458550222	0.005929118631310546	0.0688513389359606	0.003631095383065186	0.08288670784244698	0.16541219986735764	0.018734325972929074	39628.362101658844
-3300.9782807992506	1.600428891648321	0.09646803331961856	0.03977535450374363	1.0290569669497533	1.6944520375016592	0.11727176826045745	0.6087752049013863	0.5471509413668548	0.12518725099839959	29916.023391006216
-11705.382143064831	0.24853862334447585	0.0010007710708067755	0.02943453698379762	0.10440323005580675	0.23333031746271596	0.009688377601286591	0.11706622859271847	0.10671681072430875	0.013432390968896531	39081.086979466585
-1344.906332641975	2.7731082794826816	0.1782454761449512	0.05747937716036336	0.27994296421145903	2.731685295087518	0.15391689640797618	1.4848425623188555	0.42003807921907366	0.11575749218072186	26362.196876864557
-8793.45623937779	0.4687643042527493	0.001	0.030677272034452942	0.33150832081230813	0.2697564232791417	0.022807649280342252	0.20391353877858076	0.30063342639818613	0.09526230190821952	38415.3596875208
-2823.610159388972	1.8172961636734917	0.11838403102168196	0.03438309256693321	0.504569761359947	1.152559735848479	0.07967713033270411	0.4329408900312086	0.07421548031562707	0.10715095370367937	31042.760154617725
-7093.773428920811	0.4016946241022167	0.001	0.0813838887215747	0.3935439926924115	0.7997895410266638	0.04149591799999325	0.02152251131440654	0.2550566500745348	0.09496431664182328	36846.19254599359
-12364.768824937795	0.2409756325440225	0.001	0.009201839618663625	0.061892526103454484	0.04691395029497335	0.0033501460655610688	0.16965979989250252	0.13498993507715012	0.04070942146165327	39472.379656251294
-1363.3763125111884	2.0024622366477636	0.055033732176351394	0.2912441245468194	0.1735749122486719	3.441887572801551	0.30189131503503536	2.328357884522973	0.6556514969833078	0.12844221067948755	26480.687612752074
-7950.251028025436	0.31033809641631255	0.001	0.06488601494200412	0.37024130036130365	0.6308528888553565	0.029678948313021564	0.3984715250861409	0.07575154522423581	0.07402925073691675	37784.30531943103
-7187.324463544492	0.02428880865783312	0.1282534593997421	0.03653008465393969	0.1499698796154186	0.11017376782198532	0.0022718478929782075	0.46584771564624516	0.37660737217256585	0.017911455615021412	1116699.6710049342
-1531.4341572788746	1.7957886201362512	0.024183744193054364	0.28391747254992644	0.14247169897794498	2.937637252230925	0.2992912274985662	3.1912625351498587	0.6323119747081208	0.11622567349002699	27793.867883132833
-4388.796450402328	0.9418474067641784	0.001344596123158989	0.046700549812461974	1.4426109765792698	2.0835675987976487	0.1009513359506246	0.5937283798434521	0.6458593365713645	0.08720930628274828	32207.355325253066
-14373.377621933923	0.06651241101802442	0.001	0.03417572715053223	0.07942035653957653	0.07372972748448824	0.0036350685415576147	0.10311724845700558	0.04760582544216386	0.013556142545561298	40815.10649703236
-2178.4898354406832	1.9800097871438773	0.2548280241051495	0.054179885580917526	0.3156881430359571	1.3103106498038093	0.11594654769223098	1.1183360347967188	0.7065724626949413	0.1043705745225197	28472.845260638995
-6116.179294824694	0.6820690682228484	0.001	0.07670683437763264	0.3364984189532439	0.7629089445213328	0.05555463313122159	0.008079303502264412	0.22091023817758113	0.09773733979392815	35843.02011837346
-3317.6991468450274	1.6903918410242527	0.058988804245623465	0.05004468383481426	0.42418124139846974	1.1606936799066898	0.09041018683149024	0.24455859284122228	0.5658476738603564	0.10473529021701376	32102.56121531304
-3659.3041543808677	1.2050361372189489	0.11617679696098261	0.09865748247887338	0.5539616234923672	1.5720184605736156	0.19267567775709252	0.7549317573051405	1.4339177577513769	0.09507541120311358	30304.514695707538
-8825.75999207023	0.3259799898982348	0.001	0.036693435275536104	0.447725124998768	0.3441494503419697	0.021133259150455306	0.1623880211107326	0.068452006387008	0.08230577461090936	38441.70691544615
-1595.7398756354862	1.372291321397039	0.054289576159897976	0.12627274268832375	0.22554725346721818	3.95725099507792	0.18527092673607543	2.2779405759887346	0.395090095953039	0.09777897451078131	29143.56923013765
-1582.1650180142133	3.4280598484459137	0.25452300532740124	0.025293152029611483	0.29849910137750274	1.3267260631739786	0.09093003471371988	1.1708749606580444	0.001	0.11628557544415158	26265.006623714045
-10262.55525228533	0.2389003304936761	0.001	0.0637107465467207	0.15544368465272962	0.2901777449414021	0.018244412076167872	0.001	0.10049810392430888	0.051966244213005615	39192.01298235153
-7763.547899704933	0.5853108000498773	0.0021542405794511034	0.03716913669567185	0.26804499289740785	0.4706157696928441	0.028834183956074583	0.004705881803385721	0.10162466235259834	0.06018171433230507	37583.4443544819
-12818.86089237952	0.10653132109450292	0.001	0.02546900291093269	0.19174725475898863	0.09794217866289974	0.0052361228891262355	0.13539483032996105	0.17277686613668963	0.030280842624944734	40203.91946503361
-6539.916683720686	0.014911360804106594	0.09576994317012809	0.02156149897794873	0.1401806115341441	0.10047040068434394	0.001000497532840678	0.16258712075592935	0.15688300975288638	0.029904211609247666	2016678.4844482285
-1293.8359855295191	2.872547501625494	0.08153743429052843	0.12452712007453931	0.22418200992511725	3.0345797717082346	0.23219183602422463	1.6542142040286545	0.48523490632583793	0.11644046163431969	26181.311026768068
-8989.277838618676	0.3636586126415649	0.001	0.07014689691423653	0.13772309994655407	0.6074793991712393	0.026310076546041273	0.14930267078905365	0.6580687566266076	0.03593722873348409	38205.32058412952
-1607.7004475717358	2.853021371138478	0.2941670238428349	0.024312234308722105	0.3389472121594726	1.319636732481706	0.09019606885390859	1.6292274871355676	0.07678392873531685	0.11666607765177148	26362.966965961645
-2945.3435008003316	0.8714896440507156	0.001	0.12704638454801848	0.2981300385969553	2.545217239782798	0.12774361152408306	1.390948536751302	0.3494566336490893	0.12102377062561051	32191.537493506406
-6282.912783852414	1.0224930811685786	0.001285773612932398	0.08041757214639546	0.1383851188168401	0.6324235304056229	0.055342556285515765	0.8647598582130543	0.14434753560289754	0.0553017106114989	36129.638551213204
-1698.6709040772985	2.288257325202429	0.18375626448297502	0.13483794443040703	0.25695429662438307	2.8096537038717533	0.1629881880791486	0.6582719963511539	0.32420147032964713	0.12124890013883323	26505.55097055849
-6359.735788572118	0.6459487310165231	0.001	0.03815112256250337	0.6085882275792065	0.6556671647421715	0.04699301030849135	1.0932083378150899	0.3162217615034792	0.06075033336522573	36390.86945893386
-6136.614750487661	0.6976315685247134	0.0015629770010781518	0.07720560473378309	0.25828352719390874	0.7498784550642504	0.05484860856199788	0.1776758113723194	0.2084508010069708	0.08335407562146753	36156.28668857439
-9869.318382566245	0.3020183555918555	0.001	0.031075860583978855	0.21649904321927305	0.23182379511893794	0.01431110247380408	0.16691898917741183	0.14300207389450595	0.0660477939963599	38951.21551009173
-10166.782597329031	0.41696713563535476	0.001	0.0384809643709425	0.06748474645043721	0.29983918542933896	0.013814113706111904	0.1660315055552943	0.021279348008383128	0.041318670159785034	38532.774390317056
-2507.6319023845535	2.786608306964664	0.1050591722545505	0.06112578502988444	0.3802287901282677	1.2308997011736866	0.12979901235284122	0.4623499642860144	0.05216950725148573	0.12857146162792343	28343.998104789745
-4952.164814263685	1.0176040111557447	0.004776631685352616	0.05030840049044343	0.8145861456774973	1.005561023258528	0.08187605043385897	0.28122780785893686	0.05729700267236823	0.07713416703262692	33615.35397761866
-2713.062525847223	2.340491459052913	0.17714510981144752	0.08862170317505323	0.22208511515911367	0.9680458978303201	0.12630650688235462	0.6189457387082998	1.4150610082877755	0.11486230426447616	29380.710646095493
-5175.560506751645	0.8329792412731969	0.001	0.08058494846102161	0.3448633280346377	1.1155070007787824	0.07145250513960764	0.001	0.9460957328914773	0.11340465721351932	35014.85242459074
-2998.184328506475	1.4300093276623165	0.13411013231822552	0.06485310817454276	0.25307836237393716	1.182303652009364	0.09823590452463128	1.721360290013496	0.2744771768548747	0.09753456636057317	31816.935833617023
-4123.443816586368	1.6672591338952125	0.03570916070845009	0.04444840011491497	0.5322300314776649	0.8061029511853115	0.09941496332034354	0.38673441926529223	0.658173315339788	0.0906492858264937	32730.32211603037
-4603.702071141286	0.8594453625098505	0.0049929671933454725	0.05560296875445185	0.8593306197223817	1.3444306776857975	0.09093976227154611	0.6794356195458964	0.6954096020454034	0.08284680202228135	33536.93928916552
-11269.238377162834	0.20071663304059673	0.001	0.037523612601673945	0.15345307298037802	0.19839389294968768	0.01093079766179351	0.19324607765178994	0.07408631524939951	0.03146216211299317	39439.80723875724
-1259.8094623844402	2.968936807584428	0.11596856401342975	0.06183843218572791	0.22580040233846915	3.232553379883045	0.17057287173314845	2.1054691545577633	0.2646071357438931	0.11509619276629286	26707.58078836812
-7400.6055763554305	0.9058307734663803	0.0010647597200834963	0.02949764435812649	0.28879586271999186	0.42047073252322675	0.034433142435009764	0.001	0.32144195077879023	0.1286392926486017	37123.223238945444
-5357.325470568527	0.014264922295107427	0.0979358044886841	0.04389997522880653	0.016354074356529816	0.11563560532700609	0.0011085156074394636	0.026971039147640662	0.08643646120033976	0.027188405461501246	2152674.3494969425
-4157.552154763765	1.4902627755090827	0.33898282249871253	0.041741469489875616	0.402059937261589	0.6283837385052697	0.07057523901815825	0.36855794376258494	0.10559754662601988	0.09546170467695189	31000.101471552083
-7122.534320986597	0.016193093780536752	0.08728288489642586	0.045524983095582484	0.11576000270959123	0.19270476372656734	0.0018905122346650168	0.19480590543514023	0.09943518280442089	0.022487999224096333	1524430.7789617153
-7417.218940389611	0.5719775434597132	0.001	0.0340542950001025	0.49395891135860837	0.43885718317539923	0.03184408933410008	0.08012329280928124	0.10640378085384553	0.08107271127365026	37363.777415050725
-1341.966489798376	3.6651089655043365	0.16945243762401072	0.0430146009575143	0.23311593575178338	1.7902105241672719	0.1453883244658746	1.9213225435633372	0.37161840392393924	0.11997544672490913	26442.331249815972
-8575.216711756619	0.5739420674259466	0.001	0.04292959606518191	0.15949316828531795	0.3011752311449019	0.025994403096354344	0.03450853374814572	0.1552234643925142	0.0867713498957967	38180.02606073609
-8948.999957528533	0.4013853268542589	0.001	0.07044043293780172	0.1657583165234536	0.34776713531748127	0.028593638662235157	0.15398348596649508	0.06461755804033699	0.0671004691894222	38355.36393402607
-9650.32311087719	0.4034535477935372	0.001	0.025376531544823045	0.21634572940539074	0.22895596470790483	0.015184783308867487	0.06830290033310771	0.001	0.05241880762657209	38667.875022400236
-2465.779387291215	1.5068047607344006	0.04516351354962736	0.17020870209920363	0.18629142929354825	1.8314732424688938	0.14271962610787034	1.4823004217941198	0.3053098025182475	0.09980738647188214	31002.529041206795
-12927.856339311442	0.10416047562192136	0.001	0.026279139082758016	0.16976640716732805	0.0998202257629006	0.005092954057948879	0.06547205452652324	0.20537042188968688	0.027357909172215013	40179.01980332016
-1557.4582389998486	4.015963159644565	0.12089181166868405	0.03832129765533379	0.3090677641576913	1.425309042054654	0.1405847923044312	1.0332313942419715	0.5085975771983567	0.1114366080561883	27477.72905058489
-8262.128271661764	0.407629045656339	0.001	0.04628630157086588	0.24804215055794143	0.4221560162768408	0.026996281529963487	0.5264404084409945	0.41081761814693885	0.08351787520400274	38239.32543372907
-5714.356812459624	1.4160830444979824	0.030448285361606004	0.024494583399046112	0.34386675195038535	0.49531568550363514	0.04250595810129524	0.016170151128294674	0.18380426619956905	0.0778867475702971	35624.545351964625
-3703.550867803374	0.8590808821649072	0.001	0.07030248504690775	0.5144728962530883	1.890379009868038	0.09195217714337063	1.0100769406805972	0.03531977592053285	0.08441793902705835	33067.768745075366
-1399.5077982013681	2.4885850519647867	0.1052911540562205	0.14779622146675414	0.23837620992274947	2.9854313455667905	0.21143447868285287	1.2262092327021106	0.489861901008869	0.11635936725205787	26481.001823933446
-4661.232461671076	0.9612695152158945	0.13129279204810793	0.06853992226684665	0.512334021612476	1.2799481751469635	0.08463941022175658	0.05288122765177668	0.870679737996226	0.10505895810933397	34202.75814881141
-5351.112216156294	0.022337747455705912	0.14825014797751296	0.027125753970042268	0.049564686930184565	0.27734899869886664	0.0014152736172286758	0.043597613431240564	0.09619989820152924	0.04035338700751735	1411811.0824829014
-1465.427540863344	2.8615803897816523	0.03045280271996923	0.1967470217191043	0.2324029922859446	3.8939850286265707	0.2400775973431464	0.9622064240526711	0.6424134315105747	0.1193125648288165	26580.209412996734
-2734.863486764193	0.04739045847313519	0.40333905828889355	0.19488956897646198	0.015613381167169376	0.40687607918000407	0.0058325004114493295	0.030901329302145137	0.9182595123158407	0.07859390756160631	643621.9166731022
-3636.732188312375	1.5041941765247604	0.0034689613416223047	0.1178316355494324	0.23140891130423774	1.5143962076988424	0.10101449557841453	0.062366049231798136	0.008020038659634096	0.11660783705222354	32623.82681378091
-9344.045148106048	0.34141752360237865	0.001	0.03491974672735892	0.2149266521722673	0.27741338429251233	0.017231101622223268	0.3064896997220273	0.15076644858031799	0.08169756917161258	38716.48694785295
-1877.3262275982531	2.128353596147635	0.22147554074054632	0.039557791682517565	0.48297128022892555	2.194070599078094	0.09705997815518792	0.5093309228029693	0.044528186398276846	0.10691705173326829	27796.66110085557
-7243.455708930532	0.49713584942628547	0.001	0.08607278315732679	0.29127272513974867	0.6051304854899996	0.050154967022124505	0.7039417554641711	0.47577798304889063	0.1107843349592127	36964.8709303505
-10913.407511961868	0.34311784148414565	0.001	0.013448698983442647	0.23517929084329153	0.09315722792434854	0.008391625443472118	0.2737286797322235	0.003913016252006294	0.06140905597312286	39361.605155446865
-7760.7480924717565	0.5883309131756217	0.001	0.04317589010564295	0.34124244302725587	0.4133347903625891	0.03455945842628307	0.03796723693112045	0.07871582703436153	0.05763561590214947	37421.70538951604
-8534.023200709882	0.475962222339952	0.001	0.050077554784040634	0.25209791814316523	0.4043668679742385	0.029058088279573346	0.001	0.08334264623412316	0.13156056352070944	37811.38630555685
-8136.213549324333	0.5567721225527454	0.001	0.03393482630030658	0.30637504100408425	0.33015379360202857	0.027596983520520906	0.21091561320128777	0.08577729457967778	0.07179858499533434	37961.59283756811
-2740.5546588781795	2.2737779560606177	0.1980575069117387	0.022746174123174822	0.4692591988133811	0.9137541049643175	0.06361264006629162	0.20650770111915123	0.001	0.13363056348867985	29620.104537186202
-4463.620714412647	2.0258721631825356	0.029119264038111808	0.03596223442448065	0.6723704245764901	0.8937250146512955	0.10374167681783425	0.3106702390406535	0.001	0.15134472005317184	31683.707663625974
-11237.506935334535	0.2408735465784536	0.001	0.02159280887701895	0.10127746579278965	0.13760275706659633	0.007357110598117343	0.001	0.051261533994448466	0.053527064041565306	39298.15796644082
-10110.84925256348	0.48379636413233584	0.001	0.04298981971794837	0.10502550140042684	0.21989747307127142	0.01934772595113391	0.1343062768118412	0.001	0.03296220519299739	38683.61830995499
-9187.920227252329	0.5939394487896972	0.001	0.03555111817029004	0.11462674687864986	0.24539495391365965	0.02019960080165985	0.06090824033977207	0.1739737519423698	0.1037533580178902	38380.31225433577
-7836.695741304024	0.7210666027899381	0.001171906807428476	0.04450644577355284	0.1733575139940903	0.38345991115847944	0.032052053323500994	0.03404838827326599	0.6274133554414436	0.07237221749125007	37656.349667811235
-10690.613318217047	0.18058427433646776	0.001	0.052423963897510126	0.12742001721122304	0.2673272693286108	0.0117556768108895	0.05349927083816282	0.0277450813217789	0.07067319423773702	39288.87264357467
-1297.504372858713	3.3335471721802032	0.05950030517623798	0.09629108111169676	0.19715002011768906	2.43265467552438	0.2478540329985086	2.348141735497714	0.4465632981012471	0.11578982399065627	26420.670953626286
-4788.166583384375	0.9336489928991719	0.0029397602369387456	0.16228428585182655	0.1969618946005203	1.1669571112629282	0.0862607824148798	0.16876353525082566	0.4858716352425172	0.09592500396544475	34354.761933728034
-9201.28515577014	0.3088915043477143	0.001	0.0505003245239434	0.13113746028693843	0.4459438085328981	0.017783879538184433	0.0033684682142146303	0.06027247077890104	0.08647251733222336	38522.356446346246
-1835.002314184795	2.4347731552330805	0.11385294751688874	0.196462380889281	0.23837921217106717	2.618415462294899	0.19230686772640865	0.5028317669190409	0.6519139096572681	0.12439363041515814	26954.763447900634
-7269.785483929759	0.7283960961940251	0.001	0.03560290646356135	0.546478398093342	0.4061913517925051	0.04310685284470765	0.5412830135966933	0.23711346965917643	0.057927495222684706	36899.601777870965
-5189.251882426895	0.973245037163947	0.001	0.07905853947826089	0.4227957444799557	0.897130111373818	0.07904750505907236	0.042777185388557695	0.6869653267525716	0.10759677365645721	34384.06469920611
-6895.446362750063	0.3527847940292335	0.001	0.054714621805684975	0.637081994620033	0.9381648775931586	0.036011217956217326	0.3074051499305127	0.10073745403233068	0.0853242515314251	37113.527744863866
-14346.913181494054	0.07889298439726107	0.001	0.00791116653792222	0.1479520751901954	0.03424854184729153	0.0015072097012243887	0.05622130866084014	0.17205430918046738	0.013129051029988967	40146.24599844638
-1529.1673842271975	1.4965528164903537	0.001	0.2967251544869177	0.19928483361587246	4.894092296532139	0.21130143292674192	1.333504193719646	0.3693801748599726	0.1106283271250726	28667.543860143483
-5795.840583530182	0.014245711260270487	0.09559807813578773	0.026841343120121035	0.052203796005804666	0.12943169987860695	0.001	0.2735324552221216	0.18085664914943067	0.034702250610341094	2141324.4661840685
-1600.1585940261298	2.4249166057820144	0.16712777443356733	0.12601154775130333	0.25921778678090557	2.7748905232312007	0.17584471068250715	0.7434961355475165	0.6374276300673946	0.11806141918641361	26519.017885148285
-2405.2006866342745	2.489992969072715	0.3438925426291564	0.028154136373193347	0.33230102976618725	0.7645013102099184	0.08231870610516619	0.9901948148853019	0.8678474603766936	0.11692757367518158	27490.9749093032
-1315.6179220908252	3.385451349284388	0.14060502594889562	0.04680095619093723	0.2669018047568494	2.64737765106275	0.1488055910438329	1.5456706890502983	0.15518503592837413	0.11777432150506238	26490.413010518423
-4812.745084512089	0.696442296558168	0.001	0.09624144248962228	0.37077902193085266	1.434294884019589	0.07653400544786329	0.1757734831408829	0.8543002975237434	0.09147321649878136	34768.326234469016
-1431.2933326171794	2.865684462037005	0.18936904665727872	0.04647136718612279	0.3614406733223671	2.6754367491185658	0.14355694046239117	1.0991280739577596	0.2832964634899318	0.11854348236641753	26094.304764452303
-1822.0383338560628	1.9379292488303166	0.2636810962740703	0.02994712396949446	0.6424173325926206	2.7363137579161583	0.0942436763199272	0.9643805178187153	0.008854747991020293	0.11478754400404667	27619.94461155028
-1657.6750675621752	2.841449390499065	0.14752871724141314	0.03251132026282026	0.36500055857157176	1.6566099343467944	0.10097668242989229	0.9306521738429266	0.04282869044609759	0.11624451800961956	28227.156729901923
-4194.143640164178	1.6427230120863139	0.08032124912009915	0.037039726690250976	0.5406913936285166	0.7065828530774596	0.0750566659213756	0.10363979561658172	0.016695302059341544	0.11451049646784407	32575.721085494584
-11089.98379490349	0.5173775509290298	0.001	0.028334999549268432	0.09514173939125352	0.20196704542685037	0.014861746695252552	0.023460706907966915	0.2563134679708083	0.011376921299556756	38684.93854945077
-1324.536742501324	3.298523538034098	0.10209244363344992	0.07751430273123162	0.1945618551700545	2.1556882184049133	0.19611324355891685	2.3007653270266197	0.39573139651347033	0.11716203267940802	26820.533064765
-1448.531807647103	2.5852624124970767	0.2797771032207554	0.04244381990847693	0.3523022477522496	2.9124603520443246	0.11671436965277829	1.1128777328560309	0.05711111728886992	0.12009322214518703	25657.694821484034
-4650.770677561365	1.3419253403443974	0.01125554839272579	0.04888772762190997	0.7066889894886125	0.9816118181010819	0.0881423291422968	0.001	0.03129780888377867	0.10724955931333395	32980.03730934163
-3560.015761380013	1.7018999274790974	0.21429419810659595	0.1218134433530196	0.3312448768358809	1.3880882731390747	0.15931986885383206	0.06439100237172461	2.3105496039910007	0.11236979617536584	29685.044874798317
-1567.2258812252658	2.707997555440727	0.26618365668618993	0.04730955159720098	0.3136747686187337	2.246263745325614	0.11257634688827854	0.8946814641063987	0.0041405318799308255	0.11748934658610062	25922.699197687907
-12003.76146005277	0.16080430880957317	0.001	0.03231492773351749	0.04302907541005173	0.1150822065952993	0.005454189846702022	0.2059071665630957	0.0631522721891057	0.05961766995886196	39587.53271000011
-3979.7638141251505	1.4699370121465694	0.07394369872934518	0.03659194230155661	0.37629447167342484	1.0476732971487688	0.06512445374526951	0.08958412200708846	0.07020104057975476	0.08703360834976014	33373.320614095814
-2286.5337422309385	3.3054621885601674	0.09573106521128663	0.14049226906819723	0.19114040567057086	1.6087434241059775	0.13928709061097921	0.1820455197586998	0.24127914937099995	0.10543286706971927	28156.3858983547
-6910.311124338641	1.4167375861998934	0.024122866209312473	0.012842680371498156	0.36996638487554845	0.3000330083821749	0.02902936411390267	0.1369780294724995	0.0505829101266984	0.06889335512385028	36854.24360862237
-3231.364832952121	1.2432906786664226	0.035538576371651004	0.06845641755796539	0.6480373248462827	2.347025764362752	0.10890521430762716	0.2957062830638252	0.6440716377079665	0.10650812040015627	31441.52818634341
-2549.6793352912846	1.5920761548212237	0.1591378262646318	0.09958473698010326	0.26487937009342677	2.4206913884637298	0.10225160315531422	0.05125231430641803	0.06422347605478099	0.10840265832142999	29943.612240478436
-3082.2984706172183	1.8021945065534155	0.23921138134351383	0.044307279601334515	0.6676920096928244	1.193142184005854	0.10250752222894915	0.5772451532742358	0.001	0.1436572495953527	28468.34037509609
-7854.854370687508	0.01927825709421164	0.10002428882619877	0.03769117169722001	0.1985778547707408	0.14338309686063277	0.0020111976304728572	0.08758865836643782	0.07245467860914948	0.01349544737006807	1304665.1180404988
-1283.2621723044765	3.39258518443235	0.10525493295725394	0.06333876698462397	0.18455660570426988	2.539874921426882	0.17382583654069203	2.588458532303465	0.16325303282267703	0.11406734760003233	26864.813786089933
-3006.4443400258597	2.540509944212394	0.08025014603790627	0.018751631311689887	0.7195750789761944	0.7737116717070864	0.07606949841319983	0.5372070053217712	0.10157683310681842	0.10283458822282662	31258.51928987629
-3423.0924312554725	1.0617964028057458	0.001	0.055748846170662676	1.076111844434554	3.152261768785995	0.10616282293143725	0.44843420963616887	0.001	0.09589006288879862	31193.020817369823
-3787.2647547858637	0.9943724775933735	0.001	0.042382350712115185	1.1744937860086433	2.4436065394872455	0.08631013700044768	0.6368413004319564	0.001	0.11418264846777887	32407.00317733534
-5010.455379082448	1.2053775068783525	0.032872507605452884	0.09521614722416719	0.3233585195857873	1.0571571422583645	0.0906398907246894	0.001	0.17010721058180006	0.15304941712227146	33238.28879542864
-7510.284314463588	0.5524786089419721	0.001	0.03783925457747731	0.23940685274276644	0.48756291142278363	0.02848694303906411	0.6414687478743171	0.11328881660457604	0.07913430117739514	37639.31335272012
-6168.053025954083	0.8182487469600476	0.001	0.05680801816139034	0.33514295576904696	0.6191790902642601	0.05178834230431087	0.040585067330476135	0.03688176971042749	0.09321046698827545	35985.35619969107
-3348.4167409037173	1.0199454158491106	0.019104075152106357	0.34821566511235047	0.19359614475165685	1.6692803544628718	0.2806156607697943	1.650583045978037	2.2827370655841372	0.08996414314213592	31916.485927763955
-6655.3908248102125	0.7422467714587628	0.0010534473613103429	0.035616046682534666	0.9637775819473553	0.5469136914194815	0.04648512267338532	0.035275796791603614	0.29908349135525675	0.07626253602086007	36060.46318040789
-4220.148028349336	1.1974505960599844	0.005696647956346031	0.03190386370445673	1.0837778998885843	1.7121835821767366	0.08986909492354908	0.9130555576685679	0.8981950828307247	0.09606574891979872	32949.86816818258
-11250.413640833278	0.20986794191806912	0.001	0.026284202307823797	0.12490714658723855	0.13000244948265288	0.007941101327830984	0.17257666059718613	0.09523378703868207	0.06513483141679388	39446.943188014186
-8189.644488297173	0.3756705187985608	0.001	0.0619976172549087	0.47252478657445257	0.5670536557635433	0.0362162657170807	0.1969882503570984	0.001	0.04191646848643259	37472.32700671325
-1725.123334392508	2.536492842202342	0.09293925645329751	0.05842246206679729	0.2738001256910786	1.6729038421237052	0.13987132450688236	1.3766649121415253	0.5316391994092423	0.11441563038487067	28989.95412297965
-1638.1902855362446	2.0094040865359424	0.11816881584989992	0.1978590510132354	0.26470615644266526	3.4814574432779897	0.20400248505715296	0.6914026874441327	0.5390606211053031	0.11372297249510918	26767.404770949317
-1697.7840528839456	1.6985527443277149	0.024134103472287262	0.1239971257139378	0.2427865774727318	2.9552186450161937	0.17291193222512455	1.6047271216388321	0.19594312493086913	0.09869512263048068	29341.841556367322
-10182.171048404125	0.32307840628607454	0.001	0.03842613607910564	0.19600075495796113	0.19923067793043098	0.01707764070338795	0.3071194173192717	0.028021311263627682	0.10912101102397748	39110.300324830794
-9619.951007316855	0.562453844353726	0.001	0.04282173539831879	0.16946081488479786	0.34586242878390194	0.025681763093157003	0.004553965321748478	0.25732618033272797	0.01687690904684136	37996.08346288785
-4324.555492379345	0.03092811036665925	0.16092359908003392	0.13373498247953444	0.015554363041254439	0.3350316169731418	0.0038048208562410646	0.09368405833578654	0.3406611863481775	0.02937873083368137	878623.523510057
-3538.78144886026	1.3407808067150975	0.40047186606797724	0.03892690196419306	0.7375194700226373	1.2346919005519255	0.08562031237303985	0.527944184259673	0.4002812884262312	0.08495931848781194	30370.318589123344
-5208.858814623658	0.036547059872507906	0.20086533517870525	0.09050601314612865	0.01972285700874923	0.21955654702783395	0.003609567438876583	0.0013835110014924527	0.05408889690520929	0.019343038179630456	805172.5625015526
-1777.8477141317035	2.3062413798883554	0.07431164947887937	0.13088195672632513	0.27986550521819203	2.9880359268810985	0.1676213569580883	0.4802095539596736	0.3947106336705795	0.11232283962286127	27900.31354093217
-2193.34547207001	1.4612955272832828	0.17913629550391094	0.0574207994374586	0.4154641448854308	2.373756205771189	0.10221731404538104	0.8799405124504301	0.02010624051868199	0.10764303493955192	29993.729088567394
-2338.269268708197	1.9997114537092218	0.24054931899038462	0.018928304251557386	0.7370722767985182	1.499325825347656	0.0772489790296823	1.1904061563440522	0.4995168659178502	0.11567452846097213	29003.169050929613
-4579.973440426574	1.116083463686499	0.00929220244650145	0.07793695690331232	0.29463719826304097	0.8719057342433497	0.09788708982903917	0.9220744781333402	0.5883898348320415	0.09305349231011163	34253.73418519807
-2804.2861390814205	1.3780500718012878	0.16945466676375454	0.04014321957791058	0.8774806991137436	2.1982728658149733	0.10285781928163255	0.764301905677011	0.09458099561886993	0.11432272552514582	30056.30263871618
-12332.35201715206	0.20381937847794918	0.001	0.02865405398641271	0.038144996867861214	0.07815676281272299	0.005572189953494574	0.11200483927055283	0.06624256709479323	0.03886248583967213	39643.02698186901
-13114.071152165301	0.2618347381303953	0.001	0.01746711572229492	0.03892164609512252	0.12476299437647513	0.004955478131415809	0.0753615184297207	0.09628969304968392	0.003970880281449655	39090.878346621976
-4382.234271626751	1.340873389734912	0.12436014675665495	0.13744092280522255	0.20438692420202675	1.2631107174993723	0.09782598667125664	0.00735097523678012	0.7552891691726545	0.05400401911388567	32306.270384195224
-2277.543300196661	2.649173513226416	0.24155690712972028	0.02043036818515733	0.4745024347836189	0.7739885439687257	0.0891059416351326	1.468161027219915	0.6374914122008003	0.10561508889661951	28227.73216107601
-5701.543045826256	0.9316099816247154	0.001	0.051075485640513514	0.47006269609623386	0.7014095093105799	0.062027511642385166	0.18769981533936952	0.21280074418546063	0.11587193834215746	35273.54360323358
-9049.870177773799	0.2973893181348374	0.001	0.04197298066345013	0.36981747210791843	0.39968322066391004	0.02159912973785177	0.0013163458058531665	0.9216210702103025	0.0984081229523222	38689.921328240656
-4929.831982081926	0.7825745795517632	0.004567618742325088	0.1327902606670243	0.32460720551290917	1.278057538904256	0.08848664915031022	0.23460345672643393	0.028427063925824215	0.07941788873239944	33921.24792488378
-9560.131365523846	0.5291241952759039	0.001	0.03534527767885661	0.11477147086284607	0.20924379969032683	0.018727997945662517	0.13911359491664016	0.015013712874046837	0.05939765237631263	38634.816613410476
-1597.8797173809646	3.0280354867398165	0.2546448490471967	0.03041343298571078	0.44600618603118436	1.7991731694010358	0.1122587689525988	0.8586520863264595	0.3945440634239453	0.11464084144153801	25957.06130143478
-1696.6965061700134	1.5463636934397849	0.19653516373613467	0.11898702162426858	0.1968706388473675	3.408470661525855	0.22435157438240216	2.5066124754718073	0.847945408526851	0.1060387786955201	27657.067920694863
-9612.335488745171	0.2672432967688495	0.001	0.06973752260944417	0.10051129931016616	0.3959241434287965	0.017776296269316417	0.278587156505428	0.08629510952687547	0.0792586022868256	38765.0703736833
-11343.046925186634	0.1897973797605476	0.001	0.01697613233408106	0.38754747536002015	0.10836107685791994	0.007014065127198759	0.15039890563990047	0.1271960903941742	0.06315650621454887	39621.73740309817
-2594.295456937254	2.1723370223717464	0.1430412806885064	0.02396050825720973	0.7876867846137762	1.3546506439885262	0.07936515073882808	0.30810942780765205	0.08472554879198099	0.08684517918668454	29680.39729621275
-3491.206860382188	0.9437690642034873	0.001	0.07767291215665026	0.4662154215651694	2.1640481192509538	0.0945473980716872	0.4603936926606674	0.4537764646613752	0.0955467872454655	32995.473242018415
-1831.6033411104788	1.6326437629033106	0.08193106426418338	0.08594617774591529	0.25176018369545383	2.4673766676177524	0.1572940168376125	1.8848578315945448	0.6576304483334804	0.10692152513306163	29709.04144282033
-10352.277859907466	0.24648048237768358	0.001	0.03232450081257545	0.09532379512396513	0.3327117371341004	0.009972221672642837	0.10139000724113334	0.1197436776772119	0.07943119838128211	38867.98909849515
-1832.3713708819455	2.5170501303903237	0.12767606082416502	0.05974997979407152	0.2786959818077966	2.655279807268553	0.10639144032757612	0.42722750391209713	0.0167192861661879	0.1062644527336079	28468.041667823723
-2646.7322078125458	1.5099756219615954	0.5428188217686415	0.1392566771539086	0.19267560527218827	1.703782063505686	0.23640037461705624	2.6627990851877907	0.94645583752527	0.11376039475612292	27194.4528382724
-2474.5276753492726	2.2224417387518645	0.0903429116886054	0.059468648141899165	0.28757461321928973	1.5404220975763452	0.09515319108347407	0.21642129981435176	0.10346240941742368	0.0999130348217538	30309.49135712546
-3808.2406431613917	0.8697421780264509	0.001	0.12676461797096258	0.2427684717551906	1.5821931285692075	0.10130289886008222	1.425896068882719	0.04704805684550128	0.10519415391362984	33482.89935649941
-1691.9828460157464	2.6981195657401402	0.36351908721508197	0.020281375883490008	0.6557092854508579	1.9723448594318267	0.08861475455180498	0.9360446231057381	0.001	0.12131066537283955	25185.794475330546
-5450.599019631876	0.9850429455123864	0.001	0.04619349997828398	0.3367668877598693	0.856425627010077	0.05576376334000459	0.20716327564937617	0.001	0.06526365182335876	35452.43946862119
-12201.980761753228	0.26671853679647134	0.001	0.011392047810509126	0.10200648016716285	0.09701936886040138	0.0049448864620397215	0.0860987854150464	0.004141268198304286	0.022720661904219695	39197.18242885616
-1655.159614323719	3.2707941815609374	0.2758640896794956	0.03855434876662712	0.3222505166931529	1.3933655222153314	0.12196399173024433	1.0236616493483863	0.310992418937979	0.12872605336225387	25520.62858299361
-1290.5349204406702	2.8239508039337817	0.028862796749728963	0.25296098785934323	0.1621704571423789	3.536921179135842	0.28484754065721934	2.347611119749269	0.540761322212994	0.11878549754444394	26233.59077673247
-1363.0114800808583	3.271091151978472	0.03658345659241845	0.10273504275749502	0.2663336006525461	3.7131637633378296	0.23320102089393654	1.2824423754450938	0.45139277842658293	0.11583076051328627	26300.95285608197
-5088.614397733359	0.7356208180647583	0.0013754805297479674	0.0413645781383313	1.1418330381598023	1.2138977168760996	0.060720107709725545	0.31806631057450085	0.10422414409634474	0.09400912536883849	34656.98203793764
-1412.3607502091595	2.4056581428949415	0.1866610121238823	0.12486920491003209	0.20582659845791307	2.5688274666135875	0.2002465480439387	1.8721139404597982	0.39596763963537995	0.12382513153060783	26044.471160837656
-1255.6890280999683	2.8245828995580475	0.06660766114779172	0.09517930030977174	0.21630657947100163	4.377624130423102	0.19316805239113882	1.8384080796947975	0.26225478343022895	0.11474840741529664	26858.183405748856
-3808.1384398158966	1.4939942983335772	0.07743814799688788	0.031045517774214774	1.4328220575062574	1.3828136315964015	0.08484619355846322	0.19459571804812606	0.001	0.12040627201964875	31296.924494034116
-7671.800342388486	0.7883654309388616	0.002846376769156763	0.047155566317525315	0.23469355747699547	0.33919147495817253	0.04012330295393069	0.21442026919140642	0.015766520008924992	0.08546497285608244	37373.033275274545
-2092.2984323807723	1.6343461120888412	0.12953067906842522	0.08245482750566575	0.2873547639278211	1.9005009408869173	0.12354988398417228	1.266234602425125	0.30543702584356264	0.112845706334271	29832.754459808308
-7135.551256732639	0.01757523415906395	0.10348198745277047	0.027399076899402526	0.09311663572366663	0.12311889865544214	0.0012945597200633566	0.16596713658205256	0.19005729509306435	0.012998303481786046	1643809.5510244323
-12496.029637019103	0.1868153151287761	0.001	0.02789360387035294	0.0433041650616059	0.2062505481880383	0.005619191466911489	0.17214307465542095	0.24789704662405873	0.01807317214063648	39164.98588999227
-7235.837736325885	0.017115371940863	0.10815600205650759	0.01662277801964191	0.2051685688647822	0.25155182062223397	0.001	0.2643868725398244	0.20818345213354647	0.019559697459579698	1784630.8608347336
-6499.443276852898	0.7285434191060269	0.001	0.0352952981620124	0.3329293415993545	0.5654990623589883	0.03795776635424019	0.906765513591512	0.21450660666235757	0.07577114631529822	36853.87152249703
-1761.265129232249	1.9376552464403716	0.018970347339683565	0.26415330129581	0.2919088359564194	3.6733073048599425	0.2533565862218709	0.5775797776042662	0.7951614814802458	0.11393263480288743	27028.697770801245
-1778.269236663971	2.885366268720087	0.35031115559890796	0.015561330765737773	0.48682049471288696	1.1129038618579614	0.07757782499373378	1.8276072369009273	0.001	0.1194128745019818	25792.079195307495
-7895.876357876144	0.5100611841702193	0.0011004719438768987	0.06285854212329958	0.47631292238420486	0.6275744680569482	0.04631190377653044	0.30639435368911416	0.01583779035672214	0.028601152642014387	36621.7681369293
-2265.8505642080995	1.2516739522331188	0.003982086614617371	0.2863385162830827	0.24264740171762123	2.4296504433983013	0.28609233026567277	1.2825290462093673	1.638067505115547	0.09687963221519122	29393.62525426406
-1617.7621134561807	1.5111612425659966	0.014906011010796059	0.22409473832019342	0.2099070344925656	2.695598171928052	0.29570053910605815	2.0608685766333816	0.8824642307123991	0.10589055549893363	28108.958488551605
-5628.97157448649	0.8816659777206329	0.001	0.04425216842653817	0.7753579491992256	0.8239246172281446	0.06335402596511085	0.001	0.001	0.07588399730371863	34860.199607300085
-1376.7981459881405	1.826882807569785	0.1931293058763122	0.13658166600221608	0.22565984921928398	3.4951611341752082	0.18904276255344166	1.7541833296496891	0.33896949406385657	0.11493009843676755	26792.316619569472
-7395.835845350507	0.819163122112901	0.001	0.15685527905730962	0.17011157112228376	0.5849248971990577	0.06570497071692674	0.11517863872935269	0.5073661883512184	0.04946402261348933	35855.67776328191
-1731.7093079676677	2.05620590505703	0.20183019990457518	0.0706590667406997	0.3262813944740688	2.3293850709111643	0.12609856133423128	0.7743627649859174	0.18118232909065032	0.1059867679314525	27609.2849758159
-1594.0546383302496	2.0831676886135493	0.12866770389920593	0.14417335102615544	0.27791697432805135	3.3847314490940743	0.18077438946530033	0.7277923553562717	0.43113934379526914	0.11076710058617384	26982.66010311029
-2378.7074620984667	1.6308292338619252	0.024721210889971795	0.09070154263944406	0.2420739017727568	1.771234572628674	0.1308791947505968	1.4943774726317938	0.19787219102458775	0.10432138928240807	31253.80482244553
-1774.8081958493763	2.4974325717336345	0.12890927941388047	0.1950645207859605	0.25850410892952436	3.1483194942983763	0.21089477860139502	0.47272821444098306	0.8520025536346083	0.1182003756128933	26172.36864134
-7171.203031375511	0.9654850145876691	0.005520457660661948	0.057715665457749324	0.317185278786718	0.4315592843360247	0.057103079934098265	0.13748929006561414	0.6613452948663707	0.053286652805194325	36276.30544940492
-10671.663550018002	0.17181644698125711	0.001	0.03432003250015685	0.14097463459016274	0.3308084644381662	0.009036899420583513	0.17505164368456103	0.011559527616404512	0.07104677459072407	39177.986948189566
-7158.240882369876	0.636842597873791	0.001	0.030990297805379326	0.6861102117779787	0.4800319615894796	0.03611649830413272	0.0908008220475651	0.001	0.06149833135134463	36977.6386336388
-2979.7159767088037	1.9295393282415512	0.4235631269601829	0.022975932193903963	0.3518530828792251	0.8316506575210963	0.054400107726032584	0.6165572441964732	0.008724403255741055	0.11766942436168476	28378.480713756897
-6131.910929565943	0.6992181554637054	0.001	0.03722983145322556	0.6318840460474768	0.7334078799697973	0.04216095451897917	0.00647514006927577	0.001	0.08432453434394556	36143.27558386631
-2913.4522602898887	0.09301908615828527	0.5898624925787282	0.1170426109630826	0.041628824884772105	0.6095883384048688	0.01015479254275691	0.2581922533115248	0.39548320009626364	0.08502770146002354	331308.7447176379
-1590.3324250261835	2.905687022082112	0.26886288201269726	0.02804731765522136	0.46066350629021896	1.8365014662212007	0.10971104975331444	0.987362994605263	0.39965660384577617	0.11443863097034918	25980.364586840904
-11496.527133313044	0.2518884015787724	0.001	0.013330897771699197	0.16158037795241623	0.08656930883208462	0.005916164177061247	0.10405843806526184	0.08950691535964207	0.053277584661529605	39412.75177991999
-5791.6600148963735	1.2469933046780162	0.017284808629036693	0.030426987513064233	0.7478582505913038	0.5062365444748728	0.06334025476666647	0.43106044748928846	0.6165974656235692	0.0816173903493164	35111.05705057775
-4876.401675297215	1.207595473671031	0.018257292560512353	0.03678963736306157	0.8454107453088892	0.8729775630057885	0.07145430922730611	0.10228647046744424	0.48555743732784534	0.09771243504664903	34038.84701029316
-3555.165158001692	1.4311489669689887	0.07516418488314511	0.06210778668878637	0.35522248943645185	1.1184449094505595	0.08667335544617866	0.34906688308785966	0.5686039603369485	0.09666681537539645	32595.633029630055
-1619.323875114319	3.8208984623003337	0.1913267234856034	0.05459476829867686	0.29866788918719095	1.5237179812954187	0.17025992454594338	0.9608052215632645	0.8755507685673005	0.11819449761224095	25841.761932301746
-8701.673820445858	0.5562613242489504	0.001	0.03244441767740335	0.25515304570332226	0.2737559887314545	0.02459240817613846	0.08050343030093134	0.6216018870268059	0.06525484073794632	38285.813360310065
-1851.3044077279337	2.874454096224171	0.025323648581820974	0.11329857758803911	0.2510882410755422	2.5740768380029144	0.1590298456177066	0.4966141442123964	0.3035017191550566	0.10824444299521262	28906.717672464154
-1445.0446240446522	2.467272044316529	0.2183248432970244	0.06731306926578559	0.2177348417346359	2.1587215798039345	0.14990321617364222	2.0809533847810036	0.40611299808134105	0.11813401935351188	26697.31288735179
-13652.821693755093	0.10852126354330413	0.001	0.0037994830582112745	0.10807776644881584	0.05185710727417129	0.001	0.19957813134669236	0.1082743380431996	0.030002631216300535	39303.56176280524
-7746.333781441281	0.9416651847335813	0.006172925942962731	0.029252491301918995	0.3090551187353534	0.3129073660309767	0.034142897528634884	0.006137786491696012	0.004705541281774464	0.12265728437851411	37230.658100016146
-9669.212090260655	0.3437218575558468	0.001	0.025510410960365975	0.3249159791511982	0.21391546860155727	0.014936021496014869	0.031022389621039974	0.001	0.067345276288014	38811.910353816245
-1458.8335285471026	1.721601894583665	0.06844654454211006	0.12059680589581327	0.24279658239141935	3.591891891510482	0.18499012416832195	1.7793401147346433	0.19803349850137386	0.10528650984375094	28234.611747719733
-12681.724052296999	0.13124202072242475	0.001	0.009575546714931818	0.07585965839412621	0.04307298478749205	0.002262388978731361	0.04567999119153623	0.12055791799494109	0.08360132257251879	39690.28757287663
-2268.213656746245	0.9559491020496821	0.01300555736456431	0.21756964128964082	0.2830169269986733	2.9083976691079294	0.23414460263633705	1.4062917259131815	1.3104724942839288	0.11093581800752532	30149.230592455428
-10186.85661973334	0.2803512347810275	0.001	0.07368845977810833	0.07184205648532141	0.28470180730613975	0.01627029432177688	0.05956233687475589	0.001	0.08872919640822771	38991.165766988044
-3165.129360272888	1.744898711368266	0.13053569071202836	0.021516003944684153	0.7711202836446267	1.0768191594932015	0.06348925939052154	0.3648158612645404	0.00809740392725932	0.0873377284233451	31573.669215789505
-8667.908079967656	0.36996535153508037	0.001	0.03502472217964827	0.44693906430631974	0.33419825680378934	0.022311444016676816	0.10744292019130654	0.0026894091479478135	0.08899721683864498	38290.643624238015
-2210.4450432594926	2.1841881157127996	0.3326821722641286	0.023475985156862857	0.7258131374202443	1.1869170321196427	0.09071481950842654	1.036986820936681	0.07054585799591437	0.1177679379855952	26998.731453177614
-1539.210532750514	4.174918639518406	0.07583173826482989	0.07710526963592326	0.2857553847541387	2.092887605914147	0.21323901726500388	0.8907362667741018	0.6126676663880722	0.11229477563045827	26362.82523187506
-4164.580167768319	0.03191558362307093	0.20244164264109057	0.07156122052981534	0.047922846600813356	0.1446234383538009	0.003636271183425608	0.2618510110560312	0.10651629763766401	0.08286700209041775	916397.6892427821
-2938.7945156572705	1.0908343087825252	0.04235713124767614	0.0838328897405138	0.39669050128937233	2.536524501451628	0.10017972617274618	0.6116101435820875	0.001	0.11280691317008294	32109.56747340404
-3877.432053452052	1.3390014340356027	0.045800880176764834	0.05857986208509191	0.48939995732215014	1.2032854704240241	0.0850795854036944	0.05361130748500414	0.001	0.09438767334764238	32617.715516575936
-6414.673660621316	1.0905389375585248	0.001	0.031215472338474468	0.3393538440381184	0.482639420977893	0.045760632322286436	0.20668651361634752	0.14337717189452573	0.11525669873249153	36437.60982009068
-7857.266965105145	0.588745990902514	0.0010555346085285584	0.037052417451212016	0.3990474092435125	0.34987875885516945	0.03318332569947573	0.18102594215400267	0.2942144942116758	0.08544672786229104	37693.90557578952
-11342.818499576095	0.3100654133966408	0.001	0.04585721761099832	0.06611588896573949	0.16516121530415498	0.01256360712052697	0.05826198399781189	0.17331321296021254	0.02890989175576888	39296.44059527032
-7410.6511860818	0.01176110657488598	0.06868938251400158	0.027791829325768107	0.08259578373137084	0.11473757503137251	0.001	0.091666983857426	0.17421487585197748	0.014862313995998471	2278103.8146853987
-4434.248336813105	0.8638628410760035	0.001	0.088351898970966	0.2574365541044652	1.3142549383467919	0.07144836084161897	0.6887461389673101	0.013920281058118837	0.08966189275471452	34578.35381619745
-2331.3079962114734	2.5109271065223107	0.15152997066740734	0.017625828454136398	1.0756081552467935	1.5504511698916246	0.07635292248411618	0.27111322662748244	0.03441243578009467	0.11871635481000378	28930.675250041713
-14243.062675015119	0.0845381271604229	0.001	0.00637559210306012	0.037296527277051114	0.14287555206685734	0.001009312349472069	0.08078145476692966	0.18133899898806347	0.021719702654979803	39356.98171783897
-1817.8620014024755	2.173477997175088	0.1912655942758125	0.032397700634013864	0.7113343846620986	3.0014000910310434	0.10787421552832821	0.6871438717987465	0.001	0.11205663806454429	27361.12734352522
-10256.811799804866	0.4696825140636571	0.001	0.041056573145874534	0.124415496262975	0.24166764702480129	0.019526976810691616	0.09655470064207006	0.011896270541008093	0.0224479303637323	38565.315981973945
-9136.98126528105	0.5919093519207592	0.001	0.05538669513137746	0.13841089754136965	0.3003518874072506	0.02781632171357312	0.2811549403418038	0.21921786653803849	0.1356516161401065	37963.64742531001
-7686.770078259879	0.7807264969846589	0.001	0.03476534332688213	0.25137764485149056	0.32688717293141173	0.0340190047142127	0.40567407644943126	0.4520359824069238	0.0969398618134874	37630.11695208839
-1386.0258382347563	2.1648459706918315	0.14053666748060764	0.11011543826706345	0.26359419254387056	3.348354641713264	0.17762614745861652	1.2197861505541783	0.4377155841124924	0.11521414515771969	26918.054501521226
-1773.676912562167	1.7659433562403581	0.03169800126758108	0.135998251964637	0.2592421189611612	2.4797475215558746	0.23850693299694425	1.4406881225707728	0.8038737307768082	0.1008726503252816	28444.61523847957
-1301.9475610244801	2.34066859090829	0.12029955324356781	0.09432093177521883	0.24709514881438793	5.304930069653629	0.17343852528906467	1.4939789942133062	0.3350650398769808	0.11493929958233769	26676.441790236953
-5696.337379279773	0.45562059945625133	0.001	0.11218815326249931	0.4273801589299258	1.6327065475745195	0.08244156031845502	0.9955710916936283	2.051052666666855	0.057341118971020136	35766.28007429416
-2404.938999455263	2.8828055284932725	0.2257957360208081	0.01375803186849011	0.6692806901079296	0.7627021436203982	0.060135265790216406	0.18943568150105328	0.28667837143215147	0.10957893404390304	28493.81596945821
