# /Users/olivia/anaconda3/bin/dadi-cli InferDFE --fs GER_HEL_nsyn_unfolded.fs --cache1d mmd_HEL_mmd_GER_1d_cache.bpkl --pdf2d lognormal --p0 1 1 .5 --lbounds -10 0.01 0 --ubounds 10 10 0.5 --demo-popt GER_HEL_im_pre_inbreeding_demo_fits_combined.txt --ratio 2.4 --output mmd_HEL_mmd_GER_1d_lognormal_DFE_dadi_cli --optimizations 15 --maxeval 400 --check-convergence 10
# Log(likelihood)	log_mu	log_sigma	misid	theta
-547.3068930252824	3.735812596387538	4.914183509603852	0.027680329663580007	26026.455323867714
-547.3068921226738	3.735607570675537	4.913797454156124	0.02768157155803655	26026.455323867714
-547.3089783975993	3.7360425660300756	4.911214717943995	0.027695715786744853	26026.455323867714
-547.3068918090015	3.73568525282791	4.913949204976761	0.02768185598279925	26026.455323867714
-547.306894506936	3.7357118607612025	4.913955897521273	0.027676399963805064	26026.455323867714
-561.7034965487813	3.7865519054211703	5.050434611284155	0.01525223339216819	26026.455323867714
-548.6924467715658	3.672071317474106	4.783069690176193	0.03189947562171022	26026.455323867714
-7673.939310532947	0.7415332911714756	0.09967674468359872	0.49482990011107136	26026.455323867714
-547.3068921040963	3.735681691391337	4.913958548742103	0.027679643005113764	26026.455323867714
-547.3069266278062	3.735335529623573	4.9131688824103685	0.027701912887604846	26026.455323867714
