# /Users/olivia/anaconda3/bin/dadi-cli InferDFE --fs GER_HEL_nsyn_unfolded.fs --cache2d mmd_HEL_mmd_GER_2d_cache.bpkl --pdf2d biv_ind_gamma --p0 1 1 .5 --lbounds 0.010 0.010 0 --ubounds 100 1000 0.999 --demo-popt GER_HEL_im_pre_inbreeding_demo_fits_combined.txt --ratio 2.4 --output mmd_HEL_mmd_GER_2d_biv_ind_gamma_symmetric_DFE_dadi_cli --optimizations 20 --maxeval 400 --check-convergence 10
# Log(likelihood)	shape	scale	misid	theta
-2139.5022711383644	0.44022527021292285	45.11938841318313	0.06234822731299722	26026.455323867714
-2139.513792304368	0.44127414937388193	44.856405919171266	0.06237121142987552	26026.455323867714
-2139.501403802527	0.43985789182003177	45.2079254209258	0.06231133837133614	26026.455323867714
-2139.5013864214575	0.4398747587907313	45.20716965919468	0.06230895886365808	26026.455323867714
-2139.501491679648	0.4399792913493948	45.1804474336248	0.06230241926430948	26026.455323867714
-2163.304976805238	0.5079720788052369	32.12588006140625	0.06465401174429365	26026.455323867714
-2139.501577646907	0.44003475051520646	45.16739053302125	0.062315946316338924	26026.455323867714
-2145.038175726082	0.4709470971551974	38.31086970797849	0.06374617005372872	26026.455323867714
-2240.276647851434	0.597456246326237	22.44442431228034	0.06690309482294735	26026.455323867714
-2159.270690063648	0.5012521997116867	33.104081195984165	0.06472095860677535	26026.455323867714
