# /Users/olivia/anaconda3/bin/dadi-cli InferDFE --fs GER_HEL_nsyn_unfolded.fs --cache2d mmd_HEL_mmd_GER_2d_cache.bpkl --pdf2d biv_lognormal --p0 1 1 .5 .5 --lbounds -10 0.01 0.001 0 --ubounds 10 10 0.999 0.5 --demo-popt GER_HEL_im_pre_inbreeding_demo_fits_combined.txt --ratio 2.4 --output mmd_HEL_mmd_GER_2d_biv_lognormal_DFE_dadi_cli --optimizations 15 --maxeval 400 --check-convergence 10
# Log(likelihood)	log_mu	log_sigma	rho	misid	theta
-546.4424275548656	3.877621306356655	4.992673953574573	0.994506105110403	0.027541119953388878	26026.455323867714
-547.1766721116339	3.775993837426761	4.79478905155789	0.9983887393346874	0.029081059429589495	26026.455323867714
-546.4424394074637	3.877796786774644	4.993027964376669	0.9944727868117051	0.027546475493351444	26026.455323867714
-546.44242814774	3.8775789853343112	4.992609237580804	0.9945203292033021	0.027541918850385205	26026.455323867714
-569.0374384522966	3.4040005885524134	4.091966266771922	0.9978905347584891	0.03836563264673891	26026.455323867714
-7126.489443296701	3.325164752219012	3.935940086854489	0.9969828018422245	0.4799059053203064	26026.455323867714
-1386.2438116027895	3.2695360576890593	3.8045446836602275	0.9791028749132352	0.15802209549743595	26026.455323867714
-546.4424582658471	3.877973166860419	4.993502540555844	0.9944813196960353	0.027521677972555725	26026.455323867714
-546.4425457422237	3.876408673642974	4.9901699620289355	0.9945798648910475	0.027567190954851956	26026.455323867714
-4111.264581841827	2.9641367017421945	3.3148601122252703	0.9935758691245848	0.34010254747353785	26026.455323867714
