# /home/u2/oliviafernflores/miniconda3/bin/dadi-cli InferDFE --fs /groups/rgutenk/oliviafernflores/gene_ontology/GO_DFE_Inference/GO_0050896_SFS/0050896_dict_Mmd_FRA_Mmd_IRA_SFS_nsyn_unfolded.fs --cache2d /groups/rgutenk/oliviafernflores/IRA_FRA/mmd_FRA_mmd_IRA_2d_cache.bpkl --pdf2d biv_ind_gamma --p0 1 1 1 1 .5 --lbounds 0.010 0.010 0.01 0.01 0 --ubounds 100 1000 100 1000 0.999 --demo-popt /groups/rgutenk/oliviafernflores/IRA_FRA/demo_results/IRA_FRA_im_pre_inbreeding_demo_fits_combined.txt --ratio 2.4 --output /groups/rgutenk/oliviafernflores/gene_ontology/GO_DFE_Inference/GO_0050896_SFS/mmd_FRA_mmd_IRA_2d_biv_ind_gamma_asymmetric_DFE_0050896 --optimizations 20 --maxeval 400 --check-convergence 10
# Log(likelihood)	shape1	scale1	shape2	scale2	misid	theta
-9326.57327059276	1.0214825070412272	5.53475395946928	51.18673331174489	2.615765390228255	0.04178736240694688	22091.2144245875
-8939.94244337076	1.0272078132032756	3.1032903370298377	42.88444278619331	6.423268972771307	0.03719292431687561	22091.2144245875
-10700.715739572806	1.6837081019575333	2.2821850749875234	12.846738977456045	9.591354198823606	0.043842671919260404	22091.2144245875
-11327.371614122369	1.9042647314905181	1.9830242106148068	10.541718162560644	9.219395185870184	0.028279135024932792	22091.2144245875
-8071.472993281717	1.1449854169875557	1.228419034342145	32.71026378213343	28.335335281802333	0.05619740744805821	22091.2144245875
-10160.689006166158	1.5379341816482262	2.4847260048275785	18.15568798939343	8.14879423457453	0.03738348350984349	22091.2144245875
-8909.652387719783	1.3544032994819581	1.0996851455542658	21.390406008340403	28.49510421963138	0.05248911204763239	22091.2144245875
-8119.51031069234	1.195155644035756	1.2933139408459107	32.268553169839024	25.62203289909401	0.03925254879690169	22091.2144245875
-8691.900611363746	1.1689335585229392	1.9604443071030513	34.31973518040863	11.366845222002583	0.04427280909030517	22091.2144245875
-8190.944551022854	1.1025630867915788	1.4832800909027761	35.303295725683995	20.469870730263416	0.023844544377685156	22091.2144245875
-8944.405416230044	1.1740147456957777	2.076629785859737	30.494654890417827	10.75647849235704	0.042983673868634005	22091.2144245875
-7671.527657280803	1.0116612780474812	1.5058585069835302	51.55103496472448	18.588971436678786	0.033360740761169426	22091.2144245875
-7753.852452391621	1.088394117856525	1.3459254860262087	42.09458614093929	24.2551199092323	0.030950504675520393	22091.2144245875
-9313.7926803569	1.4471266910234988	1.5379056659342971	19.12991241107546	18.084202751534672	0.03845930876521025	22091.2144245875
-8518.898698151985	1.4583261384605182	1.0190024420582116	22.046227314806554	39.39855727437991	0.03208441140419583	22091.2144245875
-6710.552561194509	0.9729475179491331	0.9106980945504997	62.44869012344655	54.1047444712383	0.04574484812364497	22091.2144245875
-6551.165530242197	0.9564571118842686	0.8684086667468615	64.21799910663654	65.13531078439884	0.031145693712547676	22091.2144245875
-8483.981785688618	1.4460267870101304	0.8694443261685058	18.385814945611855	65.92021969160305	0.048307196670674714	22091.2144245875
-6534.7076879358965	0.855994546747671	1.1686815818924268	99.98343662240109	30.985829806697545	0.05021053610781721	22091.2144245875
-7245.205675669951	0.9423343840158054	1.387138029532457	64.91402566379644	21.890239770644662	0.03188816093758505	22091.2144245875
