# /home/u2/oliviafernflores/miniconda3/bin/dadi-cli InferDFE --fs /groups/rgutenk/oliviafernflores/gene_ontology/GO_DFE_Inference/GO_0050896_SFS/0050896_dict_Mmd_FRA_Mmd_IRA_SFS_nsyn_unfolded.fs --cache1d /groups/rgutenk/oliviafernflores/IRA_FRA/mmd_FRA_mmd_IRA_1d_cache.bpkl --pdf2d gamma --p0 1 1 .5 --lbounds 0.010 0.010 0 --ubounds 100 1000 0.999 --demo-popt /groups/rgutenk/oliviafernflores/IRA_FRA/demo_results/IRA_FRA_im_pre_inbreeding_demo_fits_combined.txt --ratio 2.4 --output /groups/rgutenk/oliviafernflores/gene_ontology/GO_DFE_Inference/GO_0050896_SFS/mmd_FRA_mmd_IRA_2d_gamma_DFE_0050896 --optimizations 20 --maxeval 400 --check-convergence 10
# Log(likelihood)	shape	scale	misid	theta
-3524.2593392878052	1.167042187841761	52.01775312802001	0.013706091292791895	22091.2144245875
-3217.8075171570986	1.0473822465102363	63.91823850888403	0.013650002517560718	22091.2144245875
-2897.7991957169397	1.0222752804950757	75.99911667709131	0.01987797283753224	22091.2144245875
-2714.8171691245916	0.9937956280573671	86.3322489909488	0.022672631514521032	22091.2144245875
-1994.3053675750919	0.8292849519441002	162.14926962415106	0.020882295544971247	22091.2144245875
-2039.259170076548	0.8397602866950871	154.73752684727495	0.02067360937635093	22091.2144245875
-1877.6063460163314	0.8029753503891817	184.2647954463494	0.020380947732688115	22091.2144245875
-1860.1177676976993	0.7301217189300728	217.813753321032	0.03978762210101055	22091.2144245875
-1498.7971608260207	0.6793695945528255	319.721896620411	0.018111770685938552	22091.2144245875
-1530.359777066903	0.722975885855487	290.1143168754619	0.018795400725992027	22091.2144245875
-1717.1011040474539	0.7642392202037136	223.77549018817274	0.022259538916358512	22091.2144245875
-1594.9093758131899	0.7218308680090023	302.04295347476113	0.05316637450376184	22091.2144245875
-1739.717224577487	0.7696997787044075	217.27411125829644	0.020024162167563975	22091.2144245875
-1564.355302417559	0.7257723950343364	275.2454304794194	0.020003304243327448	22091.2144245875
-1936.1648536822108	0.8145453284232427	172.98763231505035	0.024689450358206556	22091.2144245875
-1364.2550128113592	0.6748837214753636	378.764194670327	0.01869595877538349	22091.2144245875
-1164.9828445254223	0.6198300194663654	563.1888070440228	0.017931226382515788	22091.2144245875
-1577.3575674555377	0.7225237011270981	271.1687497632068	0.0200724605471819	22091.2144245875
-1247.7038286576142	0.6428435234405406	472.3702541610999	0.020095125939521456	22091.2144245875
-1495.207538068974	0.6969080248190747	309.50085588448997	0.01489726501063727	22091.2144245875
