# /home/u2/oliviafernflores/miniconda3/bin/dadi-cli InferDFE --fs /groups/rgutenk/oliviafernflores/gene_ontology/GO_DFE_Inference/GO_0050896_SFS/0050896_dict_Mmd_FRA_Mmd_IRA_SFS_nsyn_unfolded.fs --cache2d /groups/rgutenk/oliviafernflores/IRA_FRA/mmd_FRA_mmd_IRA_2d_cache.bpkl --pdf2d biv_ind_gamma --p0 1 1 .5 --lbounds 0.010 0.010 0 --ubounds 100 1000 0.999 --demo-popt /groups/rgutenk/oliviafernflores/IRA_FRA/demo_results/IRA_FRA_im_pre_inbreeding_demo_fits_combined.txt --ratio 2.4 --output /groups/rgutenk/oliviafernflores/gene_ontology/GO_DFE_Inference/GO_0050896_SFS/mmd_FRA_mmd_IRA_2d_biv_ind_gamma_symmetric_DFE_0050896 --optimizations 20 --maxeval 400 --check-convergence 10
# Log(likelihood)	shape	scale	misid	theta
-6520.917597594309	0.947874155110478	72.74991181928267	0.03870640328230635	22091.2144245875
-6622.441113466548	0.8560467078511579	67.84422029283611	0.05629902846796569	22091.2144245875
-6205.548745296187	0.8491229863158988	81.98862454275836	0.03133795892054917	22091.2144245875
-6662.333974829664	0.9345479020549452	61.67719674391841	0.03090425482461107	22091.2144245875
-5363.53914277002	0.6787624856772403	161.46414945924286	0.03303553900160874	22091.2144245875
-6370.686076052613	0.8795978243441391	73.63214077019786	0.031180848506335183	22091.2144245875
-5509.728003197495	0.6987609355669429	142.58621333676285	0.02398413275167192	22091.2144245875
-6452.280237205339	0.8949865447246746	69.96536694276398	0.0327251399297481	22091.2144245875
-5982.228964441062	0.809568544395328	95.73397986680888	0.030402708950264822	22091.2144245875
-5710.170320573837	0.7543777895624817	118.00936101282267	0.0262391266896155	22091.2144245875
-5205.424870393904	0.6708874770359411	185.0346652705935	0.02899510417536083	22091.2144245875
-5336.829661380827	0.7013638897343261	163.42571818240185	0.02660315487514559	22091.2144245875
-5296.269107662467	0.6805883903459984	172.28123367682517	0.04383893155692198	22091.2144245875
-4886.245551058017	0.6126041727230616	263.36884901003435	0.02821010099978277	22091.2144245875
-5462.802589886791	0.7172947840451627	144.9941834044524	0.029633039791249375	22091.2144245875
-4822.4057076740755	0.600415697741627	285.061500779134	0.02806291740554524	22091.2144245875
-4908.556638823004	0.6167399386136609	256.377683620167	0.028273267671106894	22091.2144245875
-5179.544343324372	0.6663795122729406	189.98243360994772	0.029739685106564426	22091.2144245875
-4776.926088338662	0.5924034035327617	302.2099714303073	0.027963244965546016	22091.2144245875
-4929.16901862966	0.6197485791131079	250.18156877933106	0.028061116445889676	22091.2144245875
