# /home/u2/oliviafernflores/miniconda3/bin/dadi-cli InferDFE --fs /groups/rgutenk/oliviafernflores/gene_ontology/GO_DFE_Inference/GO_0050896_SFS/0050896_dict_Mmd_FRA_Mmd_IRA_SFS_nsyn_unfolded.fs --cache2d /groups/rgutenk/oliviafernflores/IRA_FRA/mmd_FRA_mmd_IRA_2d_cache.bpkl --pdf2d biv_lognormal --p0 1 1 1 1 .5 .5 --lbounds -10 -10 0.01 0.01 0.001 0 --ubounds 10 10 10 10 0.999 0.5 --demo-popt /groups/rgutenk/oliviafernflores/IRA_FRA/demo_results/IRA_FRA_im_pre_inbreeding_demo_fits_combined.txt --ratio 2.4 --output /groups/rgutenk/oliviafernflores/gene_ontology/GO_DFE_Inference/GO_0050896_SFS/mmd_FRA_mmd_IRA_2d_biv_lognormal_asymmetric_DFE_0050896 --optimizations 15 --maxeval 400 --check-convergence 10
# Log(likelihood)	log_mu1	log_sigma1	log_mu2	log_sigma2	rho	misid	theta
-5477.331025051371	8.484381374208267	3.711885509469656	4.408825435847574	1.233003653433843	0.999	0.49608989062457354	22091.2144245875
-5588.003514308185	3.050907096989916	7.562225419572135	1.2270170099221394	4.016566755538185	0.999	0.3357846893128584	22091.2144245875
-6639.741797827639	4.3270253183170935	6.263784114038897	1.7148816293798992	3.3551654386335965	0.999	0.4996435174862981	22091.2144245875
-4885.42146794811	8.607135202476917	4.985348175291083	4.624194985284869	2.045734465786127	0.999	0.4831739771346406	22091.2144245875
-3351.7345943518512	-0.5856847009586845	1.9056757188868527	0.5564625788439436	0.060277250807010775	0.2868144827596264	0.23969585586254102	22091.2144245875
-1113.2481667055858	7.687371903201602	4.600545053567985	4.023699647948991	1.7809324207439816	0.999	0.008644195750824459	22091.2144245875
-4771.514711816283	2.9325213782406547	2.722782697479837	1.9715428904771914	0.6444321526690581	0.999	0.3911502982768557	22091.2144245875
-4930.398377715135	5.210178164386231	5.4694195459919746	2.5014794843464667	2.578368366685256	0.999	0.4695384723527007	22091.2144245875
-604.1568035847746	9.839033679640137	7.07431494560256	5.376545646757751	3.441035520744341	0.999	0.013709301975971248	22091.2144245875
-5065.92891345164	6.169066347972688	9.882473318214997	3.0780220395182774	5.268687239790374	0.999	0.49094884904125574	22091.2144245875
-630.9774849971228	8.47555455324951	8.482505573224785	4.514458617124423	4.36058948965131	0.999	0.014195963242503166	22091.2144245875
-538.4812559296975	10.0	10.0	5.503112873735986	5.326648729456599	0.999	0.013087829903466564	22091.2144245875
-4424.73323603051	9.310056020099964	10.0	4.857901283720776	5.4383300660320195	0.999	0.4661864750240063	22091.2144245875
-538.4812512102303	10.0	10.0	5.503035872354942	5.326694551878758	0.999	0.01308853426053751	22091.2144245875
-621.0387430948717	10.0	10.0	5.661317912083879	5.593202479167965	0.942774351361956	0.0023412352892036377	22091.2144245875
