# /home/u2/oliviafernflores/miniconda3/bin/dadi-cli InferDFE --fs /groups/rgutenk/oliviafernflores/gene_ontology/GO_DFE_Inference/GO_0050896_SFS/0050896_dict_Mmd_FRA_Mmd_IRA_SFS_nsyn_unfolded.fs --cache2d /groups/rgutenk/oliviafernflores/IRA_FRA/mmd_FRA_mmd_IRA_2d_cache.bpkl --pdf2d biv_lognormal --p0 1 1 .5 .5 --lbounds -10 0.01 0.001 0 --ubounds 10 10 0.999 0.5 --demo-popt /groups/rgutenk/oliviafernflores/IRA_FRA/demo_results/IRA_FRA_im_pre_inbreeding_demo_fits_combined.txt --ratio 2.4 --output /groups/rgutenk/oliviafernflores/gene_ontology/GO_DFE_Inference/GO_0050896_SFS/mmd_FRA_mmd_IRA_2d_biv_lognormal_DFE_0050896 --optimizations 15 --maxeval 400 --check-convergence 10
# Log(likelihood)	log_mu	log_sigma	rho	misid	theta
--	10.0	0.01	0.7855500859357415	0.0036938138561686206	22091.2144245875
-545.7071573581638	10.0	5.429994315210154	0.9988140361466064	0.01360179939328876	22091.2144245875
-545.707157086748	10.0	5.429995314979069	0.9988140758302232	0.013596223988719874	22091.2144245875
-545.7071707688053	10.0	5.430002563830451	0.9988138822121726	0.013608871287845159	22091.2144245875
-545.7071579955211	10.0	5.430005967897973	0.998813974190036	0.013602288174854269	22091.2144245875
-545.708276943786	10.0	5.429134516215844	0.9988224073577939	0.01359746390443561	22091.2144245875
-545.708476769038	10.0	5.430892726451539	0.998799785977239	0.013604936844973232	22091.2144245875
-545.7071561809677	10.0	5.429991028791643	0.9988144036495017	0.01359889393559042	22091.2144245875
--	10.0	0.01	0.001	0.15439179540359346	22091.2144245875
-678.5755971157496	8.382972644954235	4.434463439891195	0.9826831212489904	0.02775177870997669	22091.2144245875
