# /home/u2/oliviafernflores/miniconda3/bin/dadi-cli InferDFE --fs /groups/rgutenk/oliviafernflores/gene_ontology/GO_DFE_Inference/GO_0048518_SFS/0048518_dict_Mmd_FRA_Mmd_IRA_SFS_nsyn_unfolded.fs --cache1d /groups/rgutenk/oliviafernflores/IRA_FRA/mmd_FRA_mmd_IRA_1d_cache.bpkl --pdf2d lognormal --p0 1 1 .5 --lbounds -10 0.01 0 --ubounds 10 10 0.5 --demo-popt /groups/rgutenk/oliviafernflores/IRA_FRA/demo_results/IRA_FRA_im_pre_inbreeding_demo_fits_combined.txt --ratio 2.4 --output /groups/rgutenk/oliviafernflores/gene_ontology/GO_DFE_Inference/GO_0048518_SFS/mmd_FRA_mmd_IRA_1d_lognormal_DFE_0048518 --optimizations 15 --maxeval 400 --check-convergence 10
# Log(likelihood)	log_mu	log_sigma	misid	theta
-558.0204415476206	10.0	5.66152475523996	0.012199904128555957	22091.2144245875
-558.0204564929771	10.0	5.661558616516698	0.012196413023587526	22091.2144245875
-558.0204533128244	10.0	5.661544052868905	0.012200299001339114	22091.2144245875
-558.0204533013402	10.0	5.661545145583586	0.01220037082744146	22091.2144245875
-558.020454125241	10.0	5.661559732714332	0.012198736954225763	22091.2144245875
-558.0204549275802	10.0	5.661531678342688	0.012203371158017132	22091.2144245875
-558.0204536481874	10.0	5.661556585995532	0.012199507790608898	22091.2144245875
-558.0204533617023	10.0	5.661549441852397	0.012200622587746129	22091.2144245875
-558.0204533250447	10.0	5.661546960683315	0.012200250245810519	22091.2144245875
-558.0204533214854	10.0	5.661542448496283	0.012200166978402907	22091.2144245875
