# /home/u2/oliviafernflores/miniconda3/bin/dadi-cli InferDFE --fs /groups/rgutenk/oliviafernflores/gene_ontology/GO_DFE_Inference/GO_0048518_SFS/0048518_dict_Mmd_FRA_Mmd_IRA_SFS_nsyn_unfolded.fs --cache2d /groups/rgutenk/oliviafernflores/IRA_FRA/mmd_FRA_mmd_IRA_2d_cache.bpkl --pdf2d biv_ind_gamma --p0 1 1 1 1 .5 --lbounds 0.010 0.010 0.01 0.01 0 --ubounds 100 1000 100 1000 0.999 --demo-popt /groups/rgutenk/oliviafernflores/IRA_FRA/demo_results/IRA_FRA_im_pre_inbreeding_demo_fits_combined.txt --ratio 2.4 --output /groups/rgutenk/oliviafernflores/gene_ontology/GO_DFE_Inference/GO_0048518_SFS/mmd_FRA_mmd_IRA_2d_biv_ind_gamma_asymmetric_DFE_0048518 --optimizations 20 --maxeval 400 --check-convergence 10
# Log(likelihood)	shape1	scale1	shape2	scale2	misid	theta
-8851.811271895527	1.1331756096218222	2.1544176844958427	32.41038668597709	8.948439327730423	0.03813479355289181	22091.2144245875
-10507.110718617923	1.1520087959871506	9.576961532270756	30.201124923027727	1.1974233688969573	0.03796797663840425	22091.2144245875
-10781.957877591474	1.4624482160957613	3.8974845706462444	17.41223568577301	3.740868538756663	0.046387817834663315	22091.2144245875
-8353.929529362404	1.1042754279806681	1.5895703589364376	33.043474719575634	15.8748025909147	0.045633175905023256	22091.2144245875
-10519.62439669134	1.5989607009576068	2.128151109405551	13.505795142367884	9.152670592158731	0.022886943430775353	22091.2144245875
-9799.228698812145	1.3950681626865955	2.010778233725957	18.17727744731911	10.010287020841263	0.038682858639524954	22091.2144245875
-8646.263949764434	1.3167066962843947	1.288359157569897	22.840463470600508	23.939408824220287	0.031757928856732044	22091.2144245875
-7826.41778981091	1.1354266175566394	1.0438768314990892	31.46496431258349	35.117355939212715	0.037575882509264115	22091.2144245875
-9116.821181684307	1.5241381142762305	1.0145944937541715	15.219345687394764	36.19930162598785	0.0389130960546549	22091.2144245875
-7743.701475976636	1.204505350051948	0.8929457088402155	27.863510395925186	54.235067865407046	0.03485378999568846	22091.2144245875
-8066.344510025612	1.235588870203297	1.0653283340035458	26.796633973099077	36.45940640973297	0.03842605799038551	22091.2144245875
-7936.059923152994	1.0384912186066264	1.2489012409351175	34.935516089983004	28.879513441311214	0.05900262933655938	22091.2144245875
-7539.6645126252615	1.0445832831028328	1.1156279404061462	40.61923827401586	30.10777157995442	0.03787409766090464	22091.2144245875
-8095.656418858933	1.0396636859029618	1.743063964829017	42.97042754519482	12.981299164768206	0.03597213171261998	22091.2144245875
-6769.166792433593	0.8129094439222995	1.3938700884873318	96.95666351336914	19.291065206825127	0.03240713756708287	22091.2144245875
-7135.572460864326	0.9624280658438349	1.1470097772627301	53.9731774365052	30.350740645073135	0.031020929137629553	22091.2144245875
-7172.499561695406	1.0723959505181848	0.8881250166358322	40.35668818597788	54.27679123798936	0.03424896928707713	22091.2144245875
-7801.1218647570595	1.020845913935128	1.5270523318112998	46.807448483350214	16.919155438822852	0.01814749959433153	22091.2144245875
-7957.254584882147	0.9725145310721056	1.6806412215421949	50.56299245431009	15.129821450272004	0.09106381970811908	22091.2144245875
-6140.706464698396	0.8371055182804114	0.8286177480559909	85.216691605305	64.68564699852097	0.03161872063786026	22091.2144245875
