# /home/u2/oliviafernflores/miniconda3/bin/dadi-cli InferDFE --fs /groups/rgutenk/oliviafernflores/gene_ontology/GO_DFE_Inference/GO_0048518_SFS/0048518_dict_Mmd_FRA_Mmd_IRA_SFS_nsyn_unfolded.fs --cache2d /groups/rgutenk/oliviafernflores/IRA_FRA/mmd_FRA_mmd_IRA_2d_cache.bpkl --pdf2d biv_ind_gamma --p0 1 1 .5 --lbounds 0.010 0.010 0 --ubounds 100 1000 0.999 --demo-popt /groups/rgutenk/oliviafernflores/IRA_FRA/demo_results/IRA_FRA_im_pre_inbreeding_demo_fits_combined.txt --ratio 2.4 --output /groups/rgutenk/oliviafernflores/gene_ontology/GO_DFE_Inference/GO_0048518_SFS/mmd_FRA_mmd_IRA_2d_biv_ind_gamma_symmetric_DFE_0048518 --optimizations 20 --maxeval 400 --check-convergence 10
# Log(likelihood)	shape	scale	misid	theta
-7259.563252981207	0.9729474841986985	43.68715241011887	0.050791483273724417	22091.2144245875
-6185.711201134765	0.8128416496796875	86.14786478246349	0.06926536090475081	22091.2144245875
-5998.282595185821	0.7853962023161547	90.31494998117127	0.028881761679595056	22091.2144245875
-6448.150372820714	0.8627523917063269	66.84219203517034	0.02951479214862277	22091.2144245875
-6530.2086707885555	0.8755818472600548	63.563913107047945	0.030037173053667425	22091.2144245875
-5792.7472725699945	0.7496789895521768	105.37558539441856	0.028904459020356835	22091.2144245875
-6092.430538627879	0.8008468657827222	84.92919073575841	0.022283873301305664	22091.2144245875
-5947.65376579724	0.7765713309109713	93.70735905719901	0.029906988114382273	22091.2144245875
-5437.9452110399425	0.6876596577471853	142.10487006661884	0.027727009759429697	22091.2144245875
-5223.09385776162	0.6641883197087427	184.27046080105254	0.0186974571085573	22091.2144245875
-5209.535471075725	0.6472742276935624	177.18709424450032	0.02772993043062316	22091.2144245875
-5969.01845131618	0.7795982227745708	92.25163549701516	0.029347954115271274	22091.2144245875
-5445.812801082013	0.6888140947767185	141.08545783332335	0.028212001217211954	22091.2144245875
-5730.440886843497	0.7533622125698266	112.05579029129193	0.029012454304167587	22091.2144245875
-4941.795306084194	0.5997525264841103	238.38729643806835	0.02669786570997429	22091.2144245875
-5471.1268735326175	0.7016972422269991	138.5673013914138	0.030198310967778697	22091.2144245875
-4836.269461414537	0.576679685850685	272.58850321979395	0.030203482622983183	22091.2144245875
-4780.335061352432	0.5694096949297583	292.48848307315075	0.026683204833321754	22091.2144245875
-4727.470154713455	0.5602892691591659	314.34321181525075	0.026454832482285376	22091.2144245875
-4652.263802303396	0.5461993046004692	350.012421829195	0.026302054136905593	22091.2144245875
