# /home/u2/oliviafernflores/miniconda3/bin/dadi-cli InferDFE --fs /groups/rgutenk/oliviafernflores/gene_ontology/GO_DFE_Inference/GO_0048518_SFS/0048518_dict_Mmd_FRA_Mmd_IRA_SFS_nsyn_unfolded.fs --cache2d /groups/rgutenk/oliviafernflores/IRA_FRA/mmd_FRA_mmd_IRA_2d_cache.bpkl --pdf2d biv_lognormal --p0 1 1 .5 .5 --lbounds -10 0.01 0.001 0 --ubounds 10 10 0.999 0.5 --demo-popt /groups/rgutenk/oliviafernflores/IRA_FRA/demo_results/IRA_FRA_im_pre_inbreeding_demo_fits_combined.txt --ratio 2.4 --output /groups/rgutenk/oliviafernflores/gene_ontology/GO_DFE_Inference/GO_0048518_SFS/mmd_FRA_mmd_IRA_2d_biv_lognormal_DFE_0048518 --optimizations 15 --maxeval 400 --check-convergence 10
# Log(likelihood)	log_mu	log_sigma	rho	misid	theta
-556.3811234159663	10.0	5.627395975343973	0.9988179305340299	0.012256037486595891	22091.2144245875
-556.3812529034218	10.0	5.627299917403601	0.9988200586990593	0.01227541011002461	22091.2144245875
-556.3811362638312	10.0	5.627309613408645	0.9988181205513388	0.012257571053064058	22091.2144245875
-556.3811146625878	10.0	5.627378692932149	0.9988193547463866	0.012244322177135851	22091.2144245875
-556.3811116573601	10.0	5.62739432828004	0.9988176913642204	0.01224694156378333	22091.2144245875
-556.3890124187556	10.0	5.6276407994958975	0.998685945553327	0.012204485576879217	22091.2144245875
-556.3830340857032	10.0	5.626241781368908	0.9988152442093798	0.01225543405029313	22091.2144245875
-4712.12763005475	10.0	5.674706839453869	0.9868838657634473	0.4551250355963163	22091.2144245875
-560.4774178042283	10.0	5.622660263401305	0.999	0.007780214603679402	22091.2144245875
-556.3812938192398	10.0	5.627551729478429	0.9988274071893156	0.012226901961566576	22091.2144245875
