# /home/u2/oliviafernflores/miniconda3/bin/dadi-cli InferDFE --fs /groups/rgutenk/oliviafernflores/gene_ontology/GO_DFE_Inference/GO_0048518_SFS/0048518_dict_Mmd_FRA_Mmd_IRA_SFS_nsyn_unfolded.fs --cache2d /groups/rgutenk/oliviafernflores/IRA_FRA/mmd_FRA_mmd_IRA_2d_cache.bpkl --pdf2d biv_lognormal --p0 1 1 1 1 .5 .5 --lbounds -10 -10 0.01 0.01 0.001 0 --ubounds 10 10 10 10 0.999 0.5 --demo-popt /groups/rgutenk/oliviafernflores/IRA_FRA/demo_results/IRA_FRA_im_pre_inbreeding_demo_fits_combined.txt --ratio 2.4 --output /groups/rgutenk/oliviafernflores/gene_ontology/GO_DFE_Inference/GO_0048518_SFS/mmd_FRA_mmd_IRA_2d_biv_lognormal_asymmetric_DFE_0048518 --optimizations 15 --maxeval 400 --check-convergence 10
# Log(likelihood)	log_mu1	log_sigma1	log_mu2	log_sigma2	rho	misid	theta
-8673.273856855116	3.7368001717983037	4.008230659489926	1.2561666958179485	2.570303857548143	0.999	0.49493675325892256	22091.2144245875
-5571.79841291212	10.0	4.101923954310166	5.617207809946239	1.5788064615047337	0.999	0.4917002749791269	22091.2144245875
-5645.4072789661805	6.0858629048818225	9.742707494549354	3.1643301684475276	5.398714170973616	0.999	0.4958677654113001	22091.2144245875
-6528.781636454143	6.246091009024254	3.7044259657362257	3.272218545107639	1.2891204178455251	0.842000943249183	0.480297894593606	22091.2144245875
-5613.926539946673	6.3991344198094176	10.0	3.349470460894768	5.785880031693792	0.9720337509565856	0.49607651981847717	22091.2144245875
-6244.532605554577	4.850254630688028	3.5681052512654547	2.50688852709318	1.2198639537816698	0.999	0.4961442645460618	22091.2144245875
-7525.655901407881	1.480968297219171	-0.5131762954551657	0.04677378013458812	0.6187000432923422	0.7032216822920964	0.4296201655064995	22091.2144245875
-550.4428253595612	10.0	10.0	5.70032963070106	5.523869124799935	0.999	0.011813400297019242	22091.2144245875
-710.7566148438135	7.208319712645645	9.815815668252066	3.9165958254232445	5.399295182196255	0.9989989393267126	0.014448785542337736	22091.2144245875
-846.6791444172532	6.5326115791295285	7.16469596181888	3.526326277973534	3.5960057917094628	0.999	0.014945090431446872	22091.2144245875
-704.5780293042869	7.252563310188921	9.89296529478163	3.9341080140635714	5.469577417824479	0.999	0.014295598481148775	22091.2144245875
-5536.770717298092	6.113015886533622	9.829207255294637	3.156888186260795	5.489613727114573	0.999	0.4891612311577791	22091.2144245875
-550.4428255716447	10.0	10.0	5.700337605396044	5.523903605070661	0.999	0.011811803475903238	22091.2144245875
-550.4430426506921	10.0	10.0	5.700329446123678	5.523847366266371	0.9990000000000001	0.011776479563109775	22091.2144245875
-2533.8252307096895	10.0	9.745702725887606	5.692441960974295	5.389276320056782	0.9965709722944477	0.27800153233275265	22091.2144245875
