# /home/u2/oliviafernflores/miniconda3/bin/dadi-cli InferDFE --fs /groups/rgutenk/oliviafernflores/gene_ontology/GO_DFE_Inference/GO_0048518_SFS/0048518_dict_Mmd_FRA_Mmd_IRA_SFS_nsyn_unfolded.fs --cache1d /groups/rgutenk/oliviafernflores/IRA_FRA/mmd_FRA_mmd_IRA_1d_cache.bpkl --pdf2d gamma --p0 1 1 .5 --lbounds 0.010 0.010 0 --ubounds 100 1000 0.999 --demo-popt /groups/rgutenk/oliviafernflores/IRA_FRA/demo_results/IRA_FRA_im_pre_inbreeding_demo_fits_combined.txt --ratio 2.4 --output /groups/rgutenk/oliviafernflores/gene_ontology/GO_DFE_Inference/GO_0048518_SFS/mmd_FRA_mmd_IRA_2d_gamma_DFE_0048518 --optimizations 20 --maxeval 400 --check-convergence 10
# Log(likelihood)	shape	scale	misid	theta
-2689.2727464848194	0.9575051176810699	82.02434845898702	0.019075957069293253	22091.2144245875
-2927.8556125761124	0.991439008131894	70.67424529170708	0.03488241061141971	22091.2144245875
-2777.923072988726	0.9844079496350375	76.83350287678637	0.02134024572738834	22091.2144245875
-2987.787278617968	1.0286532052895894	66.62221832061061	0.023334029423176982	22091.2144245875
-2553.637168661418	0.8859001698986804	94.82898260293092	0.0154452466266383	22091.2144245875
-2423.5493128903095	0.8882654790966976	101.6727298763559	0.01711198189926957	22091.2144245875
-2233.688243104818	0.8622643097635776	118.85380788467711	0.023594778511798458	22091.2144245875
-2299.9221073782737	0.8411668374053765	116.22359449612077	0.013733669965799377	22091.2144245875
-2065.243806270816	0.8203917848057364	139.58803775023864	0.020580612057023422	22091.2144245875
-2091.3283835790603	0.8129414035877212	139.36549408126348	0.03148174816952068	22091.2144245875
-2255.0038794672846	0.8713075966877173	116.39918382174378	0.0194753201266067	22091.2144245875
-1606.5975511684119	0.7128383297149492	245.87827636030005	0.007974597650968621	22091.2144245875
-1928.2369860076283	0.7969966510457774	160.5739561955243	0.019395194607134143	22091.2144245875
-1754.1114244283854	0.757311683730432	196.29234587936307	0.018710503323588944	22091.2144245875
-1853.433586961111	0.779790380660018	174.5209748116576	0.0190656955206776	22091.2144245875
-2058.4533111443034	0.8263786927181727	140.1954742982899	0.01990249409390921	22091.2144245875
-1905.7054918577878	0.7967216996699292	164.85686178575114	0.018412559287197486	22091.2144245875
-1624.7613569645712	0.7259259926610795	231.95690234149126	0.01845366711594542	22091.2144245875
-1228.410625410603	0.6234759885857232	449.99800708172205	0.021011666005486342	22091.2144245875
-1428.0891366415644	0.67080533051262	312.50444859689435	0.015027454729210233	22091.2144245875
