# /Users/olivia/anaconda3/bin/dadi-cli InferDFE --fs /Users/olivia/Documents/2D_demographics_DFE/MMD_2D_Project/gene_ontology/GO_DFE_Inference/GO_0009987_SFS/0009987_dict_Mmd_FRA_Mmd_IRA_SFS_nsyn_unfolded.fs --cache2d /Users/olivia/Documents/2D_demographics_DFE/MMD_2D_Project/new_DFEs/FRA_IRA/mmd_FRA_mmd_IRA_2d_cache.bpkl --pdf2d biv_ind_gamma --p0 1 1 .5 --lbounds 0.010 0.010 0 --ubounds 100 1000 0.999 --demo-popt /Users/olivia/Documents/2D_demographics_DFE/MMD_2D_Project/new_demography/IRA_FRA/demo_results/IRA_FRA_im_pre_inbreeding_demo_fits_combined.txt --ratio 2.4 --output mmd_FRA_mmd_IRA_2d_biv_ind_gamma_symmetric_DFE_0009987 --optimizations 20 --maxeval 400 --check-convergence 10
# Log(likelihood)	shape	scale	misid	theta
-6103.000158518669	0.5508811871906002	76.98813247281434	0.025327822773226663	22091.2144245875
-5330.295895127783	0.4033943928570979	198.54045390129886	0.019716898127118156	22091.2144245875
-5700.071441424154	0.4859743366965394	114.33041228105094	0.02368314504852439	22091.2144245875
-6629.9780437256995	0.5950007806132667	52.463799222629255	0.021572870970784225	22091.2144245875
-7317.25417416798	0.7296241021338261	32.64308582348456	0.0266568146691891	22091.2144245875
-5229.089560260894	0.412195524969927	212.06039976101346	0.022307957729663153	22091.2144245875
-5410.936473201588	0.44136173281428037	162.7062951260919	0.023006898817558297	22091.2144245875
-5475.018481086789	0.4514258150964156	149.52062268807956	0.02332506187678456	22091.2144245875
-5692.000694995815	0.48464382229577346	115.35797691376712	0.02360806387820198	22091.2144245875
-5786.805423170645	0.49899722314834527	104.12724972827031	0.02374035237712517	22091.2144245875
-6235.185991730939	0.5655224750685547	68.50888151261324	0.024378273395524626	22091.2144245875
-5208.8675273996005	0.4092795346139449	218.9637154081833	0.022463963214926167	22091.2144245875
-5053.751844154182	0.3837335996579818	286.1876671685705	0.022086686008333106	22091.2144245875
-5702.292145749218	0.48570606836277336	114.06267723131985	0.02312153934249092	22091.2144245875
-6151.8714512249835	0.5536248876426039	73.54412949076776	0.02410324177061046	22091.2144245875
-5101.898318859524	0.3917508747795545	262.2126722498136	0.022205629496434818	22091.2144245875
-6182.109100077342	0.5578697852802259	71.65031009441108	0.024490714531201014	22091.2144245875
-5209.073469786678	0.41004466307257087	218.9442912242044	0.022220460172125388	22091.2144245875
-5325.377175046933	0.43019577865966097	183.7576739510889	0.022097925571105057	22091.2144245875
-5321.979065856236	0.38248749432476914	227.31796526653977	0.027379603805669485	22091.2144245875
