# /Users/olivia/anaconda3/bin/dadi-cli InferDFE --fs /Users/olivia/Documents/2D_demographics_DFE/MMD_2D_Project/gene_ontology/GO_DFE_Inference/GO_0009987_SFS/0009987_dict_Mmd_FRA_Mmd_IRA_SFS_nsyn_unfolded.fs --cache2d /Users/olivia/Documents/2D_demographics_DFE/MMD_2D_Project/new_DFEs/FRA_IRA/mmd_FRA_mmd_IRA_2d_cache.bpkl --pdf2d biv_lognormal --pdf2d biv_lognormal --p0 1 1 1 1 .5 .5 --lbounds -10 -10 0.01 0.01 0.001 0 --ubounds 10 100 10 100 0.999 0.5 --demo-popt /Users/olivia/Documents/2D_demographics_DFE/MMD_2D_Project/new_demography/IRA_FRA/demo_results/IRA_FRA_im_pre_inbreeding_demo_fits_combined.txt --ratio 2.4 --output /Users/olivia/Documents/2D_demographics_DFE/MMD_2D_Project/gene_ontology/GO_DFE_Inference/GO_0009987_SFS/mmd_FRA_mmd_IRA_2d_biv_lognormal_asymmetric_DFE_0009987 --optimizations 15 --maxeval 400 --check-convergence 10
# Log(likelihood)	log_mu1	log_sigma1	log_mu2	log_sigma2	rho	misid	theta
-12423.838925057327	0.6699418262786856	0.8088193356964424	0.0361937220465199	2.6903713247759358	0.9439944750876164	0.49537377711448627	22091.2144245875
-11515.608787406632	3.9051298919205055	4.049146783046512	2.6737888653861672	2.5866596521037915	0.999	0.4914015435890505	22091.2144245875
-11869.4404374322	4.463684770828122	2.9106191239256316	3.484588110377484	1.0957788095103613	0.999	0.4750305608480836	22091.2144245875
-620.5672065043043	8.316911914107193	7.561751211835245	6.49662566950034	5.66933280933344	0.9795401649681139	0.010722470430481842	22091.2144245875
-841.4249578218028	6.004505526149266	4.327353789650406	4.439683076307887	2.634572431741469	0.999	0.013022335916369887	22091.2144245875
-13725.745661777437	3.1783925570224723	3.0029087555337033	1.9471781799947312	1.2599584483541366	0.999	0.4931802522968161	22091.2144245875
-627.4492524594202	8.856698563365692	6.728620711901543	6.9834633449200485	4.797978847931852	0.9950677750176821	0.01008265243607875	22091.2144245875
-12253.853178390404	3.5842742145601156	6.452609448036357	2.2337610813997224	4.864560173018634	0.999	0.4966768930817707	22091.2144245875
-3957.165624101016	5.358405658378632	5.0830762565010215	3.6363911908093693	3.50457790801154	0.999	0.21854536673254285	22091.2144245875
-7199.188642021114	6.698783503270902	9.814013388963875	4.9732805480593445	7.634581260771355	0.9909044938624004	0.36080957090359295	22091.2144245875
-9389.633591347094	9.055766469773967	7.866803249620328	7.253808009900045	6.204784117975682	0.9408961909407472	0.4366572533906985	22091.2144245875
-629.7496203270939	8.160189593563251	6.231152100909894	6.355145500243855	4.3588944008566886	0.999	0.011168249447888724	22091.2144245875
-760.7967096441215	6.769047920971437	4.43691597626125	5.1427313431497765	2.7046657793336966	0.9989996400043367	0.013432455119523146	22091.2144245875
-613.0294085916248	8.051645245301957	10.659924801340045	6.2783131886712065	8.76921165702944	0.9547028886490806	0.01080478342359388	22091.2144245875
-613.2701995181696	8.416538050108192	10.65069009390241	6.606077993345016	8.774573188731742	0.9513917303827804	0.010597590451895197	22091.2144245875
