# /Users/olivia/anaconda3/bin/dadi-cli InferDFE --fs /Users/olivia/Documents/2D_demographics_DFE/MMD_2D_Project/gene_ontology/GO_DFE_Inference/GO_0009987_SFS/0009987_dict_Mmd_FRA_Mmd_IRA_SFS_nsyn_unfolded.fs --cache2d /Users/olivia/Documents/2D_demographics_DFE/MMD_2D_Project/new_DFEs/FRA_IRA/mmd_FRA_mmd_IRA_2d_cache.bpkl --pdf2d biv_ind_gamma --p0 1 1 1 1 .5 --lbounds 0.010 0.010 0.01 0.01 0 --ubounds 100 1000 100 1000 0.999 --demo-popt /Users/olivia/Documents/2D_demographics_DFE/MMD_2D_Project/new_demography/IRA_FRA/demo_results/IRA_FRA_im_pre_inbreeding_demo_fits_combined.txt --ratio 2.4 --output mmd_FRA_mmd_IRA_2d_biv_ind_gamma_asymmetric_DFE_0009987 --optimizations 20 --maxeval 400 --check-convergence 10
# Log(likelihood)	shape1	scale1	shape2	scale2	misid	theta
-7768.189997680242	0.814483960850538	0.911105247996941	29.01237480980739	16.79280791382072	0.026389311816618955	22091.2144245875
-8038.104905714303	0.9091979479958259	0.7171297818536112	19.959589310363814	28.527244535029354	0.02783790147787964	22091.2144245875
-7324.737869935549	0.7697882243233756	0.743669554295063	33.377870640629666	25.04181825469021	0.025610788980562144	22091.2144245875
-7640.657212100095	0.9040808556720781	0.5343238915382268	20.078842428058604	61.33652217804373	0.02645776176721775	22091.2144245875
-7517.206498954893	0.8715680500029802	0.5790383796038435	23.26699425474742	48.11091880095183	0.025980589643492855	22091.2144245875
-7441.664614801077	0.7065756047851202	1.129606756176194	44.44475424465822	11.027238076861433	0.02518722795968107	22091.2144245875
-10255.82831604422	0.8853677716255852	13.845859694418463	22.15986158120422	0.45163183434423226	0.03132256482588441	22091.2144245875
-8230.28826985397	0.9578176328326311	0.6822093663490923	17.436936237259374	30.905212716305005	0.032870205560956836	22091.2144245875
-7898.546673961493	0.8549710123850891	0.843892231188194	25.103174075112182	19.497722668324702	0.031014681582083623	22091.2144245875
-8361.4512222486	0.979927570697649	0.7646168982374169	17.212504977939915	25.377732910795032	0.029549001230954105	22091.2144245875
-7050.665909796055	0.7670616549131343	0.6193840091139261	34.53135228876404	38.32143621478895	0.02574722738528066	22091.2144245875
-8599.415301904794	0.7484424450584192	2.615776979968033	35.71891227006856	3.0866135914962523	0.03105857308232918	22091.2144245875
-6019.08620159899	0.5698108662808206	0.6397728210859864	89.48808737830258	34.46109512444249	0.025751646620556	22091.2144245875
-7934.493617098186	0.9385773552542988	0.6379159161620946	19.81129514941225	35.706926807339364	0.02932975932679181	22091.2144245875
-6849.841344458693	0.6725082823753926	0.8173962647887153	52.414636250196345	20.571247587934295	0.026291049226831262	22091.2144245875
-6749.870453119864	0.695437762883421	0.6917144585614831	48.437798742909045	29.55195553818414	0.023447945919536688	22091.2144245875
-7853.431825553122	0.750010183303901	1.1248349354199005	34.698082631963516	10.772124385153905	0.04284153403304582	22091.2144245875
-7355.569485307496	0.7681306968572802	0.7871857401532302	33.726742103907796	23.13500548550683	0.026128599456971702	22091.2144245875
-7619.362570635364	0.7665547229123165	1.0250019531440342	37.52118071249079	12.856669005453327	0.017507908136853517	22091.2144245875
-7974.63633805101	0.8140020545992883	0.9998254201441421	26.699482613522918	15.173629600311722	0.028701184468342876	22091.2144245875
