# /Users/olivia/anaconda3/bin/dadi-cli InferDFE --fs /Users/olivia/Documents/2D_demographics_DFE/MMD_2D_Project/gene_ontology/GO_DFE_Inference/GO_0009987_SFS/0009987_dict_Mmd_FRA_Mmd_IRA_SFS_nsyn_unfolded.fs --cache2d /Users/olivia/Documents/2D_demographics_DFE/MMD_2D_Project/new_DFEs/FRA_IRA/mmd_FRA_mmd_IRA_2d_cache.bpkl --pdf2d biv_lognormal --pdf2d biv_lognormal --p0 1 1 1 1 .5 .5 --lbounds -10 -10 0.01 0.01 0.001 0 --ubounds 10 100 10 100 0.999 0.5 --demo-popt /Users/olivia/Documents/2D_demographics_DFE/MMD_2D_Project/new_demography/IRA_FRA/demo_results/IRA_FRA_im_pre_inbreeding_demo_fits_combined.txt --ratio 2.4 --output /Users/olivia/Documents/2D_demographics_DFE/MMD_2D_Project/gene_ontology/GO_DFE_Inference/GO_0009987_SFS/mmd_FRA_mmd_IRA_2d_biv_lognormal_asymmetric_DFE_0009987 --optimizations 15 --maxeval 400 --check-convergence 10
# Log(likelihood)	log_mu1	log_sigma1	log_mu2	log_sigma2	rho	misid	theta
-11450.175276243646	2.7482928854575	2.966593767002465	1.7274328635057712	1.8057647677837294	0.999	0.491415765708126	22091.2144245875
-782.5515706724968	6.340615625744271	4.518166706060244	4.730914593419594	2.8005454502906195	0.999	0.015244399814702759	22091.2144245875
-13860.97675269782	2.58127208805003	4.839523809938705	1.429089741650874	3.2182453369747455	0.999	0.49299260468823314	22091.2144245875
-648.2081782572897	7.000809966186662	6.3558166975613295	5.311472410673702	4.557545498298164	0.999	0.013548779589772676	22091.2144245875
-11449.11425419399	6.478103965402077	3.904848438599063	4.92045877185446	2.240255894411966	0.972075802669655	0.49245585022116856	22091.2144245875
-7140.8086247466235	3.6936071463181697	1.33353617014457	2.8172405406925782	0.17468379623710908	0.938041980883826	0.030046552122584638	22091.2144245875
-11538.274191128454	3.7319574808521554	11.529905631919904	2.6603491088961486	8.498402686157581	0.999	0.49043506541317133	22091.2144245875
-2164.0805433517266	3.246565177102616	2.4504323814185947	2.288445643711592	0.7864977688763496	0.999	0.02660423780231837	22091.2144245875
-5643.711804795596	5.034030646659882	2.773703548047263	3.9757798449073785	1.1027207228023062	0.999	0.25517185263625203	22091.2144245875
-11671.731399887318	5.002322420677733	5.258864744599256	3.5593350315545234	3.645834590261303	0.999	0.4991343706839221	22091.2144245875
-726.9203995517992	5.166536100035404	12.08373802250469	3.7319337460610797	9.96995793103716	0.9975990219743934	0.013374565796779926	22091.2144245875
-630.7580441265624	8.388862774154648	6.132446033349149	6.551743742933352	4.271898381172068	0.999	0.011016118243924341	22091.2144245875
-10634.960714493212	5.88692629815266	5.9864882052217965	4.30723041416017	4.15033702178826	0.999	0.4727754926153345	22091.2144245875
-10326.3012499062	9.882488726760196	4.005022215044556	7.925915714799225	2.3098177843109524	0.999	0.4638334231679394	22091.2144245875
-864.7265406072516	1.417467916723104	1.9971302125707666	1.7068055193354577	1.7486097786940324	0.999	0.04471609671049698	22091.2144245875
