# /Users/olivia/anaconda3/bin/dadi-cli InferDFE --fs /Users/olivia/Documents/2D_demographics_DFE/MMD_2D_Project/gene_ontology/GO_DFE_Inference/GO_0009987_SFS/0009987_dict_Mmd_FRA_Mmd_IRA_SFS_nsyn_unfolded.fs --cache2d /Users/olivia/Documents/2D_demographics_DFE/MMD_2D_Project/new_DFEs/FRA_IRA/mmd_FRA_mmd_IRA_2d_cache.bpkl --pdf2d biv_lognormal --pdf2d biv_lognormal --p0 1 1 1 1 .5 .5 --lbounds -10 -10 0.01 0.01 0.001 0 --ubounds 10 100 10 100 0.999 0.5 --demo-popt /Users/olivia/Documents/2D_demographics_DFE/MMD_2D_Project/new_demography/IRA_FRA/demo_results/IRA_FRA_im_pre_inbreeding_demo_fits_combined.txt --ratio 2.4 --output /Users/olivia/Documents/2D_demographics_DFE/MMD_2D_Project/gene_ontology/GO_DFE_Inference/GO_0009987_SFS/mmd_FRA_mmd_IRA_2d_biv_lognormal_asymmetric_DFE_0009987 --optimizations 15 --maxeval 400 --check-convergence 10
# Log(likelihood)	log_mu1	log_sigma1	log_mu2	log_sigma2	rho	misid	theta
-2176.883250593737	6.39322932546661	2.551946245129817	4.728447716419221	0.9793207632478796	0.8761673395537208	0.021375957640876034	22091.2144245875
-655.3122678712398	7.506067416821651	5.4706388229554115	5.774860574385844	3.666478813784323	0.999	0.011568195068355925	22091.2144245875
-1423.1669739921067	2.46181857644614	2.390457693462107	2.1651569009001794	1.0563834373250087	0.999	0.029716249071787618	22091.2144245875
-622.9095455844888	8.08970168054765	7.218686724361384	6.291709011347359	5.246600483398606	0.999	0.010300284474883806	22091.2144245875
-699.8299144127368	5.8250717674412655	7.941322127561528	4.280920129161372	5.9831193654951855	0.999	0.01328344207716794	22091.2144245875
-9201.4767617451	5.400850552314342	17.97720372201722	3.9762520827181653	15.48735499053441	0.9894620202517225	0.4296559023530324	22091.2144245875
-632.1664037771611	7.87390253490624	6.180564408438998	6.10911749200181	4.303392444650006	0.999	0.01070663323223888	22091.2144245875
-640.6010795331458	10.0	6.606519632564454	8.035794482399782	4.83936487622708	0.9668814614586415	0.011145937119108253	22091.2144245875
-676.3701330777576	7.783758308860062	4.94291729442408	6.0471477444750885	3.1847024996797226	0.999	0.010799990016010078	22091.2144245875
-712.6404152724258	6.53390896986138	5.273640685606133	4.992232294318344	3.432264312041137	0.9947444583295255	0.01068259763590883	22091.2144245875
-617.5532423388026	8.420978152840252	8.239513287729972	6.593156202941101	6.394663502942589	0.9650492146848848	0.01077748564975603	22091.2144245875
-8090.8393328173615	9.003020669880021	8.24666600446233	7.039647701101416	7.101585111768909	0.8373467236011256	0.3913144878070452	22091.2144245875
-10053.945394010192	8.23542906376177	8.524360554863817	6.38619709239973	6.440724899180007	0.9939710134499604	0.4574948123963952	22091.2144245875
-8874.421510724971	6.346509449735228	14.264066049516899	4.751634859627053	11.979961989387489	0.9876575311136045	0.41958833418340435	22091.2144245875
-2006.9543437800608	2.541139879129108	21.402141550055234	2.3822267141870705	16.965345522423526	0.999	0.09895185363667529	22091.2144245875
