# /Users/olivia/anaconda3/bin/dadi-cli InferDFE --fs /Users/olivia/Documents/2D_demographics_DFE/MMD_2D_Project/gene_ontology/GO_DFE_Inference/GO_0009987_SFS/0009987_dict_Mmd_FRA_Mmd_IRA_SFS_nsyn_unfolded.fs --cache2d /Users/olivia/Documents/2D_demographics_DFE/MMD_2D_Project/new_DFEs/FRA_IRA/mmd_FRA_mmd_IRA_2d_cache.bpkl --pdf2d biv_lognormal --pdf2d biv_lognormal --p0 1 1 1 1 .5 .5 --lbounds -10 -10 0.01 0.01 0.001 0 --ubounds 10 10 10 10 0.999 0.5 --demo-popt /Users/olivia/Documents/2D_demographics_DFE/MMD_2D_Project/new_demography/IRA_FRA/demo_results/IRA_FRA_im_pre_inbreeding_demo_fits_combined.txt --ratio 2.4 --output mmd_FRA_mmd_IRA_2d_biv_lognormal_asymmetric_DFE_0009987 --optimizations 15 --maxeval 400 --check-convergence 10
# Log(likelihood)	log_mu1	log_sigma1	log_mu2	log_sigma2	rho	misid	theta
-11692.606961241925	7.406448665404936	2.678594191947162	5.651958506377575	1.0722255310459996	0.999	0.48964461813768156	22091.2144245875
-3075.165623578426	1.4576224162832505	2.0874134929325767	1.8587678069729927	0.9045553659381267	0.999	0.15976093700967345	22091.2144245875
-765.8965236867821	5.34262253999346	7.247800043696879	3.8811934676310593	5.362860134304106	0.999	0.01400444280241137	22091.2144245875
-924.4430106057849	3.024348918679991	2.8179758490239144	2.004166450702719	1.9420995780545325	0.999	0.01776667550408732	22091.2144245875
-13895.808780229574	1.30207592650693	1.9591049263690472	1.7147499833069484	0.09859626191845644	0.8001327767330471	0.495128799829028	22091.2144245875
-21979.120152803334	0.7487188603970029	2.11351466730783	0.6699410575223824	0.01	0.10989083216690894	0.4942056049351168	22091.2144245875
-898.4310985122052	5.129505985801592	6.773023234289346	3.6467254374373264	5.395847213044204	0.909701766126724	0.015948740957658813	22091.2144245875
-685.5142006405497	8.232129686327779	4.7458324447788405	6.4263790505229075	2.9838591673427315	0.999	0.012619078290814443	22091.2144245875
-5255.051529555986	0.4274433638331497	1.5408762420740212	0.7641418509378456	0.08301849155306366	0.908890669217629	0.2306591854960912	22091.2144245875
-986.2868709497277	3.597625267543464	3.754047748464671	2.5283461927444395	2.4548093147416705	0.999	0.015240607336192634	22091.2144245875
-9778.71088250852	7.070980033796657	6.349585979360803	5.185286232129585	4.827927843433722	0.999	0.4473091804111578	22091.2144245875
-11390.457510453078	6.694729539178317	7.109599156128841	5.02595026608212	5.40863260463753	0.9644171086153435	0.49644899727183206	22091.2144245875
-619.8322756805346	8.029169421439473	7.950509404642524	6.232924920124309	6.078478084928014	0.9767543975185169	0.011724363212863013	22091.2144245875
-9670.921074944508	8.078844077237097	9.967389648120777	6.195997682327749	8.63627162828429	0.9438785616110188	0.44542587885125656	22091.2144245875
-8871.612918908839	7.33006673860708	9.61976119981594	5.544782971384439	8.73003057769291	0.8949848887766546	0.41886628623867966	22091.2144245875
