# /Users/olivia/anaconda3/bin/dadi-cli InferDFE --fs IRA_FRA_nsyn_unfolded.fs --cache2d mmd_FRA_mmd_IRA_1d_cache.bpkl --pdf2d gamma --p0 1 1 .5 --lbounds 0.010 0.010 0 --ubounds 100 100 0.999 --demo-popt IRA_FRA_im_pre_inbreeding_demo_fits_combined.txt --ratio 2.4 --output mmd_FRA_mmd_IRA_2d_gamma_DFE_dadi_cli --optimizations 20 --maxeval 400 --check-convergence 10
# Log(likelihood)	shape	scale	misid	theta
-1236.0519237543117	0.42545602532780147	57.307543561746485	0.01294100885861515	22091.2144245875
-990.3026605529149	0.3702621834908283	100.0	0.012205763525942919	22091.2144245875
-1260.7524398168678	0.40866701306354414	60.616398862708195	0.012596446744571305	22091.2144245875
-1311.8931378366751	0.45513138432247696	48.79703405298892	0.01423950519354406	22091.2144245875
-990.30266046163	0.37026273222243844	100.0	0.012205657137522708	22091.2144245875
-1410.72841513111	0.47941010067832895	41.80899366235227	0.01408723828429203	22091.2144245875
-990.3026604615746	0.3702627277933294	99.99999999999999	0.0122056569046219	22091.2144245875
-1136.259747050372	0.4126358230960596	68.06719673657602	0.013009000245098077	22091.2144245875
-1360.5537259774878	0.46793507841116544	45.08988900515736	0.013805590994822549	22091.2144245875
-1647.6889620645097	0.5330632279724922	30.769779832308583	0.014399467177730618	22091.2144245875
