# /Users/olivia/anaconda3/bin/dadi-cli InferDFE --fs IRA_FRA_nsyn_unfolded.fs --cache2d mmd_FRA_mmd_IRA_2d_cache.bpkl --pdf2d biv_ind_gamma --p0 1 1 .5 --lbounds 0.010 0.010 0 --ubounds 100 100 0.999 --demo-popt IRA_FRA_im_pre_inbreeding_demo_fits_combined.txt --ratio 2.4 --output mmd_FRA_mmd_IRA_2d_biv_ind_gamma_symmetric_DFE_dadi_cli --optimizations 20 --maxeval 400 --check-convergence 10
# Log(likelihood)	shape	scale	misid	theta
-4235.231955499916	0.32083761804641425	67.98852134413414	0.01836797772442729	22091.2144245875
-4400.49382063408	0.35631242442526434	49.22579867534678	0.018875278433351433	22091.2144245875
-4465.66814173811	0.3701040075269055	44.07503763848807	0.01906183416434129	22091.2144245875
-4195.383884739827	0.31157887637080944	74.58471699124988	0.016976439066880997	22091.2144245875
-4137.727580981791	0.2988701032515019	85.48941158228592	0.017998929953601778	22091.2144245875
-4079.1938033891292	0.28507674712658276	99.96267720957673	0.017778877262581684	22091.2144245875
-4503.875329993199	0.378234691812932	41.4564953027773	0.019161067656359155	22091.2144245875
-4475.665856404136	0.3721949956488356	43.36402403447022	0.019179254882639888	22091.2144245875
-4145.54189235594	0.30023724692947495	83.81865694101924	0.01799647782976641	22091.2144245875
-5260.305196215053	0.533902422611824	17.09857406706918	0.0211525012892361	22091.2144245875
-4375.650521106261	0.3510614524494986	51.45467430595863	0.01880462966899472	22091.2144245875
-4167.769532617673	0.3061036564432741	79.55564935100656	0.019051224458698328	22091.2144245875
-4233.709800787416	0.3128628473284003	70.83356058404772	0.014398825598521372	22091.2144245875
-4332.279992860136	0.3409836031240035	55.796048644444056	0.018664704374622254	22091.2144245875
-4313.864835914708	0.3376437088332299	57.804193967170356	0.018692671687830495	22091.2144245875
-4234.135639323873	0.3201126393734313	68.16016432889435	0.01836158005809679	22091.2144245875
-4702.12326073278	0.4191956999803129	31.21573134630345	0.019796754122298338	22091.2144245875
-4295.498084715504	0.33349548019528813	59.943205973660106	0.018548627194181266	22091.2144245875
-4284.796538928911	0.3329204334505761	61.40257988377202	0.018986031704073168	22091.2144245875
-4123.929403221697	0.2952966598827214	88.5812680129553	0.017872755416804935	22091.2144245875
