# /Users/olivia/anaconda3/bin/dadi-cli InferDFE --fs IRA_FRA_nsyn_unfolded.fs --cache2d mmd_FRA_mmd_IRA_2d_cache.bpkl --pdf2d biv_ind_gamma --p0 1 1 1 1 .5 --lbounds 0.010 0.010 0.01 0.01 0 --ubounds 10 10 10 10 0.999 --demo-popt IRA_FRA_im_pre_inbreeding_demo_fits_combined.txt --ratio 2.4 --output mmd_FRA_mmd_IRA_2d_biv_ind_gamma_asymmetric_DFE_dadi_cli --optimizations 20 --maxeval 400 --check-convergence 10
# Log(likelihood)	shape1	scale1	shape2	scale2	misid	theta
-5892.560098827444	0.7234257011180506	0.6308445965606091	10.0	10.0	0.022534343746544592	22091.2144245875
-8565.594720911049	0.7997940952791442	7.985006935222481	8.560841452257005	0.35336956693989735	0.0	22091.2144245875
-6315.8784482023875	0.7328423317366313	1.1752122612424933	10.0	3.6263036951261762	0.02488485047498469	22091.2144245875
-6643.361135145773	0.9130889277668935	0.65685330335158	5.786622657208997	9.818773232534006	0.024878689969381588	22091.2144245875
-6866.363299180953	0.997526632394734	0.657229007868076	4.947175768806346	9.84622153180478	0.02497557657931365	22091.2144245875
-5892.560108341604	0.7234147926430761	0.6308378480540957	10.0	10.0	0.022531706518795405	22091.2144245875
-5892.560753676085	0.7234168419014549	0.6306707937059943	10.0	10.0	0.022525149360244617	22091.2144245875
-5900.435071399595	0.7188825502806274	0.6328587696816705	10.0	9.852219851464989	0.023667391868831517	22091.2144245875
-5892.885279657567	0.7253371851859634	0.6320795057669496	10.0	10.0	0.022988851406873685	22091.2144245875
-5892.560098772359	0.7234248891643291	0.6308452798179873	10.0	10.0	0.02253413958179549	22091.2144245875
