# /Users/olivia/anaconda3/bin/dadi-cli InferDFE --fs IRA_FRA_nsyn_unfolded.fs --cache2d mmd_FRA_mmd_IRA_2d_cache.bpkl --pdf2d biv_lognormal --p0 1 1 1 1 .5 .5 --lbounds -10 -10 0.01 0.01 0.001 0 --ubounds 10 10 10 10 0.999 0.5 --demo-popt IRA_FRA_im_pre_inbreeding_demo_fits_combined.txt --ratio 2.4 --output mmd_FRA_mmd_IRA_2d_biv_lognormal_asymmetric_DFE_dadi_cli --optimizations 15 --maxeval 400 --check-convergence 10
# Log(likelihood)	log_mu1	log_sigma1	log_mu2	log_sigma2	rho	misid	theta
-1264.2800982279728	1.805098653125254	3.971758685256279	1.9829360468805213	6.137363570761774	0.999	0.016378445531205803	22091.2144245875
-1495.663598365567	1.1333680643727462	1.4793633787928622	1.0982542273756004	2.2605292041590928	0.999	0.019398427286380568	22091.2144245875
-818.1980640025399	2.6301591699306743	3.886180257978034	3.392379409628055	5.243930013663911	0.9908259581517778	0.011222972980675868	22091.2144245875
-24660.77571034585	2.7000432867006383	2.9128187461370634	3.411849725505405	3.3405810140168124	0.999	0.48394146022042345	22091.2144245875
-25720.428833340287	0.35317904705330555	0.7475290324271281	1.5717362396483894	0.09605918802291465	0.5467640533850254	0.4949736334062852	22091.2144245875
-762.861609447026	3.228321099458267	3.7152510135587122	4.422988909156333	4.906061795911912	0.9825241214218197	0.010169040128077877	22091.2144245875
-24913.4895293401	2.0686776288163986	2.626742036378327	3.001814632725014	2.91640770466236	0.999	0.4868423775259822	22091.2144245875
-752.4760022137185	3.369798150281129	3.910193498555533	4.705445453160048	5.867292944008699	0.9242384426363354	0.010387848416979957	22091.2144245875
-23209.773185466198	2.9561826985807205	2.145455397858707	4.123380027600386	1.669465587792839	0.997677645123775	0.4632535531220746	22091.2144245875
-773.0780050870048	3.277657963666495	3.1485942431884633	4.518255069341054	3.6402375172314794	0.999	0.010164963852691035	22091.2144245875
-757.5796889026424	3.0706025851414998	4.190076715787598	4.170464614304379	6.644041858943348	0.9168897392777827	0.010877967140681781	22091.2144245875
-769.9934795082215	3.2772000135613735	3.239545804609595	4.5194877413523855	3.8240234328274076	0.999	0.010259958126376015	22091.2144245875
-769.3722258947191	3.355196788919469	3.2885167036605663	4.644575406270366	3.927662737373427	0.999	0.010033039679986566	22091.2144245875
-11900.410006388449	2.9601473779084913	3.880979971201502	4.941860312657419	9.951827143071005	0.544057217732269	0.28384369637343954	22091.2144245875
-1759.8501496125455	5.429120493889402	1.0229285015669314	9.854316402049552	9.829088344382914	0.2718420130135411	0.011793848838479417	22091.2144245875
