# /Users/oliviafernflores/opt/anaconda3/bin/dadi-cli InferDM --fs IRA_FRA_syn_unfolded.fs --model split_mig --model-file /Users/oliviafernflores/Documents/2D_demographics_DFE/MMD_2D_Project/FRA_IRA/inbreeding_models.py --lbounds 1e-3 1e-3 1e-3 1e-3 1e-3 1e-3 1e-3 --ubounds 10 10 1 15 0.7 0.7 0.5 --output-prefix demog_split_mig_inbreeding --force-convergence 1
# Log(likelihood)	nu1	nu2	T	m	F1	F2	misid	theta
-2827.016097708749	0.2622836795946995	1.6371546808667516	0.148220713885869	0.4454708961175294	0.04063294333059783	0.001572490710197053	0.09744893760510723	30601.406273235818
-11054.198419585842	0.03850198526329476	0.2649713374863804	0.016628799446413257	0.0031977394498668176	0.019669710489887516	0.019503911485921444	0.05133550367593406	38699.14826528645
-10875.457190149471	0.045407461692747425	0.2856235992804177	0.019774887616805834	0.23009629884269706	0.02521279412057552	0.03688037278376484	0.05939080858689134	38698.74763943008
-3307.35358428978	0.3422788581732142	1.9289677337105506	0.16495578030840471	0.06643251218338402	0.021916239862844897	0.007786523574843639	0.08153943884258223	28953.065453216677
-1994.2284229943712	0.35775547533294333	3.0422161505498795	0.19568471763948497	0.3192075607522478	0.2271460638345203	0.001	0.10654550847512381	27562.61378385246
-6104.3194712019595	0.2606771828921617	0.9215769229126918	0.12335634451952654	0.3350557146442647	0.0060515711723279665	0.03428498678774496	0.13026713142778693	32529.607898821323
-1647.670525693325	0.3377991816192018	2.8514027764588112	0.2502411736738926	0.8773230369459599	0.19716681600971867	0.001	0.11458269859122039	26863.38891385667
-1648.1329741256131	0.3385926264646288	2.884396301729762	0.24773302735039696	0.8626844086584048	0.20241674707082444	0.001	0.11406900936406	26877.8964678277
-14064.317408627316	0.003387622098752142	0.05420582824368197	0.001402732276202334	0.32783395532366694	0.020244665164491586	0.033390188116337746	0.009660490843871846	38892.16694733207
-2133.6004239743597	0.2887771399580389	1.8701456309598674	0.22817879747457925	1.3628734057839509	0.2827425322732568	0.001	0.11335861784188192	29089.157041522092
-1713.858859749867	0.33164643099371827	3.4723686986775237	0.21026312796060365	0.6238892273733783	0.15472113249088953	0.006866307970003692	0.11465292015652355	27250.511764015297
-1667.5751958838239	0.32621371134680105	2.8971962321999483	0.24080249704342072	0.8496456824181731	0.09570489284076582	0.001	0.11461862664521943	26994.21218295758
-1727.8524592836727	0.3229117466360379	3.193572125028789	0.22211380708121442	0.7121716096359009	0.0051249494597373	0.013119444289342147	0.11780281023962902	27115.65409259628
-8555.28993391178	0.11181140483963475	0.48652198411853964	0.05076052259558868	0.001	0.05465545352172246	0.001	0.08203476367095347	36940.32569970117
-1675.1883252497764	0.32325313972086406	3.0107350416192493	0.23449919174281944	0.8158470938387989	0.0765079472666264	0.001	0.1140789656443067	27033.971671119674
-11549.325604046771	0.025347859747174666	0.21193650299744363	0.010641736901442371	0.21474998399433054	0.011525019253645739	0.02984512124148735	0.0633859662167538	38826.54329123123
-2600.2407130626	0.31951290887967804	1.7249372717710105	0.17604349948291023	0.5282300655784482	0.15404037729228764	0.001	0.10480394428374724	29436.94533582523
-14113.87883846329	0.005262707468262002	0.07209592530598283	0.002189333536065093	0.1912929351559557	0.020183172505276036	0.04834342402713386	0.006624530217629698	39051.5383707208
-4799.214567373627	0.23563150521678133	1.0876275828768005	0.10738283862601333	0.10049401127302635	0.15327415232695948	0.001	0.12389168029239689	32644.310975690776
-4095.6182707740463	0.20519628161175074	1.127735044990542	0.13880713201945655	1.149317063792852	0.08511778890283278	0.03231363483786504	0.07662058346112978	32948.24833465308
-11523.017492757523	0.021639421135687925	0.20704395402874293	0.008983709329483567	0.185443209081459	0.07335840518972866	0.009079181345470236	0.07029385970045605	38680.220474489666
-1716.201641910046	0.31171877274485554	2.6609606111925803	0.24092284447159656	0.917162731480402	0.014905701483517102	0.001	0.11283141052524161	27266.09652364814
-5325.821189810995	0.16867779209413214	1.004354944922982	0.0793279305291987	0.001	0.030159793447454036	0.02118218855806451	0.1184898326913233	34131.26999507265
-3951.6712345240658	0.2111637704404645	1.5090459802226357	0.09898823527847087	0.017140728520135616	0.0020195397594566277	0.008790936265321193	0.06940309941549355	32265.328568573837
-10567.749178335882	0.04265609337680335	0.28766709959993214	0.018389011868981234	0.0965594957445499	0.008663830170140156	0.0010852164745378183	0.0636807849687478	38480.51902700828
-1659.0051080509493	0.3302626933809289	2.991649230372694	0.23329448052380364	0.8002803317165806	0.13741768146077527	0.001	0.11370709999498942	27061.549244260736
-12241.192066408836	0.022968547247017877	0.1895383333216837	0.00981930643860484	0.09722189075910481	0.022591481436608864	0.017905785882764282	0.03011361839168872	38981.20539967447
-1758.191667614547	0.3810357623429891	2.856689428618539	0.24588135395650648	0.7264320101471172	0.3172666213491103	0.001	0.11562364704775199	26653.085319045065
-2258.553063939376	0.28435447613419346	1.700953249600038	0.20820267383053398	1.1617964784987167	0.18374771130418968	0.001	0.12018848383485282	29547.15994145716
-11836.34495652534	0.0419330133875633	0.2662976433165993	0.018532981894561793	0.2249613589963452	0.014447581244905713	0.020593172294355058	0.019300034141983568	38813.5054910995
-1756.8798808833708	0.3087576229237775	2.457609702875189	0.252434606370853	0.9859557868584949	0.006220098242255753	0.001	0.11212107521136748	27307.409709300446
-1649.1353444911165	0.3383545683140124	2.8054255005126865	0.25330095544711045	0.9035914337547116	0.21897443052275992	0.001	0.1146162697088562	26872.75894095898
-1671.59494879488	0.35291039811847963	2.5613446377342495	0.2795740435870852	0.9603018801178611	0.23914410040655476	0.001	0.11456586448117094	26547.492458863177
-1657.2903801271223	0.32813040519299097	2.863323357249318	0.2421397720531135	0.8639708650101311	0.1299657058220293	0.001	0.11428063037836882	27016.87157229979
-13013.026047908354	0.005262916046868406	0.08622661174791413	0.0021471805954479967	0.15835559721511372	0.055235673348150986	0.04741035035277275	0.03890017124473745	38812.92479527585
-11634.21286726019	0.025404882550803577	0.2252611694364706	0.010834067046686276	0.048974091546662844	0.031333001686791456	0.024947074557148757	0.04477307603776436	38776.56118979586
-2221.47915133341	0.2853462544362131	1.7085687210766554	0.2233884771833322	1.059392172339019	0.039915969853699405	0.001	0.11942552161804598	29120.140973475947
-1815.58211977464	0.31152625759946717	3.114106235712776	0.18616114672689035	0.49801883286815	0.024029274252141103	0.0021543088339928615	0.11345875873719884	27968.57513062755
-1673.3794849051524	0.3211757118704113	2.7650124847563453	0.2460206357984609	0.9167740525455029	0.09585217679406333	0.001	0.11538196015451398	27072.75325085874
-1649.3176730331159	0.33644469442601005	2.9101073610499952	0.24604905626077134	0.8504478228173871	0.17578892056482948	0.001	0.11459588174869116	26876.225475119543
-5255.45716128576	0.2103882569791222	1.2052428297604159	0.09245536134082707	0.009751836177865611	0.27506317490624066	0.0967793272601634	0.10602619720548545	33477.23674416576
-1660.3074279156408	0.33514527362642293	2.6916801334599594	0.267280987439421	0.976033806894614	0.18571480245008834	0.001	0.11540056118404718	26743.817583369964
-5684.9359943594645	0.17858247497223612	0.9191372733320949	0.09176988636851718	0.1459632108063162	0.006713151608836253	0.001	0.13317160155952254	34036.39588741723
-3170.689515590676	0.2602629745656012	1.6644461232007646	0.12431594596754866	0.16848056785003077	0.19629619657212546	0.004773607249515437	0.09935752562923203	31168.86517187208
-12722.637300423852	0.022702901750059002	0.18241388811415812	0.009812275002296061	0.015833244433940283	0.02806364853106128	0.0252079507882087	0.0178535284761869	39115.87676917701
-2052.436854616866	0.3140715041264308	2.6845517853364025	0.16871082367917875	0.35922019652146076	0.02369784368332121	0.001	0.1052001131615385	28546.957603342405
-1688.2886231190028	0.328332818983985	3.152484468598939	0.23288857157564746	0.7774304167347585	0.08630409602976086	0.023965518647080495	0.11388804783829846	27020.260919860917
-3099.0434759148684	0.25392742838035026	1.370911541773244	0.15490734363166409	0.7615181983694937	0.058071765936557766	0.001	0.0935738373069137	31138.860002223224
-6210.326349549721	0.1659696526675865	0.7803491409975141	0.07978204918894766	0.1057137279588095	0.08726862866898226	0.001	0.0801500960047414	34809.73271407782
-1693.7086587748436	0.31724896342686276	3.205456704263004	0.22947667095278174	0.8695593841069301	0.14168648313593887	0.05165242384264791	0.11319801551460906	27372.891261199584
-1693.9867458306283	0.3100921408420311	2.6144204364190813	0.22725667342919312	0.861661641792531	0.10807019808595797	0.001	0.11503242748376574	27656.85923117722
-2191.5741205392833	0.3034268897397134	2.5850095511020545	0.15700552446821306	0.22857241838495188	0.08700090256725783	0.001	0.10844921278670398	29041.232431353805
-2061.9278304694467	0.33110204612104976	3.0177464499057227	0.17352182427346793	0.23953440136415724	0.16530644602113456	0.001	0.11848651260061135	28230.516389939006
-1682.7323925701635	0.32108072519637604	2.7727033460480532	0.2399215907876756	0.8639964396869737	0.06468018723099189	0.001	0.11349700349563571	27128.783565206093
-8028.679969826846	0.0997203612576365	0.5871850193070745	0.044799722763854403	0.038330956584499865	0.0031259011152048144	0.052903916633209855	0.07116322306766222	36762.86838753358
-1657.7719262695748	0.3392198586672328	2.85654594524092	0.2580643814096306	0.8877065905738314	0.18326890758281228	0.012106308997264633	0.1157316367521346	26739.939121193307
-3890.17482666409	0.23889438004160968	1.2141089311603988	0.12786669799391526	0.3822283599742073	0.004759201980276763	0.001	0.10341757463040845	31941.477496492185
-1858.6293097546252	0.2973048929875959	2.1756565894197677	0.26316042415193214	1.1675910950868928	0.03067744625465933	0.001	0.11400891373048261	27687.69286518033
-2412.327974601665	0.329634126323117	1.8687430153510278	0.1879519794238599	0.6851397214317325	0.13212357629829527	0.011314863517067777	0.11141247579826316	28950.322095078387
-1674.6740531565433	0.32259731786247864	2.8002813225471215	0.24115902646901186	0.8731408882288467	0.08205513397579225	0.001	0.11486789822191425	27089.636104709363
-2190.138216390689	0.30374666708211556	1.8080481626383702	0.23467508311268703	0.9421616397487207	0.06833202794685755	0.0010390302064453459	0.13025633650022303	28552.402168382556
-5892.234726690333	0.15536968808572404	0.998297452182454	0.07230818628877805	0.010075496623186794	0.001	0.011699902669051642	0.04738842860063081	34368.55717050877
-2371.04409344084	0.29821327455947305	2.135369478412405	0.16199085134406924	0.3340691751044422	0.051663355636361916	0.001	0.12207403410776103	29314.940470938727
-6544.5893704165655	0.17537959762092384	0.8612317247610359	0.07643535084910887	0.0010256487940044116	0.024261988312811917	0.05002685514699294	0.1395339323356441	34440.82649073491
-1698.259637987892	0.31914832775713	3.229291580843184	0.22998314974917267	0.8068858090293565	0.044269323994522596	0.017584466939957365	0.11407904287531626	27060.15528071163
-13459.653432848261	0.006787950767280319	0.08932451492800796	0.0028220440943105907	0.06007241700764304	0.026464680160918068	0.03778617013502127	0.01990127505041763	38987.05343032642
-2300.4674561417223	0.29382907232186234	2.8867659106508814	0.16904967042798644	0.28312567162401164	0.001	0.001	0.08294233232575117	28609.19083415587
-1722.52658356669	0.31370892326684746	2.6288197788044037	0.23533607809581594	0.8660270272313889	0.007073260159977253	0.001	0.11248854638488999	27348.75262392554
-9898.057407251672	0.06072983976265025	0.34833022378653633	0.02650280833892324	0.1641984445974718	0.05817605448575025	0.001	0.06889926423617714	38161.74554628038
-12755.240894035273	0.00961430106934449	0.12570613180837353	0.0039061760013830125	0.11929638534143817	0.05434622028946763	0.022759192133496437	0.03537011078672903	38741.06274765025
-1649.0341226098387	0.33506832235699663	2.7951281395898393	0.24972754407625494	0.8836207116666522	0.18186164279939102	0.001	0.11485872014177315	26927.76767733535
-1817.671356651032	0.3066439417474362	2.7961607167075853	0.20071780066198777	0.6890492514701749	0.052780207945709604	0.032869984888050076	0.1027150954961097	28098.273154600854
-1868.3900428438292	0.3507752632984726	2.8375220304100646	0.2647933987777387	1.0060360905564267	0.4134649773346915	0.0218553984135814	0.11558241351204232	26893.173104575497
-11657.741139718257	0.030255158426442948	0.23446667910131944	0.012912950917693964	0.026051710298144633	0.001	0.052477915942354736	0.04458396487171244	38895.53690043176
-2816.478815933987	0.2734545482965981	1.5363463167253841	0.15920678349987719	0.7570546170940529	0.001	0.001	0.10229378078888908	30412.156693303656
-1648.6196582408343	0.3368903152282921	2.813349711029457	0.2477723803881852	0.8778885277779273	0.20869910050694487	0.001	0.11415264228853962	26960.147055982063
-1760.8932973465962	0.35710577285480893	2.3786465547741815	0.3181493114700667	1.0190241266315874	0.1641196555262659	0.004564642608207742	0.11876520454098706	26080.416800068644
-11932.099997827238	0.017555270976622878	0.20434046046934917	0.00740827287503693	0.001	0.017354684148858816	0.08927751245170149	0.08089250464607095	38938.95465031071
-1679.0821729259862	0.32914672231645864	3.4357788605012436	0.2297612724793167	0.790119786260469	0.14535590149918104	0.026139169379495147	0.11383783575763766	26993.581182739774
-1648.657337212888	0.33776390633992215	2.8793029036185662	0.245182924760791	0.8596038636547578	0.20467328668915055	0.001	0.11424846924432669	26937.87363638976
-11605.548102604	0.02986377170662525	0.22331991916682645	0.012785838515946535	0.02461630801930051	0.009662567574657083	0.06275014955568785	0.0673044970410196	39036.595690852504
-1755.1325619948211	0.2913279303913979	2.7376710420958026	0.20507191974281133	0.9025883208282612	0.0819757834840057	0.02265241132107233	0.11249754629022107	28257.380683224466
-1668.1269354223095	0.3245389012174099	2.673793426416736	0.24851036039229196	0.9199770171918364	0.12194912789675919	0.001	0.11384472982907129	27099.83357013988
-9363.665947683941	0.05681475524606367	0.42398937070782367	0.024024638397714706	0.07240634028151487	0.033096505592076955	0.0032340424992425908	0.06946850686918579	37660.81081438667
-2406.95792909637	0.29958797619119015	2.2051907969801476	0.15347108028536222	0.2247310841032879	0.07361397006798198	0.001	0.10521822364370945	29423.499486783003
-6012.253002326441	0.1781688382888511	0.9369713483279294	0.07606239469907546	0.7499147124090004	0.07323433434074181	0.001	0.12392484224925748	34078.11859464473
-8903.924312168057	0.06207691272750793	0.5320148837284578	0.0278658065228507	0.001248220213972826	0.0010156229063210977	0.04355511739601568	0.06399738154050143	37493.82683010902
-2861.9444321021992	0.242757438300739	1.3642849583967736	0.21825736491122893	1.4805370810143652	0.10508669465839078	0.001	0.09056492098649876	30795.974963683027
-10047.889816987165	0.06391888833438518	0.3567355815249849	0.0274294512012815	0.01528110784027343	0.03815600431055608	0.016351941795957153	0.05426146523067142	38078.16562334177
-1716.73202709906	0.30922360692835954	2.775422555016202	0.23406994693934144	0.8991627791865185	0.001	0.001	0.11106749459879307	27302.457227810006
-2007.8980207924726	0.3021230024962097	1.9430087403861522	0.2836663305626011	1.1770499512858472	0.04034685622222737	0.001	0.10163457419577848	27710.17957903325
-1684.652726668972	0.3337856445851135	3.4374026781880596	0.23487599310835844	0.7821673175750035	0.13512537646236458	0.03814442583477099	0.11504941129342791	26882.96633169206
-1657.8336740354002	0.3380496285039614	2.6995659064219635	0.26563511917918853	0.9563932910286533	0.1839026258765566	0.001	0.11489184160427403	26725.83612417912
-2452.9113854262346	0.33421306668415535	1.7451978529495398	0.4484890096576755	1.2876589565135694	0.001	0.001	0.11625635178947477	26005.952268851368
-9767.538229464668	0.06752611872028186	0.3663158186636926	0.03000865199064729	0.637436872645198	0.022627899245549532	0.001	0.0621494517596057	38054.97998516796
-1829.330782039106	0.32366524578541134	2.3531355816155024	0.23156279871123553	0.7618265319367595	0.00883329936560362	0.001	0.11791163152399907	27541.843988356697
-1787.4474583185226	0.3552780022869973	2.5073408650747666	0.2687359268176898	0.8508635042160091	0.058444441976364454	0.006240804370217575	0.11126439499677991	26523.875709057105
-1709.868037084831	0.3229723668195059	3.623230652662091	0.22014934554139146	0.727059752893761	0.07063085976301582	0.02238876039370951	0.1141834872437702	27049.34405670098
-1673.5981879842952	0.35085288142915794	2.8435106259528133	0.27304627847520696	0.8490516351441709	0.17467182283064323	0.0023443685617428683	0.11520696088651587	26319.548969530395
-1682.648130854513	0.31607492995283154	2.9811138861474684	0.2344045958456564	0.8618804767427611	0.061024273712404195	0.001	0.11526636099363842	27125.87695469422
-6964.124990157479	0.13931311314024966	0.6662626266666103	0.0606015984687756	0.001	0.08245863476520647	0.001	0.08243671103191257	35614.60209515303
-2229.8857888471175	0.3148530726867417	3.075918841064888	0.15582283402790265	0.08919365189196571	0.007647946095208587	0.001	0.10565742165999033	28581.23832911996
-4976.8733800025075	0.20246094590499628	1.0214934649243539	0.10088235368366409	0.3502388851154085	0.14249543808398352	0.03110990293389187	0.10991914412113628	33530.4979340375
-2109.7951383070586	0.3581578788069679	2.1611808776951955	0.24222824456258404	0.6895534183134515	0.001	0.007343302916940881	0.12312866805339821	27202.35923261499
-1725.2526046076744	0.3122714589580227	2.8542906666662105	0.21450822165105102	0.7273671811873441	0.0019801913782365194	0.001	0.11308632264615005	27542.10084028109
-1693.4191406508048	0.3172388527692741	3.318080360046099	0.22313383153079494	0.789897538731384	0.06588738624784697	0.015064226424652239	0.11346606917364703	27174.71765025574
-1684.1185247770181	0.3155044439388363	3.140687123352402	0.2251432618322305	0.8146997637428701	0.06844215522157376	0.001	0.11246819282115016	27203.234637202437
-1677.0040484158085	0.3537692829549121	2.7639666367620186	0.2758200944048464	0.946316261069533	0.29212061764783703	0.001	0.11576789149937786	26475.219328924213
-10757.081689331506	0.041882532440512356	0.2843317378029765	0.018247432295682205	0.1958994774636411	0.00823661047418073	0.0014232190849566052	0.050763277874799534	38540.42401459579
-1754.0464463245085	0.34527490588921206	2.5839670043309693	0.2351056961036979	0.7375153006189655	0.24134724495581333	0.0021424614521469015	0.12435953654372077	27309.421419649098
-2524.7634133819997	0.33297028923854466	3.092552279556791	0.1994734171878132	0.6680884816486582	0.308490063329939	0.1862531663315994	0.12917170940509967	28666.98745377436
-6606.006516188438	0.12712784112841075	0.7202697422753606	0.05820980997152027	0.16284241432824367	0.029055511370752605	0.009959481067897949	0.09108034809327607	35694.51763882307
-1689.3771341917927	0.33309791322736115	2.496471678565713	0.2705424919711547	0.9710525857681336	0.14621562812229025	0.001	0.11822903520910757	26854.214716127353
-2188.412286611791	0.2613905208260532	1.908414488070986	0.24294140614799242	1.5294564008395193	0.1048894447683629	0.001	0.11306379175609768	29045.86989658208
-1810.6122508523304	0.29152677748779704	2.339217147147716	0.2482026476320122	1.1202352942629419	0.022488221402604886	0.001440688809851175	0.11659068211886048	27767.71485594815
-1668.9150521336783	0.33616769587492384	3.1644089531079036	0.2394846412692219	0.8066338532838598	0.13181593273947353	0.012264880605752706	0.11445389182603256	26814.776209012638
-2237.1442535092483	0.3096343421589384	1.7228892626471686	0.2609883385617647	0.9977393397833145	0.012917075189471649	0.0012684751943897801	0.11637757144881615	28224.305484963264
-1695.9993581897309	0.338632068266721	3.334291056429284	0.22237351201655792	0.7098244974040675	0.20622420751732792	0.03135387493917863	0.11365048442914623	27180.686695477896
-1880.3867942574689	0.32679182900493164	2.0490432633172255	0.28169456840348445	1.050175847650922	0.08292487338139444	0.001	0.11839235213964655	27266.159497670415
-1661.239561511432	0.3305440114958156	2.731420630413752	0.24604621221896117	0.8810920556410474	0.13253872219128282	0.001	0.11419215261716499	27032.20185963514
-5441.868919582444	0.19955447223339373	0.9568906384654859	0.09206858231397902	0.010118802677804732	0.07377411661143583	0.001	0.12772290325589142	33576.82926324982
-1685.5576129517644	0.3148095071753464	2.957305696061563	0.21841149159508205	0.753560835852977	0.0972402706206812	0.001	0.1150833567571484	27478.414988422093
-2284.801577862724	0.37787404733021523	2.1795414828331334	0.22222346143573055	0.47948250143275783	0.08018875635535774	0.005872258651747325	0.11503735884306161	27380.958652784186
-1650.754748075416	0.34302340946228765	2.8005862673664033	0.2576449839028649	0.9001384640427688	0.23194095413129506	0.001	0.11533814551164144	26769.265185397526
-10848.344742672738	0.04241650628148041	0.28231533626233407	0.01816421442480924	0.047521240671957496	0.025124151431372112	0.04346706349450592	0.08721655061023262	38666.424191091624
-12857.91387860768	0.002363139498922435	0.052821176661199905	0.001	0.1494953120695675	0.021014786153459315	0.03815509815459272	0.06437245980275089	38753.02622397798
-1687.6532495957806	0.31616622570676406	2.994613034053985	0.22738764250680357	0.8109194510594319	0.044663907873101684	0.001	0.1137325359628491	27219.06018692929
-1895.0017300261027	0.2914726573589817	2.4171201600282135	0.18802522650193643	0.7428096588761075	0.0037207819580254583	0.0023431063157815677	0.09952334374416508	28637.375520158766
-12561.941710283194	0.008632704402950254	0.11722001855899761	0.003565253069416717	0.06053812449275756	0.02985752799520523	0.03533648511848176	0.05035773281480393	38839.19501738153
-2338.150292367117	0.2596832473550491	1.814964386725693	0.16393716983456713	0.7591801546723979	0.001	0.001	0.11525176482671329	30120.913925761088
-1684.9551051411624	0.3589601413742307	2.8614024027874216	0.2840419897664208	0.9266310262606847	0.27035115080085437	0.003273070723780978	0.12213707749376544	26184.076268074645
-3693.9182057548514	0.22136261083914474	1.4439680779763429	0.1133534074514013	0.20517237948176345	0.001	0.015997946146405723	0.08192229653601682	32026.659120464003
-2801.8863648595566	0.26692075994393166	2.1517610870692883	0.15046316441675606	0.4953139724268852	0.15421425416981935	0.10905010261201672	0.10307865485572525	30507.63197940116
-1699.8953498211229	0.32828135983542084	3.301423348333373	0.23524126021558736	0.7791511675299031	0.06446732409458891	0.02548723367756454	0.11671162501972665	26871.152966020167
-2382.024278538224	0.2765219619879766	2.009122772913945	0.15942034173978975	0.4693967647337997	0.056571990078676755	0.0013300950504701807	0.12420732551555369	29774.47144802099
-1758.832147332118	0.32616386556868654	3.6433143665466523	0.21996293057262659	0.6611928073536923	0.001	0.0017012330355179962	0.11885430802170374	26836.598473718055
-2771.1327341606097	0.287366566030389	2.1267529594266352	0.133956881893936	0.020799122805462804	0.2160790888947256	0.001	0.10591058804387032	30191.091789399306
-1830.4549626097137	0.3195062440450753	2.237556446787098	0.2757419692093959	1.0156642853463467	0.016606308381330898	0.001	0.11909809039059485	27094.326118069435
-1755.6335048455312	0.34778550795269414	2.722892428496915	0.2332752518397999	0.8626675604313274	0.33848907350239227	0.001	0.11260269370168528	27348.817531770015
-1650.5366588276643	0.3433975715617695	2.838029563113737	0.25769051338267	0.8885091486754413	0.2293551876653085	0.001	0.1148684363088383	26728.943476678298
-13300.496773308012	0.007744539420892182	0.09239044162203908	0.0032019643178923334	0.07716013879228449	0.02494600214575748	0.011480493824460513	0.02213479049768465	38933.51560126242
-13258.915204133747	0.005069682882994286	0.07197592459291603	0.0020937563463905933	0.20990301971083858	0.027939237289866456	0.021083789418670267	0.029316966236166357	38883.58215449893
-2764.624174537739	0.2930081288384408	1.852121885484732	0.1600549129264051	0.38360211375747705	0.01993673764398469	0.035479483126612255	0.11662003525175461	29818.755648789163
-6681.064516060007	0.18301211896953629	1.0273340724992523	0.09207225439902536	0.08625809368686198	0.006620302293556036	0.05821386909397269	0.17893582202271535	33877.361166191986
-7192.556890495772	0.13655169916459764	0.6472444943031254	0.06030178281569482	0.01901649902413906	0.079791834379307	0.001	0.06867073907958349	35753.97517277596
-1728.196937268634	0.36259616646726317	3.1100856177975316	0.23732587552830345	0.6906905668833794	0.2915249367032902	0.0133840213927415	0.11473615949470871	26816.94704720097
-1664.575070040106	0.32787853986622695	2.8204053144981316	0.22714493121797844	0.8012868929026363	0.18114025496089114	0.001	0.11155118998178808	27374.45295855071
-1648.129804154343	0.33709109179334623	2.819582999367703	0.2514630978175561	0.8865104952000065	0.18953726887954142	0.001	0.11458803052338978	26866.7970902741
-2295.968292183923	0.29282849335636535	2.2212734225292228	0.1564629862765582	0.3448434050600585	0.11339638851401218	0.008762352246502219	0.10966272686468612	29515.244546708465
-1722.30904481645	0.31303038542889916	3.2316601678732404	0.20634214990897567	0.6767299133941885	0.0220297071944069	0.001	0.11488359188045946	27479.999042032425
-13737.154039455962	0.009692453744955197	0.10636473944824362	0.004071074523776302	0.07393762836720795	0.0010162756341181218	0.03598693254984981	0.009001011127939858	39107.34316695923
-1962.6128460708626	0.31765076212957355	1.8891674531517304	0.3162651776808707	1.2995287181196546	0.26959512438106104	0.001	0.11630470103586611	27516.105668236218
-1647.6643823855138	0.33788457668059757	2.8508701481325467	0.25025136907651874	0.8774830582853775	0.1986432871957778	0.001	0.11464652590301988	26864.576979627956
-2812.837878120267	0.24844339897011428	1.4864154642602954	0.16984276987942437	0.8999587995861409	0.001453687813441082	0.00269423027327721	0.12433747340674957	30757.343572082293
-1656.6023273317446	0.3410161690437662	2.8070788062676124	0.24472648554503015	0.8348212737240499	0.21540273496350726	0.001	0.1105415108243947	26976.428011487224
-1956.3378161882622	0.2746399843030353	2.6765457198598637	0.20069930850351755	1.0330524902146423	0.06350460698852316	0.08696388061346508	0.11207119739380764	28880.02166091696
-10265.530473692676	0.062051161154168526	0.39090446284213226	0.028101436701931944	0.4707409387667851	0.05359497280477818	0.0372294682493991	0.03466782998211527	38150.667993294184
-2803.1056980827834	0.2911853658915965	1.5514067265825464	0.19341499968889148	0.7931319211136825	0.01552414748058427	0.001	0.1364809758535001	29673.82537203176
-1669.3597601325973	0.3401651913619362	3.2099307707295455	0.2503140879466195	0.8718792299688556	0.2081574276528799	0.034509945252756205	0.11498271028089599	26743.294658839164
-1685.9886294896519	0.34618814556231264	2.4562952194185446	0.2700673590328364	0.9617775838781333	0.25704017092046466	0.001	0.11783475354182305	26897.666710018664
-1712.5442940017303	0.3110596006581899	2.6669808462764832	0.22996337261570532	0.8695112859524016	0.022166944921540737	0.001	0.11514636077272292	27458.460481379872
-1676.9890053227634	0.32598626030827055	3.3449221667437876	0.23289192915825416	0.8211738206455663	0.12916054474954802	0.02517805120561434	0.11403996148413323	26995.978437067988
-3635.0051203582807	0.265070967901732	1.5473223176323498	0.12102745324456997	0.22210690391626983	0.001	0.0030086022194877153	0.13272739589945276	31068.19646345034
-1648.3712789578885	0.33617753021550156	2.8940153124354766	0.2461998836317357	0.8662913508389217	0.18702957600982445	0.001	0.11487201699622487	26904.851942964702
-1732.1109500983493	0.3154801460912005	3.6120726869600044	0.20537496499856403	0.6465144628916126	0.04828667538241644	0.01053670783034662	0.11178358011789136	27355.513160416544
-13420.767471017754	0.007482325859087204	0.09754839793134648	0.003112959499353273	0.17460843287758554	0.01496582361334484	0.04452619853467161	0.019898948371560785	38993.03978761365
-1650.2343655628906	0.3334367234642308	2.753386251480694	0.2494934362904666	0.9073644409607463	0.18982536060761784	0.001	0.11473745254279856	26997.349988422833
-1759.0526467225027	0.35287859197284044	3.0189428201748902	0.22375100267115838	0.5720487084788365	0.10850722733883568	0.0011696991053046048	0.11219574579057796	26929.51490756936
-3786.5047026420407	0.21124657649619238	1.2972434178895804	0.12688670408370675	1.3246757471167516	0.19918154017034212	0.001	0.13244611561967046	32551.587702378394
-1722.258992920458	0.3457917925683724	2.6770689841038324	0.2480219976139845	0.9176748552610302	0.3330584454654349	0.001	0.1144109133345235	27146.55483374613
-1699.2783523660646	0.312262962466263	2.8408368856578536	0.2314255631452979	0.8556267463339082	0.021935032869588148	0.001	0.11359767478434957	27279.565847447368
-9386.696895453028	0.060176923413464395	0.39466590781192856	0.026884017628957795	0.2150148516628107	0.0031350409260616587	0.001	0.07679249846545855	37916.38674978185
-13682.3826702788	0.0038830285726735346	0.05651648613680346	0.0015994310772516757	0.10820921427073046	0.03214735959063296	0.02812466450376354	0.019065391877212064	38929.65808029392
-3232.995544366595	0.27221950190702426	1.5320136439134382	0.13715492254814143	0.24164829351004075	0.12030657576356277	0.001	0.10796414965887341	30874.987766809554
-1679.2845682878246	0.31443081394507966	2.813317338083802	0.2342728630920637	0.8932801368106235	0.07776643049789513	0.001	0.11544559419362443	27292.519997559644
-1843.0080383815043	0.30844516163896335	2.1636138597275347	0.27610537782416755	1.0889889468544822	0.048763456393859275	0.001	0.10947699428771872	27378.838131886023
-12272.177754663737	0.013873362549337968	0.16308745235383074	0.00590620849102271	0.07381249707505892	0.01279349248656745	0.007463987629996661	0.04068570081160891	38773.73742930565
-1703.8177043707697	0.31557968158850125	3.2001848527537318	0.21973141794290113	0.7490608489898828	0.028691803397419346	0.007155593076096371	0.11408475008429717	27244.378465445432
-1648.600129003287	0.34019496839399	2.9121385580320927	0.25048667084398285	0.8675814885308802	0.20826431703231016	0.001	0.11472712794508062	26800.04595219015
-1688.3916749990183	0.31154711849509165	2.67742861673729	0.23503730418967397	0.9250267219224364	0.08023728180448994	0.0018166083854900305	0.11446734714046801	27432.788626115613
-13411.61396418729	0.011079838448603312	0.13134258467585155	0.004596392434515463	0.001	0.063543284968293	0.05472857739420029	0.01449858862196078	39009.50239147249
-12003.773942541706	0.016268133170770534	0.15398652575855923	0.006808459116392624	0.22254574653813292	0.009271304797141427	0.0011727518475181642	0.060674760145364964	38887.88728251959
-1788.7247733620577	0.30930287835149395	2.691678171961446	0.19731564478169933	0.6170204021394022	0.06617105815409316	0.001	0.11332267360590348	28079.841107787524
-13065.667513237953	0.010047190888563422	0.11789790116487042	0.004176202236491618	0.12804571032511558	0.028179289574191326	0.02064612576069704	0.024259464246681777	38914.68223142114
-1719.7529462553248	0.31090934854950925	2.6785801905745883	0.23138526285542063	0.8639561530762975	0.002006591665892871	0.001	0.1123175487401702	27402.728553356315
-1661.4451422039433	0.32800303374463297	2.9176214055833376	0.2376369902657895	0.8292389653972037	0.12807832370192113	0.00569365050031309	0.11461747649574691	27070.531378239553
-7282.690647153384	0.13936571251131066	0.6454794262088432	0.05669160239632183	0.001	0.001	0.0028096190745900583	0.09619555603275491	35522.147914356014
-1658.0731075268582	0.32692432156278883	2.8478530582233508	0.24128735906927426	0.862939780038121	0.12988546737451115	0.001	0.11273272375824568	27056.47639521568
-12562.488675324616	0.016247037945907712	0.13182608506661872	0.006682142421928203	0.19142494593862713	0.058725514350175034	0.03949957404688741	0.05043673846236839	39247.38740021427
-2120.900567875189	0.27125458745989695	2.422966763096371	0.15718994351273932	0.5489158981113272	0.010022641529994929	0.022919738393908342	0.11321009825262443	29563.7875504406
-1734.4270227316151	0.32413234376234223	2.2895091456983154	0.2682411806817683	1.0367933239307674	0.14823383587994796	0.002573658394005085	0.11288285613978485	27246.204964270655
-12632.109691960799	0.014584858812084107	0.15278841599324397	0.0060776248677246	0.17080854628725503	0.01690852757699012	0.021029573606463046	0.029285925412420012	38876.83653055317
-1648.126678112664	0.33776434179912657	2.812574220262911	0.25169916357402433	0.8797896968309861	0.19235053630426183	0.001	0.11478969015989414	26863.329479819797
-12006.583028796074	0.01920389240901733	0.17540582363323035	0.008022105775071493	0.4488816161278516	0.040490222211238484	0.052763146779121625	0.06968075617668429	39034.93650843167
-1897.5776146274486	0.29931909469055235	2.085521504691196	0.26410349606469774	1.0950765991562954	0.001	0.001	0.11463488959774806	27723.163562114118
-2766.196420104533	0.25600859631517064	1.522816296450659	0.1606409617664751	0.7320184171839164	0.030064050459132685	0.001	0.11359430988649626	30703.001951192888
-1657.4956727316985	0.328424259102699	3.0281084814667936	0.23760585352492314	0.8422390763521515	0.1406644067797912	0.001	0.11382309089979922	26987.65300104007
-4118.353450053334	0.2113978548126051	1.1865347314429702	0.10699903456134519	0.28819546603702456	0.09164881022982319	0.001	0.09594754285540742	32765.62822406274
-1796.8826508380102	0.33401229415169503	2.2870472789534495	0.23790011525514287	0.7905213869671963	0.1098443836959738	0.001	0.11305307135846672	27511.616395059325
-1767.4766543365695	0.3163293724584874	2.2986290489745644	0.267869630201066	0.9887624084276071	0.08965586237076176	0.001	0.11593057686793144	27248.795783876372
-4318.618786916375	0.20700229133217848	1.1690719706148538	0.10686737772894121	0.35561365805298106	0.009375511221707251	0.001	0.07062850829998532	32794.154729124944
-12341.324443336145	0.016652921583584328	0.143699186579818	0.007039419341447078	0.11071474426180723	0.01768387988025909	0.022665570192036487	0.04877511345281584	39149.51198140464
-3324.064593467243	0.2867062153554174	1.5205775043806817	0.13729178923185628	0.2177575879466549	0.1576624780184067	0.001	0.1101327409548855	30750.42261061462
-2069.902048387098	0.304916403512034	3.2317202790721438	0.15826088716342626	0.21778354829994065	0.02113479783627398	0.008260940282992773	0.10689509412029352	28612.906560758853
-5673.98609422866	0.17510635091541465	0.9219444167785622	0.08219346337439704	0.11108011255359215	0.014048946277766133	0.0025966695739745743	0.05960809954699148	34111.3704924878
-1719.7163231439667	0.3001794089590746	2.7061076144438956	0.22087397429685313	0.8804729132106632	0.05274015710999143	0.001	0.12000001797158819	27753.582334705494
-1649.7773934580925	0.33284415804181106	2.8749236977914383	0.2420291657354449	0.8598350869772441	0.17494582685346916	0.001	0.11359105063000076	27012.63856435986
-1647.7151832168843	0.33829600459730236	2.839094216624233	0.2516814824599595	0.88256503442185	0.1983945478277155	0.001	0.114571997203676	26845.14877988423
