-5175.716242526178	0.28944687229103927	0.05595548562291756	0.16088227721314613	64718.938234795896
-4107.45798783112	0.01	0.10493207834144672	0.15583555779982472	64718.938234795896
-5175.703039353348	0.28809857779337894	0.05486127230179667	0.16087833659432318	64718.938234795896
-4107.457997705118	0.01	0.10493252476141848	0.15583152176381826	64718.938234795896
-1211.8471219546932	5.055681915579443	17.700417926785352	0.12113899322207708	64718.938234795896
-5175.713666234312	0.28934244854711194	0.055867388967713705	0.16093673907095293	64718.938234795896
-1192.5747722100987	5.314097100451683	18.915933974730486	0.12097197127285558	64718.938234795896
-1151.508390108977	6.0647878153811945	24.075063330539322	0.11909504066294728	64718.938234795896
-5175.688496427425	0.09626655325158455	0.050514743482767605	0.16092264556722632	64718.938234795896
-5175.709854301903	0.2889896704984737	0.05558070175852974	0.16093246858462917	64718.938234795896
-5175.691029067832	0.28449637843200754	0.05200652692297643	0.160919350277713	64718.938234795896
-5175.720817397201	0.2898948956704111	0.05631767011230963	0.16091706135556239	64718.938234795896
-1180.4621204784785	5.522548053424142	19.838959889331786	0.12056102968768657	64718.938234795896
-4107.4579878246395	0.01	0.10493206707831379	0.15583528189878715	64718.938234795896
-1123.2521872396196	7.268349707463146	26.954982699775755	0.11885310975381809	64718.938234795896
-4107.457996372957	0.01	0.10493158079552595	0.15583778938435305	64718.938234795896
-1157.6570240376093	5.953005297114212	21.923832312951003	0.12011464959698578	64718.938234795896
-1186.149438051702	5.360846102876769	19.46465294884958	0.12039471893166663	64718.938234795896
-4107.457987821579	0.01	0.10493207124497678	0.15583536411001753	64718.938234795896
-4107.45798787875	0.01	0.10493207916961422	0.1558349197802005	64718.938234795896
-10909.43807430895	0.6739493781244492	0.05537592929020403	0.17596410628758083	64718.938234795896
-5175.689073507742	0.11549273417068127	0.03680855469069948	0.16092545493222052	64718.938234795896
-5175.6890726453685	0.2712086354189907	0.042171466457966475	0.16092431702203916	64718.938234795896
-1145.736382049321	6.190003614154241	23.508598868682103	0.1199833261713998	64718.938234795896
-5175.714539135492	0.28941881110158707	0.05592929745908535	0.16093346769642944	64718.938234795896
-5175.689071239129	0.25813082922901553	0.03342283655059604	0.1609206924529107	64718.938234795896
-1163.1107748550612	5.9055050588305145	21.37266351011444	0.12042689984723354	64718.938234795896
-1179.50382677732	5.514719112394211	19.906277168897674	0.1206303564022886	64718.938234795896
-5175.689135713677	0.2723729255662762	0.0429928499515126	0.16090665407744278	64718.938234795896
-5175.702312249702	0.28805349432488436	0.054824461568836476	0.16090510399181795	64718.938234795896
-1214.6840780422408	5.02527736747187	17.53683362618658	0.12120186176715304	64718.938234795896
-5175.689081024268	0.2731586892426676	0.04355152937721265	0.16092572421269036	64718.938234795896
-5175.6981268797235	0.28729908393128056	0.05421986258521435	0.16090638425760945	64718.938234795896
-5175.7275945876245	0.2902900959444168	0.05663883159373494	0.1609402480447766	64718.938234795896
-5175.69463166347	0.2863167126015725	0.053436901058900386	0.16091872534013435	64718.938234795896
-5175.689094622701	0.13007121329413887	0.027654218592187068	0.1609312883790992	64718.938234795896
-5175.690757391873	0.2842345718618311	0.05180230032831924	0.16092598857892823	64718.938234795896
-5175.689071318133	0.2434279671475225	0.024538347462599683	0.16092071049767864	64718.938234795896
-1111.7865831855052	8.110809964333535	30.45377231626467	0.11496733063691138	64718.938234795896
-5175.709741784833	0.2884840105412718	0.055171987154975385	0.1607936726082686	64718.938234795896
-4107.457987861233	0.01	0.10493203482017402	0.1558353786497624	64718.938234795896
-4107.457987821791	0.01	0.10493206876794238	0.15583537271863043	64718.938234795896
-1170.6458708524292	5.67246643477427	20.69936505020639	0.1204868114722379	64718.938234795896
-5175.702885743539	0.2881380997390367	0.05489282945781031	0.16090301182240405	64718.938234795896
-1228.4310035159265	4.812979964391361	18.73967660501605	0.12084372707930227	64718.938234795896
-5175.697374679305	0.28714090359744887	0.054093237087655455	0.1609211761896915	64718.938234795896
-4107.457988087914	0.01	0.10493213410168718	0.15583614012735172	64718.938234795896
-10909.478272038647	0.6760478832017914	0.05727384888379584	0.17593400633810985	64718.938234795896
-1145.8868028660322	6.3062416990257475	23.27653432582837	0.11990216262328894	64718.938234795896
-5175.699835809718	0.28765358574818883	0.05450366228625888	0.16092071049424955	64718.938234795896
-1131.2218574251874	6.636851256753197	26.314960964838026	0.11861788905904429	64718.938234795896
-1177.1751630710417	5.525393746051887	20.180589956211776	0.12037483797920469	64718.938234795896
-1209.4958893222886	5.100270537867319	17.836240036693397	0.12098417421627414	64718.938234795896
-4107.457987879497	0.01	0.10493204237459605	0.15583573485149835	64718.938234795896
-1188.5320379507627	5.287370006473502	20.030414089358263	0.12055654729218426	64718.938234795896
-1125.7771452769048	7.166046731868506	30.933884488792568	0.11851058178754079	64718.938234795896
-1144.3461930647786	6.863155503383544	24.412696518052865	0.12077911551312209	64718.938234795896
-1141.9775865277347	6.308831055115117	23.888485285728997	0.11951137536457888	64718.938234795896
-1138.9237400630868	6.5303613069387065	24.20198863393498	0.1204056372763641	64718.938234795896
-5175.701969905878	0.2880126771571722	0.054791973239136614	0.16092881086051997	64718.938234795896
-1347.90956325725	4.268769603409938	18.84202863747152	0.12070061888671992	64718.938234795896
-4107.457988964845	0.01	0.10493192902834605	0.15583682981558422	64718.938234795896
-5175.693211662921	0.2858024369555951	0.05303134935767021	0.16090650652294847	64718.938234795896
-1103.035421038566	7.71266107894044	31.66105531653513	0.12006411671405151	64718.938234795896
-5175.690767974968	0.28423189867282334	0.05179997483066399	0.1609204333618048	64718.938234795896
-5175.689072605794	0.26822393409218775	0.04009887536901196	0.16092453437646356	64718.938234795896
-1168.8460255474863	5.737994351728035	20.84852241976619	0.11962614657264148	64718.938234795896
-4107.457987821507	0.01	0.10493207179461374	0.15583538273448172	64718.938234795896
-5175.689168881409	0.2769273396069479	0.04627775710952867	0.16094033708979333	64718.938234795896
-4107.457997667034	0.01	0.10493205508071919	0.15582925945969148	64718.938234795896
-1121.2175672436324	7.090617608173438	27.0831425168115	0.11923653178529554	64718.938234795896
-4107.457990356121	0.01	0.10493178386038299	0.15583473623695654	64718.938234795896
-5175.723356321787	0.28997116630991615	0.056380216738827794	0.16099508796128786	64718.938234795896
-1182.8905765230256	5.4841986699036225	19.63428854544466	0.12050122384731082	64718.938234795896
-1093.3614380900437	9.172199867779536	34.94107751340576	0.1169089180251947	64718.938234795896
-5175.69981439698	0.28764642709808963	0.0544976760593469	0.16091617231527336	64718.938234795896
-1153.947833513246	6.029512726096177	22.337923471961055	0.12004798125819575	64718.938234795896
-4107.457987838939	0.01	0.10493208080496548	0.15583561856207978	64718.938234795896
-5175.6920127743015	0.28521138277731617	0.05256616107531043	0.16092587172417477	64718.938234795896
-1260.255738884241	4.4578191872892505	15.58401569469013	0.12176704840459182	64718.938234795896
-1179.4694079884948	6.422275585824326	21.86499320817009	0.11988652381435719	64718.938234795896
-1163.502362053247	5.778853121700371	21.46139850764083	0.11918910599581121	64718.938234795896
-1120.6207829271855	7.192012717627459	27.233722774243883	0.11907851347326123	64718.938234795896
-4107.457989504363	0.01	0.10493227837753916	0.15583665809974726	64718.938234795896
-1152.0580483992453	6.041256422693971	22.703804420544287	0.12085658788948982	64718.938234795896
-10909.417654454657	0.6580916820010948	0.04233741017359887	0.1759615225746883	64718.938234795896
-1117.9752798987467	7.076434894920723	28.507847346613055	0.11960871615894231	64718.938234795896
-5175.699841643636	0.14850453079875547	0.017393967080063952	0.16072181556339366	64718.938234795896
-1143.0622140175246	6.259731787946618	23.61333970121009	0.11953651237327664	64718.938234795896
-5175.702532416115	0.2880976271734622	0.05486059105775773	0.16092836372325076	64718.938234795896
-1154.9036464848418	6.019937959349405	22.216764417543818	0.1198220990006191	64718.938234795896
-5175.714958786006	0.2892058769825365	0.05576151685386297	0.16088599579844595	64718.938234795896
-4107.457987822511	0.01	0.10493207418111966	0.15583543531886554	64718.938234795896
-4107.4579878241475	0.01	0.10493207519853638	0.15583547277975485	64718.938234795896
-1154.611338120099	6.031200845942967	22.25145483721032	0.12009038390613845	64718.938234795896
-1145.1677033032383	6.2387280112037145	23.415251785257176	0.11961164845658034	64718.938234795896
-1129.1869157274211	6.776149965103945	25.681334116744218	0.11928602643242192	64718.938234795896
-1192.2182184011097	5.451234224447608	19.03252615282792	0.120641126878192	64718.938234795896
-5175.689078549115	0.24600837811886653	0.02602958520985132	0.1609195765558886	64718.938234795896
-5175.688890919206	0.09805065786847358	0.04915417229125634	0.16092240881154116	64718.938234795896
-4107.457987825649	0.01	0.10493207414292013	0.15583525768569578	64718.938234795896
-5175.705545873974	0.28850630018264023	0.055189784441043006	0.16091032375838324	64718.938234795896
-1167.2879475824707	5.761016023679298	20.957347782714315	0.12038938215554802	64718.938234795896
-5175.782206139871	0.2923503941945279	0.05834607597151232	0.1609362015796242	64718.938234795896
-5175.690075095089	0.11984169210623899	0.03397501274760013	0.16086087128529697	64718.938234795896
-5175.68907149788	0.10897935133263507	0.041227159711554016	0.1609212958606417	64718.938234795896
-5175.726878409249	0.29027764677093865	0.05663107182557671	0.16092204064349364	64718.938234795896
-1140.8426829567304	6.470032240633593	23.96593011098563	0.11917263298005275	64718.938234795896
-5175.6997475270055	0.2876047018607308	0.05446466022685999	0.1608967456674799	64718.938234795896
-4107.45798829098	0.01	0.10493195631636426	0.1558359368573902	64718.938234795896
-1310.3024955067192	4.720566176618807	14.575079695991533	0.12202902713822844	64718.938234795896
-4107.457987821662	0.01	0.10493207003281303	0.15583536077036975	64718.938234795896
-5175.689071425806	0.262860760374413	0.03648940623164082	0.16092342170319912	64718.938234795896
-4107.457988122515	0.01	0.10493216043918965	0.15583589556076785	64718.938234795896
-5175.691687250828	0.28498996157534295	0.05239263061448267	0.16093175410166913	64718.938234795896
-1134.820488581941	6.596375578469089	24.787931527909336	0.11958340056020389	64718.938234795896
-4107.457988766688	0.01	0.1049322380263253	0.15583609389433598	64718.938234795896
-1210.212911579008	5.0154334958794715	17.869544428863446	0.12085980566671164	64718.938234795896
-5175.6966701026595	0.1476574808188328	0.017834549106080594	0.16075657592496384	64718.938234795896
-1137.504212994979	6.4290125406703265	24.672554902944313	0.11951896662826823	64718.938234795896
-5176.285277085184	0.2682484769224341	0.04011555915232877	0.15942823786649513	64718.938234795896
-1119.5520555521848	7.0948466955592036	27.5104632127865	0.11825995409936188	64718.938234795896
-1180.9052022490287	5.777877091833078	20.088833590903153	0.12045792025715706	64718.938234795896
-4107.457987821519	0.01	0.10493207167981763	0.15583538000163866	64718.938234795896
-1229.8498332260883	5.192766469060959	17.18364823156634	0.12121730294205002	64718.938234795896
-1237.6903750371662	4.712416543736497	16.409313983356924	0.12152623524872162	64718.938234795896
-1211.5788041411229	5.069428163923467	17.71404220293842	0.12100745981792738	64718.938234795896
-1100.2208904133763	8.20418679292424	32.202690114180555	0.11970200708637677	64718.938234795896
-1189.4857366427957	5.365262392775959	19.152419330012595	0.12062688973815097	64718.938234795896
-1197.9983398598426	5.23375701348108	18.563327166427346	0.12100018651441989	64718.938234795896
-1093.4941742004498	8.447320739044425	34.91284036868359	0.11939890627862995	64718.938234795896
-4107.4579878216755	0.01	0.10493207377063739	0.1558353842617776	64718.938234795896
-4107.4579881141035	0.01	0.10493216859288541	0.15583511687074186	64718.938234795896
-5175.694527319447	0.28634162990384016	0.053457968824406406	0.16092847704250943	64718.938234795896
-4107.457988981034	0.01	0.10493223191216039	0.15583662241246274	64718.938234795896
-10909.438644445574	0.6739984572479782	0.05541997264149144	0.17595577778761298	64718.938234795896
-1169.165435383639	5.738304084436233	20.782068046967193	0.11998064398040885	64718.938234795896
-4107.45798810957	0.01	0.1049321475782541	0.15583470298376775	64718.938234795896
-1185.137127666233	5.447082803558603	19.473992374800545	0.12033690638741233	64718.938234795896
-4107.4579878225595	0.01	0.10493206586916104	0.15583539929477208	64718.938234795896
-5175.699029685082	0.2874954061619283	0.05437657308252532	0.16091767326669892	64718.938234795896
-4107.457987825359	0.01	0.1049320607039475	0.1558353437554437	64718.938234795896
-5175.71478771598	0.2892643479625481	0.05580703901415817	0.1609860935525061	64718.938234795896
-1206.0876120828984	5.552702416738026	18.635461465159285	0.12089935295488762	64718.938234795896
-5175.712033189082	0.2892017172390508	0.05575300897077811	0.16092371963818938	64718.938234795896
-5175.690871923394	0.28435393385394375	0.05189546748394482	0.16092298089810056	64718.938234795896
-5175.695399070885	0.2864204867540981	0.05351812524308014	0.16093692591959816	64718.938234795896
-1117.452060664435	7.323292733846768	27.92453924798405	0.1186072438137176	64718.938234795896
-5175.694191005549	0.28622368738588977	0.05336453921406846	0.16092737849627298	64718.938234795896
-1197.3102576782303	5.234539638595515	18.616435446597894	0.12102843790343161	64718.938234795896
-1140.0339260953067	6.447206669204208	26.387151432736974	0.1192480158290466	64718.938234795896
-5175.689093986771	0.2778624231963977	0.046966710217564	0.1609223553611324	64718.938234795896
-5175.689070671933	0.1254726979897808	0.030437490018332635	0.16092156783150466	64718.938234795896
-5175.70844968679	0.2888389045882628	0.05545810864581011	0.1609356311429057	64718.938234795896
-5175.691868079699	0.2851222360949139	0.05249636766564369	0.16092617910638504	64718.938234795896
-1098.3677756413654	8.398842971231552	32.83021165821256	0.1186429478455448	64718.938234795896
-1218.6031231441225	4.934150174666081	17.351938752471163	0.12123605994099015	64718.938234795896
-1210.6242007718492	5.07637303040543	17.76189036817855	0.12074827103408878	64718.938234795896
-1161.326057612753	6.201922170626211	21.97712592726763	0.12012817080805412	64718.938234795896
-1157.972938980487	6.0973488708139	21.99946191739812	0.1192026745007146	64718.938234795896
-1262.445195764346	4.541070526126199	15.317656364791564	0.12226786544712888	64718.938234795896
-5175.709436248959	0.2889414315227166	0.05554180105141525	0.1609398437064888	64718.938234795896
-1173.4999060662603	5.627580886076472	20.435287972009945	0.12053341700556962	64718.938234795896
-5175.6890705951455	0.266315021878437	0.03879761434727012	0.16092182538389802	64718.938234795896
-1155.4213130871378	6.115427941802209	22.19920601658674	0.12008543625543547	64718.938234795896
-5175.720993670018	0.28974878063399917	0.056196929070431896	0.1608334744124587	64718.938234795896
-4107.457987821522	0.01	0.1049320717122956	0.15583537734855518	64718.938234795896
-1228.989800049187	4.8996760984658865	16.77938220371781	0.12150680636779476	64718.938234795896
-5175.720794042703	0.2898914456124952	0.05631462520836321	0.16093366557920713	64718.938234795896
-1198.7228657446963	5.282580508818692	21.259621245740725	0.1196635081195411	64718.938234795896
-1179.3982506582379	5.443420773545602	20.15192087200893	0.12056358067311626	64718.938234795896
-4107.457988014697	0.01	0.10493205444388502	0.15583621905908226	64718.938234795896
-4107.457987821711	0.01	0.10493207003120672	0.15583536102793635	64718.938234795896
-1168.5856599802096	5.675046107995247	20.976413255147666	0.12121214294965595	64718.938234795896
-5175.724413171154	0.2900976493185857	0.05648347581552997	0.16096620399329767	64718.938234795896
-4107.45798825864	0.01	0.10493211924608124	0.15583656724026956	64718.938234795896
-5175.696834511128	0.2870104664187341	0.053989521933084164	0.16093062245437292	64718.938234795896
-1108.590411256978	7.599056906553137	30.038379533252353	0.11783972916909671	64718.938234795896
-4107.457988130343	0.01	0.10493217176665523	0.15583513186942277	64718.938234795896
-1144.6135290552804	6.852422309031182	24.491406877713526	0.11861929278462914	64718.938234795896
-4107.457989845392	0.01	0.10493186770242068	0.15583714007941374	64718.938234795896
-1213.2152197828025	5.0159612543377285	17.634561290459203	0.12125177520802367	64718.938234795896
-1139.9948421890233	6.475214266328356	26.424166260864343	0.11988444033040131	64718.938234795896
-1137.6888612841428	6.527891545554016	24.42594466545835	0.11828564095835348	64718.938234795896
-5175.689854523514	0.2557548910151505	0.03192201837566791	0.16097654771298262	64718.938234795896
-1146.0315917093772	6.405098110434274	23.39869197657029	0.12005654002807031	64718.938234795896
-1156.6761205091664	5.982974765462873	22.047584656899833	0.12091842193558405	64718.938234795896
-10909.473811514734	0.67589770801602	0.05713593749739853	0.17598719734420318	64718.938234795896
-1179.4355582156531	5.884608739212337	25.08160594754522	0.11777045694722489	64718.938234795896
-5175.689912730997	0.28307455177433843	0.050903368270561127	0.1609192030692054	64718.938234795896
-1182.4990486795232	5.520697722204579	19.670746430061445	0.12060342293186452	64718.938234795896
-1119.9360084178893	7.46791306035453	27.68065926570473	0.11822368986261385	64718.938234795896
-5175.701518420734	0.2878583876593294	0.05466804816588122	0.1609663075240789	64718.938234795896
-4107.457987828406	0.01	0.10493207520510546	0.1558352222832657	64718.938234795896
-1125.369317031217	6.835046748904747	26.97179273850111	0.1212412415311712	64718.938234795896
-5175.707634923352	0.2887559974228185	0.055391617668886145	0.16091599251278627	64718.938234795896
-5187.309833265837	0.24356927280231924	0.024619059767737993	0.15437066066925928	64718.938234795896
-4107.457987957372	0.01	0.10493201809368631	0.15583582644594324	64718.938234795896
-1138.477584147065	6.398317812625525	24.48605767350132	0.1198702771562299	64718.938234795896
-1202.9420046137266	5.1140079241523155	18.315980298264364	0.1208372044549507	64718.938234795896
-5175.780002404064	0.2922847509544543	0.05829032720244127	0.16088619538606863	64718.938234795896
-5175.695692112686	0.28671000961453025	0.053750313643609514	0.1609237874684924	64718.938234795896
-5175.69764774881	0.28702797230658805	0.05400092986013021	0.16090965355728712	64718.938234795896
-4107.458190437096	0.01	0.10493203738541963	0.15580760433212262	64718.938234795896
-1197.798401514659	5.270160089019593	18.57172770482556	0.12066706264574477	64718.938234795896
-1175.2573122476338	5.935966643280336	20.711941719750783	0.12077251720773144	64718.938234795896
-4107.457987988724	0.01	0.10493214721624594	0.15583534822736808	64718.938234795896
-5175.707849319219	0.2887799688337911	0.055410944413291925	0.16092854832636325	64718.938234795896
-4107.457987823694	0.01	0.10493206824805844	0.15583546441025933	64718.938234795896
-10909.4607262524	0.675373421443701	0.0566585435215523	0.17597300288752074	64718.938234795896
-5175.6940997765205	0.2861367400955056	0.05329452014413012	0.16092019311622008	64718.938234795896
-5175.695465759833	0.2866443913466651	0.053698272491414116	0.160921756174476	64718.938234795896
-1167.2892984438245	5.779678350665675	20.97356961559412	0.11929686945430144	64718.938234795896
-1358.1658131062882	4.306493088947244	19.478075363024626	0.12072279851226436	64718.938234795896
-5175.698804842834	0.2874346614047036	0.054329393542815074	0.1609247427617561	64718.938234795896
-1253.281183865109	5.463840417387169	17.365985228117694	0.12320860531175995	64718.938234795896
-1174.9223993167207	5.5969592810018085	20.315809145438347	0.1205589002336455	64718.938234795896
-4107.457987824483	0.01	0.10493207401543793	0.1558352771817615	64718.938234795896
-5175.69572755104	0.28671816650692794	0.05375679451423023	0.16091697929037635	64718.938234795896
-5175.704095919096	0.28831187781929024	0.05503376062392764	0.1609232837129217	64718.938234795896
-1196.7520035918453	5.365008091931437	18.688201342579482	0.12024919163383696	64718.938234795896
-5175.69042779818	0.283870153660876	0.05151909776445209	0.1609204474750412	64718.938234795896
-5175.699935360095	0.2876273089572897	0.054482471133667734	0.16089229928037418	64718.938234795896
-1185.9141644685533	5.467138813184383	19.397889020212247	0.12053933664631489	64718.938234795896
-5175.689099116349	0.2539463298715358	0.03079695196305881	0.16091299302778933	64718.938234795896
-1175.4813997769227	5.591888278958774	20.23469750239586	0.120533979418089	64718.938234795896
-1172.9178361829627	5.556863885984781	20.85794766423532	0.12006188732577072	64718.938234795896
-1158.9610626181552	5.960228370274466	21.775988587559894	0.12013280282740434	64718.938234795896
-1181.1721668901255	5.57306612065937	19.801506693829033	0.12067148126167707	64718.938234795896
-5175.71317233487	0.2890725727562974	0.05564490024500544	0.16100056306711474	64718.938234795896
-1268.3416902731476	4.46985382274053	15.10281216520424	0.12221507134197454	64718.938234795896
-1114.000809297204	7.257156597629455	29.362845274698483	0.11758442200088971	64718.938234795896
-1156.2266530567806	5.988774927229709	22.080159542656975	0.12046392931764542	64718.938234795896
-1222.703364464306	4.950409083214698	17.099842104176734	0.12130901921590657	64718.938234795896
-1181.0170590131142	5.487165007939803	21.737429384064136	0.12106469307936707	64718.938234795896
-1138.7990617967403	6.479314866304447	24.21213050371491	0.11980777842767062	64718.938234795896
-4107.457988360875	0.01	0.1049319853463634	0.15583427640531228	64718.938234795896
-5175.695343069586	0.2866024241604463	0.05366530281482677	0.16091986212856044	64718.938234795896
-5175.709329775366	0.28893791549295383	0.05553859563004777	0.16091742602674633	64718.938234795896
-4107.457988420982	0.01	0.10493192996924348	0.15583560098800853	64718.938234795896
-4107.45798785837	0.01	0.10493205116875749	0.15583507464194665	64718.938234795896
-1184.4408974987568	5.374439311526583	19.672512570839785	0.11998202296762255	64718.938234795896
-1246.7804699661049	5.001334142820032	16.364892798483496	0.12148375662902854	64718.938234795896
-4107.45798837511	0.01	0.10493193638308648	0.15583564863986127	64718.938234795896
-1088.2030034088684	9.686775956370163	36.889312730380446	0.1163801713533319	64718.938234795896
-1146.7923937092141	6.397923349378297	23.32767754601258	0.12085900177895571	64718.938234795896
-5175.695681007865	0.2867070178383044	0.053748046797018244	0.1609202838651645	64718.938234795896
-1217.0357812032962	4.933616889362529	17.47247962084625	0.12106950099111949	64718.938234795896
-1165.6342366468393	5.778232109268799	21.123773535054855	0.12024633790932268	64718.938234795896
-5175.708749993115	0.2888430264361873	0.055463813057970046	0.16091553065031416	64718.938234795896
-5175.694027223826	0.2860969554974777	0.05326525239142056	0.16090664085095988	64718.938234795896
-1204.8551363978268	5.073499378382273	18.245128157651685	0.12095625663290606	64718.938234795896
-1121.8355674280338	7.0333817334926145	27.029981804400762	0.11989946785694727	64718.938234795896
-11204.129080005203	0.5493175318793193	0.012425994677003473	0.14468392802097396	64718.938234795896
-1225.6638944481783	4.807324509633183	17.098807412808945	0.12149973142311167	64718.938234795896
-5175.7062498271525	0.28857906816770484	0.05524898076586386	0.16090069156192546	64718.938234795896
-5175.70098921221	0.287796745010507	0.05461724961645369	0.16094910313965605	64718.938234795896
-5175.69944647235	0.2875694894808182	0.05443628645187784	0.16093730016762794	64718.938234795896
-5175.689071558028	0.2708232023140616	0.041901214053933766	0.16092411218369432	64718.938234795896
-4107.457987841268	0.01	0.10493205268086699	0.15583556817127003	64718.938234795896
-1187.1633070292662	5.455360909145867	19.3211241298242	0.12030379253331912	64718.938234795896
-1153.5478563746888	5.978497633386377	22.685900306440963	0.1200932231179787	64718.938234795896
-1239.7459226176018	4.686282343011885	16.325354748980637	0.1215977229910523	64718.938234795896
-1141.9203633230832	6.333652565248015	23.819870099614548	0.11961534843109109	64718.938234795896
-5175.699788115584	0.2875716523289177	0.05443679669120952	0.16089266387723664	64718.938234795896
-1179.8352286380252	5.5243090433285245	19.893564647512406	0.12064877736637923	64718.938234795896
-4107.457987821503	0.01	0.10493207176548293	0.1558353815616308	64718.938234795896
-10909.427687974687	0.6726692211079939	0.054240455979520076	0.17596825321783535	64718.938234795896
-4107.457987863997	0.01	0.10493210977279277	0.15583538122099214	64718.938234795896
-1126.186099747153	6.978313641882987	26.22598170536075	0.1184373871702491	64718.938234795896
-1204.7204609215491	5.339788996483519	18.305641239656808	0.12102265767452004	64718.938234795896
-1230.1490776644155	4.762415383772082	16.853424106623972	0.12145489954501175	64718.938234795896
-1225.060487397088	4.924643487205122	16.973774481737028	0.12140851786729898	64718.938234795896
-1179.1082600064033	5.949970979344281	20.565066305618657	0.12052258922941843	64718.938234795896
-4107.457987821592	0.01	0.10493207174835925	0.1558353880952801	64718.938234795896
-5175.689072437365	0.11080472073546994	0.03996702631151563	0.16092054789580543	64718.938234795896
-1186.7196066532229	5.452380128156952	19.34068992924186	0.12066003287645306	64718.938234795896
-1146.291000296916	6.2381239484255735	23.217024701583412	0.11983862312611078	64718.938234795896
-5175.692868015126	0.2849343331244568	0.05234920211589856	0.16099167639447431	64718.938234795896
-1142.208842820306	6.434855784994349	23.760072352699815	0.11976495150519478	64718.938234795896
-5175.729662048105	0.2903841537057613	0.0567185118023177	0.16098101795326103	64718.938234795896
-1163.223595984149	5.846322669742173	21.38915182592303	0.12004354327304696	64718.938234795896
-4107.457987873192	0.01	0.1049320662586882	0.15583494036355525	64718.938234795896
-5175.70155202826	0.28782350872198575	0.0546402820255005	0.1609753323031918	64718.938234795896
-1175.478439827025	5.598368136218118	20.25814126509532	0.1206399186745929	64718.938234795896
-5175.689070542906	0.1636502172647937	0.01	0.16092227846495166	64718.938234795896
-4107.457988155588	0.01	0.10493217565529928	0.15583511616499537	64718.938234795896
-1132.0123319064057	6.660321003573833	25.23363298074483	0.11950460134329603	64718.938234795896
-1201.6118152233294	5.325116867848955	18.4159602174634	0.12098265944582373	64718.938234795896
-1102.5276093582222	7.829969384361862	31.737351052786977	0.12013689459708726	64718.938234795896
-1152.273439451594	6.039958079432778	23.74452181332588	0.11971448286661367	64718.938234795896
-5175.689396720003	0.27244636870197153	0.043044970073361805	0.16088728153636764	64718.938234795896
-1202.5724553925227	5.134601681558512	18.286124505299547	0.12100756715194302	64718.938234795896
-1205.2099653555244	5.132746898140242	18.10098686662718	0.12101039928663651	64718.938234795896
-4107.4579879099265	0.01	0.10493210895146873	0.15583495230778932	64718.938234795896
-1183.477526586055	5.372281566384262	19.901948789857247	0.12109923902029286	64718.938234795896
-5175.689070961172	0.11506316897365063	0.03709334238071995	0.16092202104644732	64718.938234795896
-5175.689421693518	0.2816065303137667	0.0497773610966713	0.16092051910979013	64718.938234795896
-4107.4579879059565	0.01	0.10493211112718508	0.15583576378580194	64718.938234795896
-5175.693742392348	0.28605540724135886	0.05323136374715307	0.16092022990182675	64718.938234795896
-1180.5906217856286	6.385020535727882	21.72296572402788	0.12012422176950661	64718.938234795896
-4107.45798782438	0.01	0.10493207238202319	0.15583548398725455	64718.938234795896
-5175.693151688694	0.2858054757316053	0.053033763307547166	0.16092275811444998	64718.938234795896
-5175.695334704375	0.28659844950839436	0.0536618157600579	0.16093132957907316	64718.938234795896
-5175.6929403406375	0.2857010314061974	0.0529519493899638	0.16092053681307592	64718.938234795896
-1121.8253973062651	7.028395539430571	27.012066228316055	0.11969419739977946	64718.938234795896
-4107.457988616599	0.01	0.10493212598312576	0.15583702156508114	64718.938234795896
-4107.457987821659	0.01	0.10493207365151566	0.15583538765122726	64718.938234795896
-5175.694185530861	0.28612932532033897	0.05329136473851896	0.16092071468333166	64718.938234795896
-1168.1567182327267	5.744341377233796	20.876261272744266	0.11999715806604314	64718.938234795896
-1158.4727541098614	6.116272989592392	25.353458849078738	0.11787999829640845	64718.938234795896
-5175.784953407813	0.2923879037881826	0.05837708627468051	0.16099366414881117	64718.938234795896
-4107.457988508614	0.01	0.10493217142734032	0.15583660511698286	64718.938234795896
-1100.7987074344956	8.280775064272525	32.063598144615995	0.11851356956985311	64718.938234795896
-5175.693181526571	0.12560073071465333	0.030358791056796806	0.16079801885993977	64718.938234795896
-4107.457987984836	0.01	0.10493214555973994	0.15583526104216244	64718.938234795896
-5175.702586394114	0.2880002113108731	0.054779273783308456	0.16092988943169345	64718.938234795896
-4107.457987826929	0.01	0.10493207519703861	0.15583524125966428	64718.938234795896
-5175.704148621857	0.2883280414945246	0.05504626464660193	0.16092221176041316	64718.938234795896
-5175.750335679017	0.29133863085779266	0.057505344373840465	0.1609740499352567	64718.938234795896
-1152.9036207674085	6.453642320224612	22.9431407702303	0.12002119986209403	64718.938234795896
-1172.4342275900653	5.682399191295585	22.75736759356027	0.11979060553726498	64718.938234795896
-4107.458003079128	0.01	0.10493144694258695	0.15583157423210112	64718.938234795896
-4107.457988762742	0.01	0.10493222354307699	0.15583638301643832	64718.938234795896
-1172.6920688905116	5.746340894599229	20.505926435943014	0.12046438055086901	64718.938234795896
-5175.69448940223	0.2863188874993286	0.05343973532998077	0.16093353240354152	64718.938234795896
-4107.457987857197	0.01	0.1049320494086845	0.1558350965902818	64718.938234795896
-5175.700852584202	0.2878272430989674	0.05464299915779113	0.16091094310319976	64718.938234795896
-4107.457987821562	0.01	0.10493207196048716	0.15583536332331324	64718.938234795896
-1258.7769588271276	4.938626423725058	15.95362069734018	0.12139943138319668	64718.938234795896
-1180.7186477335467	5.474990406583189	19.86191538311538	0.1203852848808768	64718.938234795896
-5175.689175050127	0.2710232856920652	0.042041970853823926	0.1609107493661299	64718.938234795896
-1224.6231244473706	5.037890886571552	17.070583419021514	0.12143180677500519	64718.938234795896
-1129.0392867729192	6.831663761522424	25.702416490278075	0.11926725087759026	64718.938234795896
-4107.457987915819	0.01	0.10493209968914614	0.15583590044085163	64718.938234795896
-5175.7087771986935	0.2888728931365964	0.0554861999055395	0.16093963675808018	64718.938234795896
-5175.690518970908	0.25736267070030905	0.03293479800670598	0.16084851692907726	64718.938234795896
-1107.970719541391	7.552830232865935	30.600052314445158	0.11998589026064334	64718.938234795896
-4107.45799001301	0.01	0.10493195113614838	0.1558379780450666	64718.938234795896
-4107.457989851329	0.01	0.1049322748401117	0.15583714374619698	64718.938234795896
-1116.2461706431259	7.453751651955783	28.17412513851704	0.11913433931456371	64718.938234795896
-1223.8781945778605	4.826501780590669	17.199061967663408	0.12122482193832294	64718.938234795896
-1102.2045050176728	8.314692165765322	31.983726310616508	0.12064102558779558	64718.938234795896
-1150.6741020880322	6.0443684023233795	23.141898284974133	0.11974558036348469	64718.938234795896
-1183.0657775018276	5.573744280099597	19.657696997770746	0.12097639669126946	64718.938234795896
-5175.697155144202	0.28709278567469987	0.054055251946163146	0.16091902428740004	64718.938234795896
-1190.5434229503553	5.349671668019685	19.07561880606348	0.12065025089739834	64718.938234795896
-5175.699797730387	0.2874222540384228	0.05431508278418985	0.16091557654743566	64718.938234795896
-1129.0387883000683	6.7379132403500686	25.78107308301405	0.11953504115624221	64718.938234795896
-4107.45798782148	0.01	0.10493207188052821	0.155835376133505	64718.938234795896
-1142.1780886738266	6.506305117609997	23.84877170034456	0.1201090291212192	64718.938234795896
-1207.409067636026	5.085830726295133	17.98109648360543	0.1210216383266988	64718.938234795896
-4107.457988357422	0.01	0.10493194650670445	0.1558359285057719	64718.938234795896
-1178.4575847812964	5.5914792151800805	22.44483090073187	0.11963084313378926	64718.938234795896
-5175.718425245241	0.2897255718059919	0.05617953937060782	0.16092132570025255	64718.938234795896
-1186.0003675533121	5.453462540741323	19.40780113339116	0.12078167925348345	64718.938234795896
-1097.0910669979103	8.783139183806023	33.52268108515724	0.11710109009485525	64718.938234795896
-5175.752102273314	0.2912818526533972	0.05746062294667248	0.16103415783363043	64718.938234795896
-1171.290787814308	5.623362535626733	20.68473363713704	0.1204925875455357	64718.938234795896
-4107.457987842695	0.01	0.10493206556938424	0.15583565701025143	64718.938234795896
-4107.4579906024655	0.01	0.1049319831974642	0.15583226522533347	64718.938234795896
-5175.785290741817	0.29243033479509656	0.0584124920899307	0.16092402191503782	64718.938234795896
-1143.043694750349	6.224582596827399	23.712723406722606	0.11916829601754206	64718.938234795896
-5175.689409223028	0.27453056456834624	0.04453452996780303	0.1608866772449185	64718.938234795896
-4107.457987875339	0.01	0.10493206240437605	0.15583493864713857	64718.938234795896
-1167.5415469065006	5.767281115111653	20.931190723262432	0.1200697438575514	64718.938234795896
-1102.3310259776906	8.043957825006192	31.7277600468714	0.11994968612490002	64718.938234795896
-5175.705223129084	0.2884604299618008	0.05515266195199921	0.1609396972182094	64718.938234795896
-1107.2479523224397	7.522333773554226	31.48899076420797	0.11748632325161332	64718.938234795896
-1125.273204254027	7.007559465269636	26.406098643056392	0.1185041527431977	64718.938234795896
-1156.5145179029628	6.000829579710171	22.0359571956658	0.11983576547679146	64718.938234795896
-4107.457987875394	0.01	0.1049320541366645	0.15583579424151273	64718.938234795896
-4107.457988710282	0.01	0.10493223768972412	0.155835935850964	64718.938234795896
-1123.416889603435	7.4766702837120835	27.564698853854395	0.11840691612431771	64718.938234795896
-4107.45798782212	0.01	0.10493207062174349	0.15583533432808302	64718.938234795896
-4107.4579911743185	0.01	0.1049322583003843	0.15583239258068865	64718.938234795896
-5175.689072189729	0.2591905577863435	0.034100677752000284	0.1609247499277743	64718.938234795896
-1138.302115950628	6.557023629881896	24.320957856507516	0.11981159837340147	64718.938234795896
-1109.7535141214348	7.57776827950704	29.9245389990128	0.12095844396010437	64718.938234795896
-1186.4544050891047	5.3384102560110165	19.513658847916453	0.12066212752511461	64718.938234795896
-1107.783295306941	7.72158075303248	30.279783706393847	0.1169833405544798	64718.938234795896
-4107.457988073367	0.01	0.10493204203914554	0.1558344528528267	64718.938234795896
-4107.457988942819	0.01	0.10493200145080811	0.15583345323282288	64718.938234795896
-1161.639668659809	5.856237425278155	21.520974068224902	0.12018637082589972	64718.938234795896
-5175.689074166925	0.2510578767365349	0.029030220423554704	0.16092129352238815	64718.938234795896
-1190.0865774887568	5.927984672024777	20.068157926616248	0.12051047554598389	64718.938234795896
-1145.0492602369823	6.1554129448977175	23.935089165648513	0.11960159788120107	64718.938234795896
-5175.700940454585	0.287847758416364	0.05465955569739465	0.16092260687655752	64718.938234795896
-1178.9367524884256	5.594696920682818	19.97039394335778	0.12050105335291104	64718.938234795896
-5175.689250790065	0.2517285815976829	0.02943714564317585	0.1608963511261638	64718.938234795896
-5175.689746193285	0.28269845734781673	0.05061354392221874	0.16091686233234923	64718.938234795896
-5175.72866337503	0.2903294787419764	0.05667394553607174	0.16097929920027387	64718.938234795896
-5175.717814403703	0.2896761776347272	0.056139061699738424	0.1609074558322661	64718.938234795896
-4107.457988801423	0.01	0.10493189843916796	0.15583600987232443	64718.938234795896
-1147.8655422121255	6.392159142641562	23.145513703479395	0.11967554389726874	64718.938234795896
-1134.3031034704422	6.656584690820216	24.88936562714158	0.11918346704530525	64718.938234795896
-1221.6084567055063	4.865643590726608	17.26658600210859	0.12095428919783449	64718.938234795896
-1190.3317983187735	5.35966324637642	19.0895050406275	0.12091202553971908	64718.938234795896
-1181.9914298077651	5.702284586579564	19.93396012788312	0.12079115534955087	64718.938234795896
-1121.7234934778548	7.13415162568857	27.043925809349968	0.11945320819637	64718.938234795896
-5175.716927465477	0.2895944424441407	0.05607235132094095	0.16095256976462186	64718.938234795896
-5175.717693611006	0.2896050239076431	0.05608160922124332	0.16097855311476805	64718.938234795896
-1127.0769094313969	6.82020561551541	26.063472582306105	0.11986204035622351	64718.938234795896
-5175.689071546515	0.10446155930057388	0.04442240436518834	0.1609194930640826	64718.938234795896
-4107.457987884062	0.01	0.10493211030963165	0.15583511081277338	64718.938234795896
-1225.4642018756836	4.866617473197321	16.973784367651035	0.12135781304997607	64718.938234795896
-5188.064912253247	0.2571936005999315	0.03283026665368036	0.1541640682151714	64718.938234795896
-5175.703386737328	0.287946914124788	0.05474347110922043	0.160923748888991	64718.938234795896
-1139.5308477699807	6.580231358027476	24.243219700425204	0.11891246911165501	64718.938234795896
-1106.679052571334	7.965150128246946	30.39215482890972	0.11916101677466048	64718.938234795896
-1152.8707113695727	6.016353554192505	23.641264898887318	0.11909868003228588	64718.938234795896
-5175.7051039107955	0.2884534432773905	0.05514679318107797	0.16092883148361134	64718.938234795896
-5175.691140812984	0.28443630707361406	0.051959848192179685	0.1608963821559977	64718.938234795896
-1244.7863825315553	6.141674458919177	19.53764477938783	0.12088200823847343	64718.938234795896
-4107.4579879278745	0.01	0.10493209624871093	0.1558347982396822	64718.938234795896
-1096.8137860814213	8.321171975279995	34.959638687047246	0.11724296004379568	64718.938234795896
-2005.3569927945405	3.095644697386528	22.706795819437655	0.11990291490135559	64718.938234795896
-4107.457988606897	0.01	0.1049320765831634	0.15583365121375556	64718.938234795896
-4107.457988639797	0.01	0.10493208100491726	0.1558371425477704	64718.938234795896
-1161.1318579666445	5.841932379112532	21.62566089462526	0.12035776825113782	64718.938234795896
-1164.6845960690712	5.850355997734655	21.205582702853608	0.12014665307031604	64718.938234795896
-1160.4323610432748	6.529253470430478	22.850308487348197	0.1215522801565406	64718.938234795896
-5175.699218725846	0.28745612381493607	0.054345476353529217	0.160961504011018	64718.938234795896
-5175.771068517539	0.29204672275217325	0.05809297004488456	0.16093337466525245	64718.938234795896
-1120.3797789813912	7.249477828648744	27.3578099679905	0.1193629306955766	64718.938234795896
-1162.140099588658	6.231942063166768	26.6503336513364	0.12030462463806801	64718.938234795896
-1166.7372735887159	5.807684123801691	23.326511594913757	0.11825224466561073	64718.938234795896
-5175.692559629736	0.28551714906112347	0.052806424109359956	0.16092357541917723	64718.938234795896
-5175.701936431153	0.28779482789774524	0.054613330300341004	0.16091956698019758	64718.938234795896
-4107.457988064801	0.01	0.10493198112051708	0.15583526770187267	64718.938234795896
-5175.693244376605	0.28584739465722764	0.05306698426840875	0.1609245917569702	64718.938234795896
-1181.925563362814	5.57494927466949	19.75511286316125	0.12034046702200724	64718.938234795896
-5175.689070983015	0.2730441208459764	0.043469718357576605	0.16092277371456953	64718.938234795896
-4107.457988192011	0.01	0.10493209623490213	0.15583653873423958	64718.938234795896
-5175.689070789558	0.11292563518000757	0.038524386234095015	0.1609226299999303	64718.938234795896
-1174.742156062458	5.536922057032289	20.57017879691891	0.12029946639720467	64718.938234795896
-1163.1971937667292	5.848082888179643	21.347763874042304	0.12014410363819791	64718.938234795896
-5175.696897032407	0.2870242557114604	0.05400094405084697	0.16091454754201887	64718.938234795896
-1186.4546657114588	5.451058254446525	19.374638247038916	0.1206512951269886	64718.938234795896
-4107.457987854736	0.01	0.10493208210999316	0.15583571793517145	64718.938234795896
-5175.70231959372	0.28804237767868907	0.0548158441322121	0.16089709312249567	64718.938234795896
-1203.934103404813	5.174054970159697	18.174993681745903	0.12093681609763418	64718.938234795896
-5175.699452843228	0.2875650169283658	0.0544327539704976	0.1609406616654949	64718.938234795896
-4107.457988302504	0.01	0.10493206339251383	0.15583402969454405	64718.938234795896
-1182.4452868539302	5.675054392891229	19.859268834520524	0.1213357120887148	64718.938234795896
-1130.323755125281	6.651236790132663	26.105902476568488	0.11899799376234663	64718.938234795896
-5175.767049191411	0.29175489315996583	0.05784555651962417	0.1607974704803689	64718.938234795896
-5175.689133897538	0.27919461669018303	0.04795726415804351	0.16092352065231355	64718.938234795896
-1103.0695088774796	7.827632901615898	31.803836581641427	0.11823483692138538	64718.938234795896
-1145.073787260196	6.840048346093597	24.2162866601871	0.12011230319654549	64718.938234795896
-1169.8153945600102	6.002876012145461	21.107934321852607	0.12085649290230029	64718.938234795896
-4107.457987907861	0.01	0.10493212595422527	0.15583540440977678	64718.938234795896
-1217.8319558326425	4.935232879321417	17.405844938409533	0.1212483424986005	64718.938234795896
-5176.121160244478	0.25423234800528494	0.030974586366789982	0.1596505980340044	64718.938234795896
-1158.300708310239	5.9927886071024625	21.884038009288904	0.11989396685341303	64718.938234795896
-1249.630563464138	5.166744917426166	16.676430344404682	0.12111627901935688	64718.938234795896
-1097.9262918238192	8.09748970721735	33.24341846682349	0.11966178897560693	64718.938234795896
-4107.457987859776	0.01	0.10493206959259285	0.1558357614528495	64718.938234795896
-5175.695192325416	0.28656118121713064	0.05363223300694502	0.1609205085330681	64718.938234795896
-1207.7830049584932	5.032772895138376	18.063960764478832	0.12121864435819216	64718.938234795896
-1166.3789885614663	5.708937367659849	22.19289034193122	0.12025185603638307	64718.938234795896
-1149.8325638125277	6.137392277040332	22.80310646789905	0.11977693635644521	64718.938234795896
-4107.457988467733	0.01	0.10493210257796988	0.15583691375029268	64718.938234795896
-4107.457987847636	0.01	0.10493210070806983	0.1558354542364407	64718.938234795896
-1187.6399867263244	5.432816551109216	19.286338039858148	0.12060120743801316	64718.938234795896
-1223.7812057380663	4.912038300512347	17.04657918800459	0.12091075701195549	64718.938234795896
-1192.7322406178082	5.49831211737955	19.060817092935107	0.12058511173292384	64718.938234795896
-5176.5265792277305	0.2204839656260058	0.012479410868495978	0.1591521962957617	64718.938234795896
-1110.0528349287292	7.745091185318483	29.632833712185313	0.11887111113032738	64718.938234795896
-10909.424207363669	0.6719326764524503	0.05359452441825037	0.17595724563156376	64718.938234795896
-1101.9768488793834	8.03471087479602	31.713383905145687	0.11890999259913132	64718.938234795896
-5175.710512597393	0.28896208941109125	0.055555968320441455	0.16096164037351146	64718.938234795896
-5175.705490012415	0.2885030401131305	0.05518711070539024	0.16091645210368222	64718.938234795896
-5175.715187622908	0.2894728462441745	0.055973266306140274	0.16093266837997663	64718.938234795896
-5175.692888393905	0.28568226314849576	0.05293677316687051	0.16092691345891869	64718.938234795896
-4107.45798782173	0.01	0.10493206942265185	0.1558353973930631	64718.938234795896
-1177.857210970234	5.509986974891593	20.109596436186663	0.12000372044545664	64718.938234795896
-5175.725533000306	0.2897542548422289	0.05620270803697477	0.16076346597816327	64718.938234795896
-1135.2729156256996	7.513232248062069	26.763677497921798	0.12067796013399101	64718.938234795896
-4107.457987866724	0.01	0.1049321107810977	0.15583542237023454	64718.938234795896
-5175.719320751254	0.28975906806115276	0.056206916392087566	0.16096278920498672	64718.938234795896
-5175.6981668762455	0.287320518166483	0.05423692360004996	0.1609175955538561	64718.938234795896
-5175.698752045162	0.2874261773376488	0.05432188840290098	0.16090468537366856	64718.938234795896
-4107.457987821512	0.01	0.10493207249017097	0.1558353886851048	64718.938234795896
-1187.0628615648848	5.425549706943955	19.32721795473547	0.12088749435604002	64718.938234795896
-4107.457988258963	0.01	0.10493218821690399	0.15583498533360904	64718.938234795896
-4107.457987835926	0.01	0.10493207750790498	0.15583560552047823	64718.938234795896
-5175.693082736478	0.2857541110147339	0.052993377924618744	0.16090899255944763	64718.938234795896
-5175.689070307415	0.10490612802688369	0.044102950052525625	0.160922201805225	64718.938234795896
-5175.783099191176	0.2923740746026452	0.05836575037298464	0.16091271609587046	64718.938234795896
-1157.5630735323984	7.769862161745731	26.856748486537203	0.11931065970234749	64718.938234795896
-4107.457987823286	0.01	0.10493206457013812	0.15583534505112437	64718.938234795896
-10909.454984198568	0.6750925892296379	0.056403637227713764	0.17595323469674667	64718.938234795896
-4107.457988151057	0.01	0.10493200603291461	0.1558345017317885	64718.938234795896
-1144.6007795171959	6.474674094160262	23.607745131151795	0.11894101075440869	64718.938234795896
-1143.6637084944723	6.759650033009502	24.333140936905373	0.11993475106995133	64718.938234795896
-1217.0504364226822	5.122223742718334	17.486418472627026	0.12102065917537348	64718.938234795896
-1179.367045001468	5.548434458244331	19.902606112321827	0.12056453246975407	64718.938234795896
-4107.458627006332	0.01	0.10493219724843329	0.1557860555348722	64718.938234795896
-1107.9327910912843	8.141721888670022	30.650817445731988	0.1156117158546283	64718.938234795896
-1154.647651139183	5.979257329575476	22.451086093754625	0.11993070501377051	64718.938234795896
-1190.6452890063624	5.254892641143366	19.898187891536576	0.11940106559888225	64718.938234795896
-1170.278452143661	5.645341467159277	20.801295643064183	0.12041208395793185	64718.938234795896
-1130.7332498602414	6.642819776855176	25.615482137034697	0.11972886984724744	64718.938234795896
-1105.0476309088858	7.9148383623614205	30.810331137029827	0.11893811550613821	64718.938234795896
-1149.0960001832727	6.218927419372582	22.874023357516876	0.120166215608285	64718.938234795896
-1155.7417962620939	5.923180327088376	22.64261302802174	0.11995747335157234	64718.938234795896
-4107.457987824446	0.01	0.10493206437391474	0.1558353085513463	64718.938234795896
-4107.457987822127	0.01	0.10493207419987405	0.15583541961686717	64718.938234795896
-5175.689085291405	0.27727802226764103	0.04653553672960907	0.16092222135604686	64718.938234795896
-1164.2552945064904	6.6303422397059375	23.013958285903435	0.12006050525547213	64718.938234795896
-5175.74085021992	0.29095987508776183	0.05719240716661366	0.16088046784789192	64718.938234795896
-1145.9395818928501	6.325191459302947	23.2937740972831	0.12033713285852386	64718.938234795896
-5175.710571056079	0.288876651647487	0.055485109568523545	0.16088819588501765	64718.938234795896
-5175.738437799282	0.29078766616862917	0.057054372918858065	0.16089495982136875	64718.938234795896
-1188.4483116246834	5.497532535674304	19.289929917989955	0.12073832658484693	64718.938234795896
-1185.9529461678385	5.470680161422214	19.418802226774336	0.12097626889122802	64718.938234795896
-1170.7040063202244	5.5973870023963395	21.232650390684423	0.12020926979393305	64718.938234795896
-1150.0893760713598	6.193065350076335	22.769658159858984	0.12019638620145778	64718.938234795896
-1462.5380446441989	3.835197510402895	17.95515250278793	0.1203529869582656	64718.938234795896
-5175.709128867741	0.28887013517365606	0.055482907970620325	0.16095943189165773	64718.938234795896
-5179.987452663256	0.29620474526808405	0.061617420644269394	0.1571207278500316	64718.938234795896
-5175.694951738351	0.28648487388985905	0.05357141645840847	0.16092077984543401	64718.938234795896
-1167.5267261794947	5.861024775533838	20.99939099320391	0.1208185424276679	64718.938234795896
-5175.702808855687	0.2881404877365201	0.054894799608309605	0.1609175385638091	64718.938234795896
-1099.6889421829117	8.068871363564059	32.44244041052376	0.11822566598594995	64718.938234795896
-4107.457995710363	0.01	0.10493208312284207	0.15582989956174204	64718.938234795896
-5175.7034967020045	0.2882323374088799	0.054969004651986376	0.16093598989480007	64718.938234795896
-5175.696113916379	0.2868281131327403	0.05384446358396259	0.16092241196562757	64718.938234795896
-5175.7607010137635	0.29171896600613895	0.0578207172445642	0.16095522950674282	64718.938234795896
-5175.6890786109125	0.12121956522456889	0.03309578181928287	0.16092023014426587	64718.938234795896
-5175.7052597970205	0.28847465622565743	0.05516391246793863	0.16092333345259305	64718.938234795896
-5175.691100221447	0.28454850194509484	0.05204692076897165	0.16092317069817885	64718.938234795896
-5175.727198222245	0.29028165160985614	0.05663435353526552	0.16095311431259485	64718.938234795896
-1167.9771711572375	5.722722487750615	20.913829519847788	0.12003256906125381	64718.938234795896
-5175.6952918162915	0.28659083871053637	0.05365589854474046	0.1609237669002934	64718.938234795896
-1220.032122120027	4.929615045570439	17.258512404224348	0.12130106562147808	64718.938234795896
-5175.70434661939	0.26397010843607077	0.037224037339715015	0.1606828928158051	64718.938234795896
-4107.457987822043	0.01	0.10493206841787296	0.15583541284998645	64718.938234795896
-5175.690302269495	0.21520333100022807	0.01000788089074442	0.16085428971209612	64718.938234795896
-4107.457989392189	0.01	0.10493205538693595	0.15583782058520265	64718.938234795896
-5175.689471250017	0.27901092008992806	0.04781968570218753	0.16088737925426141	64718.938234795896
-4107.457987823663	0.01	0.10493206726748269	0.1558354584050648	64718.938234795896
-1158.77729806657	5.989484841529209	24.407440175307666	0.11929181727499896	64718.938234795896
-4107.457988284821	0.01	0.10493194678887918	0.15583554969955873	64718.938234795896
-1143.1723844980038	8.521723001219895	29.389814565752822	0.11623969152578228	64718.938234795896
-1186.2647419297082	5.376596833037744	19.42856211823094	0.12053183894003343	64718.938234795896
-4107.457988521115	0.01	0.10493198903758377	0.15583400295915786	64718.938234795896
-4107.4579898632755	0.01	0.10493213239777839	0.15583809230831505	64718.938234795896
-4107.457987821554	0.01	0.10493207076065098	0.155835378371801	64718.938234795896
-5175.714520783463	0.28932429791586733	0.05585278883139566	0.16085770556073578	64718.938234795896
-1159.945457513481	5.867159749534437	21.740679667958197	0.11986369621260429	64718.938234795896
-1120.877105446148	7.041543505666552	28.691772042538908	0.11863701844550888	64718.938234795896
-1114.4115555776907	7.725700920954592	28.93129956501431	0.12100807950437314	64718.938234795896
-5175.699404625117	0.28757292319731625	0.054439061139948626	0.16092147880643443	64718.938234795896
-5175.694911378171	0.28647287261949317	0.05356204343400742	0.16092322866822054	64718.938234795896
-5175.700251705472	0.2877108684393199	0.05454976170169322	0.16090297616030838	64718.938234795896
-4107.457988314295	0.01	0.10493199626760795	0.15583426739233805	64718.938234795896
-4107.457987821584	0.01	0.10493207279359167	0.15583538598102703	64718.938234795896
-4107.457987823496	0.01	0.10493206824456638	0.15583545906799742	64718.938234795896
-5175.689070564307	0.11242426782373469	0.03886332267216334	0.1609220753793099	64718.938234795896
-1143.3218185145495	6.266223737489283	23.73788147322682	0.12019399804383009	64718.938234795896
-1165.097155448527	5.73928685753964	21.300009875829236	0.11972483766852605	64718.938234795896
-4107.457987881537	0.01	0.10493209985497165	0.15583500493566246	64718.938234795896
-1227.9256426436214	4.759203600952438	17.143793683079718	0.1209698757821306	64718.938234795896
-4107.457987821482	0.01	0.10493207169103222	0.155835379526563	64718.938234795896
-1146.168346069254	6.228422086216447	23.270096436795036	0.11973958285433205	64718.938234795896
-5175.861487573236	0.29386593236333797	0.05962236269099187	0.1609071532797243	64718.938234795896
-1338.7867902138187	4.057960489878356	16.558101655580273	0.12129655839749345	64718.938234795896
-5175.696089147386	0.28681217651236723	0.05383174738981694	0.16093362122840166	64718.938234795896
-1187.8535616887943	5.404263574020454	19.268014067430766	0.12057196866305195	64718.938234795896
-1139.9988006091924	6.456121361411682	24.082659405348753	0.11849559434080735	64718.938234795896
-5175.698006021279	0.2872873517730765	0.05421054168688076	0.16091996519496907	64718.938234795896
-1206.949159899782	5.147500611943076	17.98814074279385	0.12101441367623886	64718.938234795896
-10909.41888376356	0.6692647477257121	0.05129802863306551	0.17596106380691798	64718.938234795896
-5175.689221204826	0.28042968563351783	0.048885035344388844	0.16092233579879273	64718.938234795896
-5175.6937517744045	0.28605472026806206	0.05323085519611724	0.16091554656200044	64718.938234795896
-5175.698394949916	0.28736876422053587	0.05427586996714867	0.1609171087406906	64718.938234795896
-5175.695705348119	0.28670587849842183	0.05374723460854816	0.16091196492462267	64718.938234795896
-1156.7050010743915	5.99655004437515	22.06379464025876	0.1199759603976992	64718.938234795896
-1147.0300456168002	6.147313941676475	23.432395918452414	0.12014576762807376	64718.938234795896
-4107.457988317865	0.01	0.10493210876332326	0.15583406101333364	64718.938234795896
-1105.5730097923279	7.839892523251782	30.76437516967583	0.11704267018753856	64718.938234795896
-5175.68907156308	0.11873974760994242	0.03468435149122588	0.16092347503066154	64718.938234795896
-5175.693011352157	0.2857330128124364	0.05297701675661151	0.1609296407221309	64718.938234795896
-1160.367002679189	5.905296456413124	21.679022790978905	0.1200711619988962	64718.938234795896
-1179.4484280162608	5.6459064807907975	19.974699726712032	0.12014411534518969	64718.938234795896
-4107.457987832224	0.01	0.10493208829925392	0.15583548008117407	64718.938234795896
-1173.3332703524823	5.669697023337784	20.411339319013134	0.12051107627813197	64718.938234795896
-4107.45798807716	0.01	0.10493197823640184	0.1558354168344733	64718.938234795896
-4107.457987821632	0.01	0.10493207292649814	0.1558353639928777	64718.938234795896
-1156.0497083153236	5.9826305269060125	22.10481053826086	0.11998548911656197	64718.938234795896
-5175.6895239735995	0.10447373522253241	0.04441360646858467	0.16088093141439172	64718.938234795896
-1096.3852326464898	8.420287222909534	33.49492957422567	0.11855772159921676	64718.938234795896
-5175.721296609308	0.2899264540950045	0.05634284488732684	0.1609226910696154	64718.938234795896
-1187.585951155709	5.37752905604164	19.304828591177742	0.12071690616472072	64718.938234795896
-1097.8150438118282	8.198497631152685	32.85376494283419	0.11812364484559548	64718.938234795896
-5175.689397150488	0.28133901446147563	0.04957401501243718	0.16093572879776966	64718.938234795896
-5175.711604043562	0.2891616373992228	0.055720089615980496	0.16091956907592125	64718.938234795896
-4107.457987903323	0.01	0.10493210519519625	0.1558349472941421	64718.938234795896
-5175.704345778357	0.2882963330899756	0.05502026988285098	0.16096321694213428	64718.938234795896
-4107.457987823311	0.01	0.10493206483906639	0.15583533860247528	64718.938234795896
-1131.2526576396438	6.683912239358639	26.873310818271463	0.12064164079916644	64718.938234795896
-1168.8393233618372	5.714865748212617	22.736421361321064	0.11949240766732269	64718.938234795896
-5175.690883527019	0.2843650166280138	0.05190409997456979	0.1609215901058052	64718.938234795896
-5175.696527369555	0.2868499914146261	0.05386177741197441	0.16095768015895195	64718.938234795896
-5175.697530311938	0.2871734325330695	0.05411973922217526	0.16093346911357836	64718.938234795896
-1128.7758874012159	7.088352861889169	26.03262941369866	0.11954989021665263	64718.938234795896
-4107.457987821525	0.01	0.10493207178994278	0.1558353788533404	64718.938234795896
-1204.5037661645285	5.147380559152901	18.14281251034204	0.12088099105369121	64718.938234795896
-1220.3346449865858	5.438419169543346	18.01069754523299	0.1209045775635194	64718.938234795896
-1155.2180875851018	5.963534729971297	22.289785100310347	0.11991804889179522	64718.938234795896
-1138.8031512138127	6.545968792237347	24.24768586652326	0.11977923612484959	64718.938234795896
-5175.689070794872	0.2603028146343211	0.034817778791520364	0.160922489347438	64718.938234795896
-4107.457987821507	0.01	0.10493207167906027	0.1558353799398929	64718.938234795896
-1134.2012085210831	6.615045310529212	24.888995878936992	0.11949263543185014	64718.938234795896
-1100.4155008526945	8.23471676292975	32.04604949412535	0.11917453271838163	64718.938234795896
-4107.457988014919	0.01	0.10493211138151554	0.1558346299787324	64718.938234795896
-10909.445516975591	0.6742387555726334	0.055627145850230306	0.175969697456923	64718.938234795896
-5175.689084935439	0.2772460403734935	0.04651196844262038	0.160922351883687	64718.938234795896
-1121.3757677419712	7.295151979768586	27.314914781196237	0.11755376704651099	64718.938234795896
-1199.6000674861316	5.165985799474095	20.058024356898834	0.12050261574509238	64718.938234795896
-5175.689070837043	0.2715304462005712	0.042397787716604386	0.16092230587138528	64718.938234795896
-5175.701600951661	0.2879530098612827	0.05474381925075685	0.1609144711832514	64718.938234795896
-5175.710385561575	0.28904481307029534	0.05562553831096423	0.16092671551642265	64718.938234795896
-1204.2458534310504	5.0914236457579625	18.240733497479788	0.12086124327222894	64718.938234795896
-1176.9902781385213	5.534642961859193	20.150601363268724	0.12047754175215312	64718.938234795896
-4107.457987868283	0.01	0.104932049449775	0.15583503023757958	64718.938234795896
-5175.689220805145	0.28039896924969854	0.04886182215787374	0.16092536983658245	64718.938234795896
-1137.5186467977198	6.54775621133482	24.44974072664756	0.1183231366278989	64718.938234795896
-5175.69245069229	0.28543443732802076	0.05274163280677624	0.16090789884370474	64718.938234795896
-4107.457987821532	0.01	0.10493207184798209	0.1558353848066913	64718.938234795896
-1183.487433610788	5.395372266751242	19.736823524800858	0.1202225732702703	64718.938234795896
-5175.690662666186	0.2841380254989366	0.05172744475026372	0.1609201503009059	64718.938234795896
-1138.0849935787473	6.61930939740703	24.41421363149665	0.12029978925464345	64718.938234795896
-5175.710433493143	0.28897743096446915	0.05557081849799655	0.16097464225273864	64718.938234795896
-5175.7905547473765	0.29249077125906614	0.05846232798118065	0.1608200645907275	64718.938234795896
-5175.68907111556	0.11432439280800656	0.03758538189766055	0.1609237276249802	64718.938234795896
-5175.694195320221	0.2862231110498097	0.05336400476661245	0.1609291256614377	64718.938234795896
-1118.679655423707	7.096679751589689	27.82856411144562	0.11894944722160132	64718.938234795896
-1100.2191486719817	8.122977257108733	32.37582184412915	0.1198820781608419	64718.938234795896
-1162.608073612194	6.2157029674497535	21.910456371131367	0.12065908775014306	64718.938234795896
-1111.1956926038793	8.192402525016396	30.038217532870025	0.12093053820531541	64718.938234795896
-4107.457987821562	0.01	0.10493207321042979	0.15583537340740447	64718.938234795896
-4107.457987895301	0.01	0.10493211459181531	0.15583565393714507	64718.938234795896
-1111.7860732628228	7.418475872103428	30.82677549661921	0.11944095771834705	64718.938234795896
-5175.689742983827	0.2826783383232297	0.05059817048368366	0.1609147403843384	64718.938234795896
-10909.423028290992	0.671404692018659	0.0531346497685958	0.1760107414501105	64718.938234795896
-1125.8695116662236	7.215895294108167	26.725521638664187	0.12002223023609872	64718.938234795896
-1146.0759659610208	6.2000666726924365	24.561521364503122	0.11981232208646113	64718.938234795896
-1149.3414938265566	6.827870200048792	24.180052148590157	0.11890467610441777	64718.938234795896
-1107.1553288362616	7.689255598973991	30.338923515483206	0.11953586891788587	64718.938234795896
-1120.9630492336146	7.451994658846248	27.68565476125238	0.11896609248306814	64718.938234795896
-1152.0387415270654	6.107052322462979	22.53215431710912	0.119707517628733	64718.938234795896
-1146.056023090048	6.240740277243574	23.269813174994034	0.12018836154128867	64718.938234795896
-4107.457989231615	0.01	0.10493205431793197	0.15583307041343505	64718.938234795896
-1132.1194019613235	6.926710276937632	25.541895636942797	0.12050902873064948	64718.938234795896
-5175.689071556014	0.27069116985503167	0.041808774333238985	0.16092352372804072	64718.938234795896
-5175.712475757784	0.28922968250536973	0.05577536937085889	0.16089973519684891	64718.938234795896
-1100.4599400431289	7.998963783448539	32.627102373003346	0.11883121706010588	64718.938234795896
-5175.704888414245	0.28836935116575285	0.05507924033317224	0.16096325879877135	64718.938234795896
-4107.457987886593	0.01	0.10493206994231717	0.15583488247478883	64718.938234795896
-4107.4579878582335	0.01	0.1049320918164295	0.15583507170390254	64718.938234795896
-1133.298614490693	6.607234850965165	25.059557721642523	0.11921460282148195	64718.938234795896
-1113.981778175906	7.405606759276101	28.61643641606073	0.11946622319618498	64718.938234795896
-1137.4551821134573	6.429778283216081	24.65387140861212	0.11867899421208081	64718.938234795896
-4107.4579878215045	0.01	0.10493207201722218	0.1558353815691241	64718.938234795896
-1196.9462939977034	5.246105367248189	18.635003970905856	0.12081630803061813	64718.938234795896
-1190.844238445673	5.266789914883361	19.245992850257153	0.12077973052857692	64718.938234795896
-1144.3832851654129	6.236145016708819	24.359408699418005	0.11843646111111777	64718.938234795896
-1195.9315720711716	5.1928712447907195	19.980239442841423	0.12049305033557801	64718.938234795896
-5175.6976172656005	0.28719533366886196	0.054137411076307485	0.16091432420299678	64718.938234795896
-5175.688997155807	0.09921263896512217	0.048278479544718325	0.16091742561961775	64718.938234795896
-4107.457988639475	0.01	0.10493208513565257	0.15583713908392183	64718.938234795896
-1119.4179286095846	7.24210964775541	27.497873892987627	0.11928806970217294	64718.938234795896
-5175.689072068148	0.11568682268690501	0.03668014687037724	0.16092450934232028	64718.938234795896
-1190.4958549132239	5.354599354128416	19.060522593261542	0.12058835825471106	64718.938234795896
-5175.689095268837	0.25385085597536233	0.030737807948480453	0.16093124976918052	64718.938234795896
-10909.417859306057	0.6667420312955692	0.049185592256234846	0.175963966091043	64718.938234795896
-1148.662324699964	7.160591213820315	25.23593443677859	0.12028910654435915	64718.938234795896
-1128.9203593439038	6.780083337998059	25.777146395722546	0.1204876293566022	64718.938234795896
-1220.9783487308582	4.897413214022367	17.236297993821996	0.12103311251319619	64718.938234795896
-1149.9259116339394	6.358829777791015	22.9828060886137	0.12069559082965235	64718.938234795896
-5175.689071705087	0.2514288415914624	0.02925507546826108	0.1609205640261978	64718.938234795896
-1147.4395845238557	6.305138720420881	23.11687367900038	0.12002894261483812	64718.938234795896
-1150.6924595409287	6.153330028353587	22.7444740156818	0.11846202058997396	64718.938234795896
-5175.689149024483	0.15954626956816978	0.011910529697860996	0.16093925961856517	64718.938234795896
-4107.457993057973	0.01	0.10493197783756995	0.1558397380240386	64718.938234795896
-1122.698997589503	7.483356404133347	27.65849841314364	0.11860109842321033	64718.938234795896
-5175.732351527224	0.29057495605021083	0.056875101791513845	0.16090795820174716	64718.938234795896
-5175.700077704245	0.28758591788977966	0.05444722060693845	0.16090300724884601	64718.938234795896
-4107.457987903872	0.01	0.10493207967503866	0.155834826419327	64718.938234795896
-1229.742454051574	4.794883475824331	18.663341141900943	0.1204509511977326	64718.938234795896
-1210.6170292460788	4.991334488014363	17.91689489141532	0.12089046698956615	64718.938234795896
-5175.7012751810125	0.28784399503883956	0.054656516886458284	0.16095895407217883	64718.938234795896
-1171.169543539122	5.7748791757994775	20.647035652730686	0.12038231757445839	64718.938234795896
-1156.899597093251	5.9958616150948645	21.995624493190345	0.11973615191469782	64718.938234795896
-5175.689072770012	0.10288937626175854	0.04556073782784563	0.16091718213371875	64718.938234795896
-1133.8213645354556	6.601381717284078	24.96489055091717	0.11968205992260185	64718.938234795896
-4107.4579878563945	0.01	0.10493206614591523	0.1558357401346343	64718.938234795896
-1192.4983812754076	5.322103590981708	21.091961509854837	0.12060556983653756	64718.938234795896
-1160.6074624228474	5.806080233341558	22.106240412859222	0.12056668240407567	64718.938234795896
-1160.5440380540922	6.202391931877851	22.02435111781476	0.12022997162415577	64718.938234795896
-1173.633856384486	5.667675410811154	20.385620735091248	0.12031841118295881	64718.938234795896
-1159.7459286200556	5.8583619722136975	22.935621989278335	0.11905091696461237	64718.938234795896
-1149.6805900604725	6.316415775416311	22.9475699240258	0.11947604267162636	64718.938234795896
-5174.010789224309	0.0781221806897093	0.06559283996097394	0.16081661485116788	64718.938234795896
-1120.7694004360865	7.067423133556255	28.778040823218966	0.11884554764012023	64718.938234795896
-5175.693688433303	0.2860330406064856	0.05321366896851768	0.16091877178694944	64718.938234795896
-5823.645552231324	0.21691024288784858	0.010794157471639258	0.11489608591507224	64718.938234795896
-1090.8970148266633	8.988783087819577	35.6640186370065	0.11734611504345491	64718.938234795896
-5175.720823532569	0.28989550905406486	0.05631829311486146	0.16092019043103623	64718.938234795896
-5177.159903594186	0.26186864371126184	0.035837027776229	0.1585782860222717	64718.938234795896
-1117.8612084703234	7.206661260332893	29.47279842328724	0.1191053879770717	64718.938234795896
-5175.696561376773	0.2869451171154399	0.05393757048000896	0.160917944773462	64718.938234795896
-1191.434723907139	5.310665744012348	20.861937732668277	0.11949593384053456	64718.938234795896
-1165.5793970960226	5.738577250905339	21.191171611971562	0.12022729203027382	64718.938234795896
-5175.696559952516	0.2869424288436533	0.05393546242434946	0.16091508786981218	64718.938234795896
-5175.706522888213	0.28858210765501907	0.05525131093704144	0.1608843668953833	64718.938234795896
-1173.323835485418	5.728989399480364	20.448612574370653	0.11966769463258674	64718.938234795896
-5175.7047253310975	0.28822944086387997	0.05496732763691182	0.16099017158035936	64718.938234795896
-1171.015669864663	5.58638525989148	20.9695059818083	0.12005729968867139	64718.938234795896
-4107.457987936054	0.01	0.10493202196342309	0.155835782971315	64718.938234795896
-5175.689071970053	0.10534568830161922	0.0437883101996383	0.1609249597830623	64718.938234795896
-1238.931305745681	4.720664666105737	16.325535715355876	0.12196934030962989	64718.938234795896
-1179.6754652898642	5.431087151639005	20.319449327092446	0.12026469772473748	64718.938234795896
-1153.6527669461025	6.175676437511524	22.455788297669226	0.12006106674428169	64718.938234795896
-5175.689074729136	0.2705222445877919	0.041690665061922594	0.16091879244519045	64718.938234795896
-4107.457987950265	0.01	0.10493205706148913	0.1558360638557952	64718.938234795896
-4107.4579893205555	0.01	0.10493222480644976	0.15583713519467474	64718.938234795896
-4107.457987821996	0.01	0.10493207563577482	0.15583537010406825	64718.938234795896
-1126.5978623814244	6.939526912030394	26.141932017939844	0.1187439404856533	64718.938234795896
-1166.5873301113563	5.974812171528157	21.225753507571255	0.12047809593964626	64718.938234795896
-5175.6918071709215	0.28490612840704044	0.052325417912217405	0.16092442278346078	64718.938234795896
-5175.689071985273	0.2479549862527218	0.027173356236426378	0.160923558184922	64718.938234795896
-5175.700006589543	0.28765949134521046	0.054508910614960396	0.16094330690932757	64718.938234795896
-5175.689070604799	0.12409570838733332	0.031289187283890456	0.16092187959280357	64718.938234795896
-1100.432677965036	8.201666049165173	32.170449913122546	0.11853008930247858	64718.938234795896
-5175.689154469305	0.1259475197670186	0.030145773560091717	0.16094002550588749	64718.938234795896
-1105.5187021863899	7.643015147189847	30.65888847935086	0.11917355114608755	64718.938234795896
-1250.4210248244067	4.6661929136687466	15.798198138269772	0.12148929325080897	64718.938234795896
-5175.697637844833	0.28713526729608857	0.05408856785849498	0.1608904554098769	64718.938234795896
-4107.457987821967	0.01	0.10493206990497943	0.1558354195267277	64718.938234795896
-5175.798218503514	0.29271758241876566	0.05865597933293581	0.16091750998319412	64718.938234795896
-4107.458018722427	0.01	0.10493198967255352	0.1558245685997941	64718.938234795896
-5175.692870727381	0.2856604502716204	0.052919703956641924	0.16091143943604524	64718.938234795896
-1172.7324493238639	5.758307614606338	20.512308200111	0.12046582660385488	64718.938234795896
-1151.5851218779335	6.146732962473676	22.616788049269115	0.11972093746541401	64718.938234795896
-1217.023989642335	4.930900037557557	17.479295903938308	0.12111499302020608	64718.938234795896
-4107.457988330334	0.01	0.10493218713110727	0.1558360493912225	64718.938234795896
-1222.1939592789633	4.864891347443434	17.209820515840118	0.12102195033135844	64718.938234795896
-1157.762016122733	5.875912163751578	22.35551119276878	0.11981641355942979	64718.938234795896
-1174.2778928012008	5.683579850788744	20.356169799944652	0.12044473173079859	64718.938234795896
-1160.3823214263318	5.930756894640674	23.9109443784293	0.12043992214407782	64718.938234795896
-4107.457988075112	0.01	0.10493197905105692	0.155835484913086	64718.938234795896
-1134.3979635102398	6.53368017527954	26.054604326855713	0.1184496460750024	64718.938234795896
-5175.689673566629	0.2825345101768993	0.0504876414914724	0.16092507379760734	64718.938234795896
-5175.68909275672	0.1486837890910117	0.017300841156022328	0.16091392128379006	64718.938234795896
-5175.977102724864	0.29521129198573987	0.06076306604405044	0.16098503512857992	64718.938234795896
-1139.9438643335889	7.181456020691339	25.735033517468302	0.12179469967365308	64718.938234795896
-4107.457991805408	0.01	0.10493210328016457	0.15583926027805378	64718.938234795896
-1151.4977655210405	6.228560512494709	25.844776350466258	0.11852093243144379	64718.938234795896
-5175.70919478078	0.28888429308464014	0.05549505796668504	0.16096016426230514	64718.938234795896
-4107.457987879818	0.01	0.10493208218678907	0.1558358378561925	64718.938234795896
-10909.425869949571	0.6721768920578322	0.05380834694550758	0.17601334344723893	64718.938234795896
-1110.6446650823327	7.482844497505719	29.43930659871223	0.11871795267834491	64718.938234795896
-1166.3359804942556	5.771661072489328	21.08849165453721	0.1206838569699465	64718.938234795896
-1167.6902063574194	5.744618611900908	20.923512811113604	0.1203970580720011	64718.938234795896
-1135.6502725077262	7.141404110283606	25.66416424156729	0.11955852798238188	64718.938234795896
-5175.698197591572	0.2872672200023622	0.05419294297956105	0.1609333611390212	64718.938234795896
-1208.6259263308232	5.706524079381573	18.990334218761483	0.12036439665867343	64718.938234795896
-5175.770511032253	0.2920218411115583	0.05807163592305427	0.16088636577162949	64718.938234795896
-1111.4912428559787	7.818311385916071	29.515959371164115	0.11861565281647293	64718.938234795896
-1158.3613002960171	6.022394838297936	21.88015911100636	0.11957880457004391	64718.938234795896
-5175.701893833642	0.2879997529437788	0.05478182852140297	0.16092898530710123	64718.938234795896
-5175.708751588538	0.288794985206936	0.055421326570240556	0.1608790124932279	64718.938234795896
-5175.702497231763	0.2879828486613401	0.05476799328892409	0.16086997646310056	64718.938234795896
-5176.061284592477	0.2569356152680541	0.032665197309766886	0.15974163115061016	64718.938234795896
-1269.272694612854	4.350826616088302	15.964011571556194	0.12155963963101589	64718.938234795896
-1104.8727207541883	7.768107899432844	31.344715301575864	0.11757780848739685	64718.938234795896
-5175.708205476056	0.28881861225799615	0.05544230790433347	0.1609291842875049	64718.938234795896
-5175.696462466554	0.28690269212254954	0.053904323342245576	0.16093398757118574	64718.938234795896
-5175.782440122935	0.2923249729614167	0.058324585233293785	0.1609918281071578	64718.938234795896
-1174.8779705075176	5.671384807862904	20.310308906711057	0.12030491765647155	64718.938234795896
-5175.689101632416	0.27208723969409804	0.04279067395526306	0.16091148831847446	64718.938234795896
-1170.9445444412065	5.733183736395547	20.65129487982318	0.12003563714338625	64718.938234795896
-1120.926405783091	7.125265894287228	27.154499894722083	0.11924562145004661	64718.938234795896
-5175.689112200938	0.2782225518864642	0.04723356935850951	0.16092826690206546	64718.938234795896
-1164.2223284973763	6.079025314892853	25.57838793760449	0.11901705730587514	64718.938234795896
-5175.689088226576	0.25279409071438336	0.03008775088616173	0.1609300600019245	64718.938234795896
-5175.706191181923	0.28859000178408406	0.05525738008588719	0.16092332555125227	64718.938234795896
-1134.430139275728	7.259119481283314	26.034043089801475	0.1203166858467849	64718.938234795896
-1096.344936426654	8.513243170006747	33.70767011907201	0.11961354260165966	64718.938234795896
-10909.438827676957	0.6739134870442172	0.05534424075394104	0.17590011851145343	64718.938234795896
-5175.70817204474	0.28881532446162944	0.05543963826429127	0.1609163485243375	64718.938234795896
-5175.7121747622305	0.2892049213051743	0.05575555636273022	0.1609021395347845	64718.938234795896
-1100.6570534500288	8.244732307945206	32.241301453575836	0.12003964233806563	64718.938234795896
-1236.6706380557703	4.743028141300937	16.42847013344747	0.12160028092744468	64718.938234795896
-5175.695504821953	0.2866465837422683	0.05369977843503359	0.16093228174295487	64718.938234795896
-4107.457988911	0.01	0.10493188123533409	0.15583571757495077	64718.938234795896
-4107.457988116566	0.01	0.10493210688609853	0.1558363718153075	64718.938234795896
-1100.803083091884	8.287255369939947	32.09601180412464	0.11782504728075073	64718.938234795896
-1087.7229240052811	9.154039801436484	37.06016163416704	0.11851598350853222	64718.938234795896
-1154.7547914274191	6.054283607088907	22.226971199977793	0.1198320155570582	64718.938234795896
-1165.4214773857277	5.870178593590516	21.17635337964272	0.1190802412574712	64718.938234795896
-5175.689071260724	0.271698060885321	0.042515951044039664	0.16092210363101664	64718.938234795896
-4107.457987824508	0.01	0.10493206782236793	0.15583547852701277	64718.938234795896
-5175.717793118165	0.28967117516505975	0.056133852938364065	0.16092080065646508	64718.938234795896
-4107.457987822003	0.01	0.10493207127484125	0.1558353351896	64718.938234795896
-4107.457987849453	0.01	0.10493204803282649	0.15583559112732628	64718.938234795896
-5175.710416499045	0.28902981850797305	0.05561195158338966	0.1609299922518729	64718.938234795896
-10909.425241001716	0.6721426051497995	0.05377673395188157	0.17595661379581565	64718.938234795896
-1163.9916444758642	5.7610968792391954	21.415473425044418	0.12040081973618659	64718.938234795896
-1159.4468830842957	5.865335421051303	21.829207284700427	0.12021085671311234	64718.938234795896
-5175.689467389346	0.10663957594189752	0.042868309349724985	0.16088404893014305	64718.938234795896
-4107.457987948224	0.01	0.10493203617620889	0.15583596624143195	64718.938234795896
-1127.9357708429616	6.779416323804346	27.003202629859153	0.1208875875600277	64718.938234795896
-1110.351723730951	7.453600008367144	29.50268072151916	0.11865159304563004	64718.938234795896
-1187.4890737803696	5.4514726803333176	19.305040021762196	0.12081472559268631	64718.938234795896
-4107.457991937574	0.01	0.10493243396048405	0.15583434114839592	64718.938234795896
-5175.68907764422	0.2709879391504084	0.04201667631204239	0.16091713918807732	64718.938234795896
-5175.702772448516	0.2881346867821204	0.05489022114380472	0.16092779490290168	64718.938234795896
-5175.692583261211	0.28553341445709873	0.05281950461529577	0.1609209367230442	64718.938234795896
-5175.711949606548	0.28918965608239156	0.05574310134898176	0.16090863795359706	64718.938234795896
-5175.693653320439	0.28593530965010877	0.05313614612816471	0.1608950770170874	64718.938234795896
-1164.1880100557987	5.876705806415104	21.26306347314356	0.12034311358409867	64718.938234795896
-1141.593921358781	6.372925404748004	23.838968916194716	0.11987615672395066	64718.938234795896
-1177.8742671821176	5.485465224928145	20.19051141315033	0.12066992896603163	64718.938234795896
-5175.689092273046	0.12372491267448486	0.03152000075821999	0.16091325726048583	64718.938234795896
-5175.717348245225	0.2896243772932644	0.05609632135747663	0.16089125418192582	64718.938234795896
-5175.694792474508	0.2864338090434231	0.05353100396992839	0.16092037873563522	64718.938234795896
-1151.9448356293756	6.153843087618058	22.55641888009528	0.11959065048305924	64718.938234795896
-1174.9015945237068	5.575901890625111	20.318180682325902	0.12053045191434392	64718.938234795896
-4107.457987821486	0.01	0.1049320716998327	0.15583538696747987	64718.938234795896
-1133.7351260403605	6.613800389349818	24.95563047504325	0.11927173949100474	64718.938234795896
-5175.689078669231	0.1417457863305333	0.020993436502263905	0.16092629963442961	64718.938234795896
-1144.4718426536501	6.674330222019412	24.006099054720206	0.11968105261651041	64718.938234795896
-1242.3594709786498	4.675089203237675	16.181497433568552	0.12159751999052444	64718.938234795896
-5175.689074509761	0.27462382991430284	0.044601764001623405	0.1609193426472948	64718.938234795896
-5175.689077175008	0.10427035187920614	0.044559893433793865	0.16092044159324417	64718.938234795896
-1123.4538858070214	6.919397958916349	27.470667618893263	0.1204898540099458	64718.938234795896
-5175.689071222495	0.11644297602412251	0.036181613149019874	0.16092076703433136	64718.938234795896
-1131.56423152942	6.663522508929215	25.32665560557541	0.11944995165572381	64718.938234795896
-1144.039851366721	6.198211869702779	23.797372414157003	0.11946520715535852	64718.938234795896
-1170.71364661586	5.660132243355538	20.7113314320647	0.12035342197826761	64718.938234795896
-1161.9121605706146	5.795602349327613	22.407184559078424	0.12015690465487339	64718.938234795896
-1163.5029937714896	5.900830913013953	21.337633182366105	0.12000805054491014	64718.938234795896
-1182.596856229751	5.461560703916775	19.68474239246093	0.12047931931486927	64718.938234795896
-5175.734471750589	0.29061685102446266	0.056909700979672594	0.1608511539141811	64718.938234795896
-5175.734895166221	0.2907052583341372	0.056982156301013755	0.16091583536161427	64718.938234795896
-5175.705099619943	0.2884527789609597	0.05514650847465959	0.16093025363349417	64718.938234795896
-5175.68908575165	0.2399992979307344	0.022599941940566495	0.1609291850750173	64718.938234795896
-1399.6982863796334	3.943434400036803	17.369326838831775	0.1210312608176598	64718.938234795896
-1145.5007909947647	6.421017931329678	23.488885208796066	0.1215147241126348	64718.938234795896
-5175.69226028742	0.2853248469035486	0.05265549484971973	0.16090716606517597	64718.938234795896
-5175.695803850751	0.28673312057894024	0.0537682447118276	0.1609241055178782	64718.938234795896
-5175.694322205595	0.2862484894530427	0.05338397719496082	0.16093803506294893	64718.938234795896
-5755.102149262204	0.217129858723779	0.010896229286603243	0.11722092170811514	64718.938234795896
-1103.6847082940876	7.813830397578756	31.978658287912026	0.12174247174480465	64718.938234795896
-5175.699521554896	0.2875638265884912	0.054431845442661206	0.16089744581812393	64718.938234795896
-1173.432227233599	5.735469881250802	20.451644611595604	0.11997036181280327	64718.938234795896
-5175.689092239635	0.26698539251098086	0.03925235734786953	0.1609300928165497	64718.938234795896
-1143.6961865002704	6.369396941636909	23.55728220355027	0.11985614695927063	64718.938234795896
-5175.689261437155	0.2807763208095389	0.04914711536005237	0.160922261068866	64718.938234795896
-1180.5360033354964	5.437539705075921	19.99530514859964	0.12062718918767346	64718.938234795896
-1136.5243057873922	6.486930067892667	26.19598250967886	0.12096438978171875	64718.938234795896
-1137.8062437143635	7.010101086698036	25.2780990067794	0.11853929347745976	64718.938234795896
-1188.2417409006798	5.434489131962853	19.236994162660547	0.12040616367806474	64718.938234795896
-4107.457987982384	0.01	0.1049320962052406	0.15583464071355815	64718.938234795896
-1098.82206680619	8.217805842338903	32.665653540037226	0.11830289330977974	64718.938234795896
-5175.701840585136	0.287988169268124	0.054772286646041016	0.16091031721606633	64718.938234795896
-1092.9885793091635	9.275460444741963	37.000004734625435	0.11355211614715528	64718.938234795896
-1145.8192701974158	6.148970127493127	23.966745239612038	0.11974550672295818	64718.938234795896
-5175.708074715167	0.28851862250168264	0.05519452911888301	0.16091343503400493	64718.938234795896
-5175.692109558664	0.2852688208150765	0.05261133658885135	0.16092703194244315	64718.938234795896
-1158.8719072222507	5.9951450740866985	21.787456150151264	0.12017360780744497	64718.938234795896
-1199.4119169799274	5.132772857387304	18.65703196430749	0.1208962901507038	64718.938234795896
-5175.71323137999	0.2893043495085579	0.05583658636141243	0.16093593029432873	64718.938234795896
-1235.3833576196835	4.677888368639223	17.526661774959734	0.12110752228859398	64718.938234795896
-4107.4579878936165	0.01	0.10493204850876167	0.15583584452967253	64718.938234795896
-1149.0181804112613	6.1542219633226525	22.9212525256305	0.12031529355394839	64718.938234795896
-4107.457987822483	0.01	0.1049320686585909	0.15583532795670244	64718.938234795896
-5175.689072023786	0.25896343814304507	0.03395492031138244	0.16092054762723895	64718.938234795896
-4107.457987846516	0.01	0.1049320708694291	0.15583568847834492	64718.938234795896
-4107.4579884095365	0.01	0.10493199920875783	0.15583666886128733	64718.938234795896
-1130.502044824026	7.352796252155813	26.728097002677778	0.11779389063332656	64718.938234795896
-1122.172113295944	6.9614090656509635	27.05968518790432	0.11994768658623875	64718.938234795896
-4107.457987895731	0.01	0.10493207765156985	0.15583590807733105	64718.938234795896
-5175.700563316409	0.28778277128728913	0.054607097560509056	0.16092173904458806	64718.938234795896
-4107.457987824453	0.01	0.10493207383682546	0.15583527632028518	64718.938234795896
-1146.340995425417	6.307835390618099	23.235356361268376	0.1195443381950235	64718.938234795896
-1164.8329317376424	5.855375314547864	21.22636108529834	0.12016309290145546	64718.938234795896
-4107.457987876369	0.01	0.10493206350172533	0.1558358292467907	64718.938234795896
-4107.457987829075	0.01	0.1049320829576766	0.15583525945850896	64718.938234795896
-1160.377574835596	5.814684119353862	22.324038630390177	0.11987761363165099	64718.938234795896
-5426.538453257865	0.21518952888550805	0.010002823716513249	0.13148407713207635	64718.938234795896
-1107.4482900254661	7.972232927550888	30.26742905368123	0.11749005003382547	64718.938234795896
-1141.2778380744335	6.341597626585081	23.97553174974305	0.11894199644432567	64718.938234795896
-1103.8811590383307	7.8593894614402675	31.14110833445145	0.11826364753875176	64718.938234795896
-4107.457990067757	0.01	0.10493179490134318	0.15583553940103667	64718.938234795896
-5175.692623911235	0.28546962295060957	0.05276815091010151	0.16093086774900783	64718.938234795896
-5175.68972043283	0.2826577216249294	0.050582442720116264	0.1609232005525799	64718.938234795896
-1127.8204923394865	6.785063040401894	25.974646362095356	0.11945606168547944	64718.938234795896
-5430.271883106321	0.2430177208507557	0.02430149048463592	0.1312743306249484	64718.938234795896
-1193.011835969548	5.494013138971296	22.774436153232347	0.12036286036056897	64718.938234795896
-1205.1734253155118	5.133734924848584	18.093379031615733	0.12059859944780733	64718.938234795896
-5175.6891448666875	0.23966693618200788	0.02241469703303215	0.16090807984871744	64718.938234795896
-4107.457988198502	0.01	0.10493200378688565	0.15583634291976925	64718.938234795896
-4107.457988570048	0.01	0.10493222140737478	0.15583478100621792	64718.938234795896
-1175.1431833030576	5.545988043200246	20.42898384516623	0.11981716755434846	64718.938234795896
-1135.4782306421232	6.5801038803966385	24.706608833771377	0.1196378881305301	64718.938234795896
-1112.9001260251305	7.514321581472102	28.846380902550784	0.11900376410031445	64718.938234795896
-4107.457988175549	0.01	0.10493216417461446	0.15583600589666172	64718.938234795896
-4107.457993382988	0.01	0.10493249321337497	0.15583418880277977	64718.938234795896
-1163.8879889783896	5.803084401339287	21.318562588588883	0.12088988295245737	64718.938234795896
-4107.457990507473	0.01	0.10493231576831324	0.1558334769064947	64718.938234795896
-4107.457987855038	0.01	0.10493204660066889	0.1558351405650228	64718.938234795896
-1193.9950213795291	5.3374768954255885	18.832693235505033	0.1208910584674472	64718.938234795896
-1138.0115518750445	6.37690334547353	24.738859700489403	0.11956139238910006	64718.938234795896
-1214.5722359028473	5.063350836820695	17.548523926586373	0.12097226921206862	64718.938234795896
-5175.690283421622	0.2836591652484621	0.0513554494735604	0.16091445971994647	64718.938234795896
-4107.457987836618	0.01	0.10493206856971807	0.1558351426082926	64718.938234795896
-5223.875610158317	0.2151861341218239	0.01	0.1477036463238683	64718.938234795896
-1164.8305708980529	5.849068061264477	23.506458260477576	0.12097107145035389	64718.938234795896
-4107.457988064267	0.01	0.10493206169620616	0.1558344246853199	64718.938234795896
-5175.705624710294	0.288513327019389	0.05519492013794973	0.16093515056063948	64718.938234795896
-1181.7772898765822	5.577887284013819	19.751061552097486	0.12071790373398471	64718.938234795896
-1198.1396690100582	5.199084113482899	18.58873060646729	0.1208378491481044	64718.938234795896
-5175.690590797489	0.2840608204525579	0.05166713700021979	0.1609200103360432	64718.938234795896
-1210.880447118737	5.080986599581067	17.75439306008518	0.12106679442542242	64718.938234795896
-1200.104212601554	5.312080400348333	18.444443049866884	0.12082859306137032	64718.938234795896
-5175.6924459520815	0.28545998863997335	0.05276171080761681	0.1609255937294587	64718.938234795896
-1228.52259656032	4.973329499885165	16.865636589770254	0.12140620247879626	64718.938234795896
-5175.79335632077	0.29261985660862827	0.058569915480006604	0.16089882870954314	64718.938234795896
-1128.9228236548197	6.8553604358672935	25.724405318143482	0.11907649291900176	64718.938234795896
-1138.830397211814	6.453579569789908	24.216493650516778	0.11974449866230139	64718.938234795896
-5175.7065916901975	0.28862156316202336	0.05528392229493137	0.1609141294870714	64718.938234795896
-5175.757877825732	0.2378347495625463	0.0214011408004997	0.16041406748997233	64718.938234795896
-1121.0860151436254	7.006898150415088	27.41975427894396	0.11996144326451307	64718.938234795896
-1123.3099782148763	7.103812640972593	26.770893260807625	0.119349626613308	64718.938234795896
-1201.56631565034	5.450050280731831	18.62857553567565	0.12125092961340815	64718.938234795896
-1185.2857390565673	6.080947937565493	20.67792321972436	0.1180153291348795	64718.938234795896
-5175.692767406616	0.2855713229239554	0.052848885341263994	0.16090418211994237	64718.938234795896
-1177.4114312295872	5.67785189508511	20.1424627280892	0.12043319464398444	64718.938234795896
-1152.5108984403864	6.299242758798346	22.722979489747953	0.12081548505565597	64718.938234795896
-1220.8624076912051	4.913433848932176	17.22182919287812	0.12127474427746268	64718.938234795896
-1190.328692060768	5.659579248865606	24.09964400358313	0.11950668200019487	64718.938234795896
-1114.9631240955573	7.233136489405151	28.799652323492264	0.11942945941960809	64718.938234795896
-1146.790824061542	6.173774333990793	24.272997413393988	0.11958301728999199	64718.938234795896
-5175.689107301494	0.2764276029023291	0.045911482527358084	0.16091194182297186	64718.938234795896
-1159.6271246031756	5.912107429480471	21.7214823187823	0.11963585475214822	64718.938234795896
-5175.723547488499	0.2900740695241397	0.05646428827216608	0.1609301045443487	64718.938234795896
-1185.0339153352475	6.1589557469631435	20.84132240620943	0.12107583516007808	64718.938234795896
-4107.457987878941	0.01	0.10493209756783813	0.15583575890459866	64718.938234795896
-1198.2851659533087	5.235212869795288	18.542057132425004	0.12094756227836148	64718.938234795896
-1192.8847341215146	5.271036383321175	18.96021332104492	0.12065103648608405	64718.938234795896
-1223.4157997856505	5.101054902221268	21.16500836500551	0.12007726255337127	64718.938234795896
-1100.883514264025	8.536530081995009	32.23054870447308	0.11835264093391161	64718.938234795896
-5175.691364118779	0.28477138612096153	0.052221513224768694	0.1609256641129213	64718.938234795896
-4107.457987891825	0.01	0.10493206520744268	0.15583486722624687	64718.938234795896
-1205.046627839888	5.09855544295513	18.153426125756017	0.12099624573970212	64718.938234795896
-1100.2034800169904	8.403443259875733	32.39628431707683	0.11940189741354217	64718.938234795896
-1119.247415097478	7.968213586556788	29.054632004807363	0.11848251236769285	64718.938234795896
-1158.27352678949	5.871756258201198	22.128914665714426	0.12069239799503056	64718.938234795896
-1223.335669239359	4.807350308160487	17.97840554417238	0.12066265286142205	64718.938234795896
-1135.1301757953456	6.510019593990891	24.910665943685334	0.11954038287283196	64718.938234795896
-5175.700721244577	0.28776860654131453	0.05459556788482738	0.1608928939337195	64718.938234795896
-1154.8821111471404	6.061503979149525	24.39570426052282	0.11844041505606294	64718.938234795896
-5175.693646734844	0.2860023479445362	0.05318939487185843	0.1609341573245383	64718.938234795896
-4107.457987829112	0.01	0.104932057812686	0.15583546724796174	64718.938234795896
-5175.717465737336	0.2896527281594534	0.05611959721755162	0.16091517530409116	64718.938234795896
-1164.4988662179007	5.734825978740358	22.050939012720363	0.12032380397316529	64718.938234795896
-5175.6901116713125	0.24834979472008278	0.027407464738552587	0.16086019590957037	64718.938234795896
-1179.4629953565823	5.471337496552566	21.344045331858275	0.12013171005635125	64718.938234795896
-5175.70284523621	0.2881464794318705	0.054899721822127615	0.16092102545229575	64718.938234795896
-5175.703523449281	0.28819473287493486	0.05493859647886566	0.16088627679611095	64718.938234795896
-5176.997204460014	0.26671482965804283	0.03906869691807995	0.1587113066729892	64718.938234795896
-1189.467213982069	5.371102047317935	19.14411468898314	0.12059151418111454	64718.938234795896
-5175.7154289986665	0.28949456882894914	0.055990978042403876	0.16092580577708437	64718.938234795896
-5175.695394716663	0.2866224336543662	0.0536808436339629	0.16092537298800935	64718.938234795896
-4107.457987860775	0.01	0.10493207802516429	0.15583576071288247	64718.938234795896
-1103.0535749690803	8.086742273182796	31.37192795058615	0.11889074692969066	64718.938234795896
-1144.0370972725364	6.2475176577644325	23.680075199715812	0.1205338753338528	64718.938234795896
-5175.690549098395	0.2840108040253004	0.051628145655671046	0.16092179552931732	64718.938234795896
-1096.8835737422187	8.228141958675367	33.60390923148378	0.11944176754814695	64718.938234795896
-4107.457987870153	0.01	0.10493205658824759	0.1558357807976243	64718.938234795896
-1168.2841541590547	5.965773820167527	21.12430689529998	0.1206065468817393	64718.938234795896
-1189.875993705521	5.402534556846688	19.124172792234564	0.1207143080596567	64718.938234795896
-5175.7041548531815	0.288311789398438	0.05503296602330821	0.1608995933667337	64718.938234795896
-10909.421307677967	0.6709633060243108	0.05275218761740395	0.17596602173586778	64718.938234795896
-1225.1987516725376	4.926519926645095	19.69520918689762	0.12064920409067244	64718.938234795896
-4107.4579884380255	0.01	0.10493200327058451	0.15583673412852106	64718.938234795896
-5175.689071494643	0.27401028058339516	0.04416044056044698	0.16092251463752455	64718.938234795896
-1335.3902427175262	4.987455784459578	14.940376161899534	0.12216577422457316	64718.938234795896
-5175.702135146617	0.2880389206385551	0.05481312953774211	0.1609273774023014	64718.938234795896
-5175.698839421221	0.28744488824839826	0.05433662610278443	0.16090434288851155	64718.938234795896
-5175.707641574449	0.28875719694663604	0.05539250854503535	0.16091696383423335	64718.938234795896
-1112.837504837748	7.397010715968614	28.941716039803342	0.11796013347972292	64718.938234795896
-1144.0748284250462	6.3314011110675175	23.502748391085557	0.11999008947047793	64718.938234795896
-5175.72526766183	0.29017325655617116	0.056545492189471684	0.16094542963297997	64718.938234795896
