-1523.6389997017313	3.354386270740575	10.0	0.0	0.001	0.12510577038483256	64718.938234795896
-1523.638981402748	3.354282231010979	10.0	0.0	0.001	0.12511118576539088	64718.938234795896
-1523.6388776708084	3.354577542434771	10.0	0.0	0.001	0.1251128609001228	64718.938234795896
-1523.6388347135053	3.35457546377674	10.0	0.0	0.001	0.12510287386799201	64718.938234795896
-1523.6391634088993	3.354641236302257	10.0	0.0	0.001	0.12508758652123328	64718.938234795896
-1523.6390239381253	3.354406382138233	10.0	0.0	0.001	0.1251084077277972	64718.938234795896
-1523.6390666108725	3.3543380146084383	10.0	0.0	0.001	0.1250865620619371	64718.938234795896
-1523.6390930762543	3.354537582814723	10.0	0.0	0.001	0.12511786955739337	64718.938234795896
-1523.6389423749436	3.3546054469697464	10.0	0.0	0.001	0.12511496850116227	64718.938234795896
-1523.6388027854268	3.3544974991935645	10.0	0.0	0.001	0.1251219808623674	64718.938234795896
-1523.639131275671	3.3544006951757974	10.0	0.0	0.001	0.12512129921529183	64718.938234795896
-1523.6389801505425	3.3549460087299385	10.0	0.0	0.001	0.12511928259685837	64718.938234795896
-1523.638979480721	3.354390355956449	10.0	0.0	0.001	0.12511901275836604	64718.938234795896
-1523.6384886322521	3.354670791703293	10.0	0.0	0.001	0.1251026829317555	64718.938234795896
-1523.63891078752	3.3544209281176935	10.0	0.0	0.001	0.1251139878339153	64718.938234795896
-1523.6390467363763	3.3544436923203835	10.0	0.0	0.001	0.12511283015694308	64718.938234795896
-1523.6391027571817	3.354736703166189	9.999999838919466	0.0	0.001	0.12511413846729139	64718.938234795896
-1523.6389998923369	3.354205639642293	10.0	0.0	0.001	0.12510565105990626	64718.938234795896
-1523.6389134506762	3.3551959174971566	10.0	0.0	0.001	0.12509699808588448	64718.938234795896
-1523.6388531325279	3.354528720003833	10.0	0.0	0.001	0.12510147121031953	64718.938234795896
-1523.6387858705586	3.353940093469192	10.0	0.0	0.001	0.1251067215034543	64718.938234795896
-1523.6390253131444	3.354764660759734	10.0	0.0	0.001	0.1250892036892438	64718.938234795896
-1523.639014665528	3.3543307498633257	10.0	0.0	0.001	0.1251034680567593	64718.938234795896
-1523.6389471521634	3.354035061068042	10.0	0.0	0.001	0.12509904220955434	64718.938234795896
-1523.6388556693123	3.3544417467016174	10.0	0.0	0.001	0.12511360505758093	64718.938234795896
-1523.6391437167874	3.354579496073247	10.0	0.0	0.001	0.12509770470535347	64718.938234795896
-1523.6391300884147	3.3547303973411124	10.0	0.0	0.001	0.12512841165794705	64718.938234795896
-1523.6390725078552	3.3543298743919796	10.0	0.0	0.001	0.1251093061480424	64718.938234795896
-1523.6390310485256	3.3542129064563295	10.0	0.0	0.001	0.12511002380860226	64718.938234795896
-1523.6391441525138	3.354576661235256	10.0	0.0	0.001	0.12513903989612535	64718.938234795896
-1523.6387836740723	3.354186458439281	10.0	0.0	0.001	0.12511843964899105	64718.938234795896
-1523.6389648877107	3.354655607584439	10.0	0.0	0.001	0.1251012815905193	64718.938234795896
-1523.639023667593	3.354423983528066	10.0	0.0	0.001	0.12510556388346045	64718.938234795896
-1523.639109099751	3.3545261286028443	10.0	0.0	0.001	0.12511117417642106	64718.938234795896
-1523.63920202392	3.353942993595133	10.0	0.0	0.001	0.12512560590104527	64718.938234795896
-1523.6402401491523	3.3540749754153016	10.0	0.0	0.001	0.12503606783073998	64718.938234795896
-1523.6388842275824	3.3545188264993033	10.0	0.0	0.001	0.1251094670779778	64718.938234795896
-1523.6387736576253	3.354674941456232	10.0	0.0	0.001	0.12512260114360071	64718.938234795896
-1523.638850348615	3.3543923603559413	10.0	0.0	0.001	0.12511247953992352	64718.938234795896
-1523.6387330043906	3.354538148066721	10.0	0.0	0.001	0.12510908296483958	64718.938234795896
-1523.639016040941	3.354454199370251	10.0	0.0	0.001	0.12510517759142822	64718.938234795896
-1523.6389082261594	3.3547977795990342	10.0	0.0	0.001	0.12511374042258527	64718.938234795896
-1523.639114576338	3.3545177838116547	9.999999999999998	0.0	0.001	0.12510200930240345	64718.938234795896
-1523.639570153679	3.354711409235503	10.0	0.0	0.001	0.1251600876526575	64718.938234795896
-1523.6397453245688	3.354216703731402	10.0	0.0	0.001	0.12516775800869043	64718.938234795896
-1523.639256603616	3.3543969375039273	10.0	0.0	0.001	0.12508359094923888	64718.938234795896
-1523.6389349523101	3.3543661693653237	10.0	0.0	0.001	0.12512696155775516	64718.938234795896
-1523.6391255622511	3.35382873437394	10.0	0.0	0.001	0.1251046700319364	64718.938234795896
-1523.639133814745	3.3543909926096007	10.0	0.0	0.001	0.12511411603658243	64718.938234795896
-1523.6388173348178	3.3542031678115505	10.0	0.0	0.001	0.12509242818179914	64718.938234795896
-1523.639026784281	3.3545873252805745	10.0	0.0	0.001	0.12511763470441656	64718.938234795896
-1523.639022697751	3.3548949070066785	10.0	0.0	0.001	0.12511767691067388	64718.938234795896
-1523.639088537975	3.354369704149234	10.0	0.0	0.001	0.12510920632010175	64718.938234795896
-1523.6389118518407	3.3544165088019366	10.000000000000002	0.0	0.001	0.12510118258998523	64718.938234795896
-1523.6390006134625	3.3539241202976484	10.0	0.0	0.001	0.1250845284107868	64718.938234795896
-1523.6388873359733	3.3550451591680575	10.0	0.0	0.001	0.1251073724273344	64718.938234795896
-1523.639871085542	3.3538040046157893	10.0	0.0	0.001	0.1251661372542497	64718.938234795896
-1523.6391221829206	3.353770332078414	10.0	0.0	0.001	0.12509645429961017	64718.938234795896
-1523.6390425032537	3.3546982384245045	10.0	0.0	0.001	0.1251331686679778	64718.938234795896
-1523.6387048936563	3.3541128152771167	10.0	0.0	0.001	0.12510215100111446	64718.938234795896
-1523.638948326766	3.354561536876224	10.0	0.0	0.001	0.12508989151152625	64718.938234795896
-1523.63908477819	3.354466000534682	10.0	0.0	0.001	0.12509928566128783	64718.938234795896
-1523.6386817695925	3.354515764462095	10.0	0.0	0.001	0.12510286687809208	64718.938234795896
-1523.639217306831	3.354307692659341	10.0	0.0	0.001	0.12508904917320957	64718.938234795896
-1523.638863803166	3.354336280808894	10.0	0.0	0.001	0.12510999037096546	64718.938234795896
-1523.6388597901641	3.354272089534898	10.0	0.0	0.001	0.12511338871762506	64718.938234795896
-1523.63905483676	3.354193606988606	10.0	0.0	0.001	0.12511550475009295	64718.938234795896
-1523.6388858690427	3.3544535953445385	10.0	0.0	0.001	0.12511131684471283	64718.938234795896
-1523.638941148246	3.3547581049789907	10.0	0.0	0.001	0.1250948455484577	64718.938234795896
-1523.638688729658	3.354415996630677	10.0	0.0	0.001	0.1251193513118175	64718.938234795896
-1523.6389999871758	3.3544948846365132	10.0	0.0	0.001	0.12510500804113836	64718.938234795896
-1523.6388392346394	3.35454589966271	10.0	0.0	0.001	0.1251059341190085	64718.938234795896
-1523.6406874225145	3.3541616926335562	10.0	0.0	0.001	0.1251920616192323	64718.938234795896
-1523.6388379804303	3.3544166256093173	10.0	0.0	0.001	0.12513100694297444	64718.938234795896
-1523.6393841885483	3.3551512862770405	10.000000000000002	0.0	0.001	0.12513238568053925	64718.938234795896
-1523.6389666952937	3.3543428580329713	10.0	0.0	0.001	0.12509640359163185	64718.938234795896
-1523.6390603704235	3.354445671636903	10.0	0.0	0.001	0.12510185380096317	64718.938234795896
-1523.6482164740019	3.354545349464522	10.0	0.0	0.001	0.12491770633446826	64718.938234795896
-1523.6389535543296	3.354457999708315	10.0	0.0	0.001	0.1251207244509869	64718.938234795896
-1523.6428946814149	3.3537863920826743	10.0	0.0	0.001	0.12523530276521408	64718.938234795896
-1523.6388519604	3.3543758256906098	10.0	0.0	0.001	0.12511249966007634	64718.938234795896
-1523.6389469338478	3.354410306230049	10.0	0.0	0.001	0.12509847627192006	64718.938234795896
-1523.6391578399403	3.3540929234038814	10.0	0.0	0.001	0.1251329583410971	64718.938234795896
-1523.638945555801	3.3546598752325036	10.0	0.0	0.001	0.1251295297856188	64718.938234795896
-1523.638797408993	3.3541747312611605	10.0	0.0	0.001	0.12511087351695088	64718.938234795896
-1523.64761401031	3.354226290045379	10.0	0.0	0.001	0.12492383099353861	64718.938234795896
-1523.6387668715768	3.3533744295273262	10.0	0.0	0.001	0.12511001803989885	64718.938234795896
-1523.6387778726507	3.3542851338965933	10.0	0.0	0.001	0.1251209912425362	64718.938234795896
-1523.6390636062451	3.354585291978854	10.0	0.0	0.001	0.12513505266316913	64718.938234795896
-1523.6392818030904	3.354537813957262	10.0	0.0	0.001	0.12514959783389148	64718.938234795896
-1523.638884312748	3.3545005330789315	10.0	0.0	0.001	0.12511452972058212	64718.938234795896
-1523.6389856945993	3.3542822542368587	10.0	0.0	0.001	0.12510786667410317	64718.938234795896
-1523.6390514006716	3.354520514859758	10.000000000000002	0.0	0.001	0.12510104034620076	64718.938234795896
-1523.6389303925212	3.3545735942708035	10.0	0.0	0.001	0.12510283644897088	64718.938234795896
-1523.6389726617833	3.3544093207202246	10.0	0.0	0.001	0.12510385232002882	64718.938234795896
-1523.639040653745	3.354325581841326	10.0	0.0	0.001	0.12509748509753868	64718.938234795896
-1523.6390393194656	3.35440210288273	10.0	0.0	0.001	0.1250864564670293	64718.938234795896
-1523.638819696294	3.3549383008572113	10.0	0.0	0.001	0.1251052961581139	64718.938234795896
-1523.6391587941762	3.3546228005566676	10.0	0.0	0.001	0.12512710792362106	64718.938234795896
-1523.6391843948413	3.354342926900427	10.0	0.0	0.001	0.12508536348422206	64718.938234795896
-1523.639002429737	3.354316202885808	10.0	0.0	0.001	0.12511304423886502	64718.938234795896
-1523.639491379324	3.3546197262416753	10.000000000000002	0.0	0.001	0.12505911747824644	64718.938234795896
-1523.6390382852942	3.35441356716334	10.0	0.0	0.001	0.12509266547874778	64718.938234795896
-1523.6389903675263	3.3544137764786286	10.0	0.0	0.001	0.1251323839631822	64718.938234795896
-1523.63901630785	3.3546091887258402	10.0	0.0	0.001	0.125113336646461	64718.938234795896
-1523.6390796879991	3.354342897227824	10.0	0.0	0.001	0.12511859423743227	64718.938234795896
-1523.6389809862553	3.3550176775349896	10.0	0.0	0.001	0.12510504368228714	64718.938234795896
-1523.6390879682606	3.354560618069915	10.0	0.0	0.001	0.1250995710227618	64718.938234795896
-1523.6396386937577	3.3547028442902582	10.0	0.0	0.001	0.12516399592900068	64718.938234795896
-1523.6390868381857	3.3545063409030558	10.0	0.0	0.001	0.12511758459880504	64718.938234795896
-1523.6389196093655	3.35440993310202	10.0	0.0	0.001	0.12511968831660397	64718.938234795896
-1523.6390162991622	3.354667604426027	10.0	0.0	0.001	0.1251102699521235	64718.938234795896
-1523.639586851435	3.354534746005565	10.0	0.0	0.001	0.12516028396535211	64718.938234795896
-1523.6391010616521	3.3541719478869187	10.0	0.0	0.001	0.12510301089586987	64718.938234795896
-1523.6388270420803	3.3542247100421347	10.0	0.0	0.001	0.12508078879889503	64718.938234795896
-1523.638793905468	3.3546365094259647	10.0	0.0	0.001	0.12510194426253976	64718.938234795896
-1523.6393253346873	3.3544837832968293	10.0	0.0	0.001	0.12514427768797612	64718.938234795896
-1523.6395523108627	3.3542195648624222	10.0	0.0	0.001	0.1250708001117273	64718.938234795896
-1523.6389525419693	3.3541954115581825	10.0	0.0	0.001	0.12511820410072422	64718.938234795896
-1523.6392062810507	3.354514465333851	10.0	0.0	0.001	0.12513410861362134	64718.938234795896
-1523.6389407944944	3.354347614125462	10.0	0.0	0.001	0.12511173631432682	64718.938234795896
-1523.6390105417074	3.3543904111048586	10.0	0.0	0.001	0.12509388797743465	64718.938234795896
-1523.6392160199225	3.3544418662473814	10.0	0.0	0.001	0.1251028932177073	64718.938234795896
-1523.6390466476655	3.3541525564823296	10.0	0.0	0.001	0.12512272849687178	64718.938234795896
-1523.638860057947	3.354404947063382	10.0	0.0	0.001	0.12511421010273818	64718.938234795896
-1523.639127611317	3.3542036193796436	10.0	0.0	0.001	0.12510912581410275	64718.938234795896
-1523.639090864669	3.354356920050677	10.0	0.0	0.001	0.12511455987055703	64718.938234795896
-1523.6388990497908	3.35417011020654	10.0	0.0	0.001	0.12511435903828902	64718.938234795896
-1523.6389733641909	3.354627150633928	10.0	0.0	0.001	0.12510792294379017	64718.938234795896
-1523.6390990717146	3.3548845558907465	10.0	0.0	0.001	0.12511229815467007	64718.938234795896
-1523.638882623052	3.3545855869406935	10.0	0.0	0.001	0.12511075229031268	64718.938234795896
-1523.6389692412204	3.354396415527102	10.0	0.0	0.001	0.12512304228020368	64718.938234795896
-1523.6391518366158	3.3546122714071696	10.0	0.0	0.001	0.1251308468423116	64718.938234795896
-1523.6390511247246	3.3544811574395275	10.0	0.0	0.001	0.12511449428577784	64718.938234795896
-1523.6389282576606	3.3542279696270256	10.0	0.0	0.001	0.12510883501429979	64718.938234795896
-1523.6391632581206	3.354773415667714	10.0	0.0	0.001	0.1251425612367349	64718.938234795896
-1523.6391955888498	3.3544658132145377	10.0	0.0	0.001	0.12514252830232198	64718.938234795896
-1523.6409384059723	3.3540758021767916	10.0	0.0	0.001	0.12502514705396509	64718.938234795896
-1523.6389411862378	3.3543919859958122	10.0	0.0	0.001	0.12513017184873437	64718.938234795896
-1523.638950914241	3.3546035747154135	9.999999999999998	0.0	0.001	0.12512764181637379	64718.938234795896
-1523.6390373726956	3.354665987920596	10.0	0.0	0.001	0.12509429639902347	64718.938234795896
-1523.6391105365437	3.3547244801139673	10.0	0.0	0.001	0.12510478664008012	64718.938234795896
-1523.6390937216413	3.3543731878980236	10.0	0.0	0.001	0.12510283150040302	64718.938234795896
-1523.6391394834664	3.354306698116636	10.0	0.0	0.001	0.12509227492857639	64718.938234795896
-1523.6390282693294	3.354213759872641	10.0	0.0	0.001	0.12511613292983947	64718.938234795896
-1523.6389521953429	3.3544656288531645	10.0	0.0	0.001	0.12511307586176976	64718.938234795896
-1523.6389180374501	3.35439640684155	10.0	0.0	0.001	0.12511401944799028	64718.938234795896
-1523.639155532356	3.354361586405493	10.0	0.0	0.001	0.1251348817894023	64718.938234795896
-1523.639156955186	3.3545601995128562	10.0	0.0	0.001	0.12510492616332172	64718.938234795896
-1523.6393115347425	3.3551615578105447	10.0	0.0	0.001	0.12507472173482806	64718.938234795896
-1523.6388147510186	3.3544899476686494	10.0	0.0	0.001	0.12514056903114468	64718.938234795896
-1523.6389374908472	3.35440181994476	10.0	0.0	0.001	0.12510924938650644	64718.938234795896
-1523.6388323203555	3.3543680276809944	10.0	0.0	0.001	0.1251206607572151	64718.938234795896
-1523.6390619841118	3.3543828779774385	10.0	0.0	0.001	0.12510550182166735	64718.938234795896
-1523.6427541715536	3.354520727971576	10.0	0.0	0.001	0.12498534142546398	64718.938234795896
-1523.6393799121165	3.3547467234064854	10.0	0.0	0.001	0.12515007552179527	64718.938234795896
-1523.6386084572482	3.3543836326276035	10.0	0.0	0.001	0.12511444803363295	64718.938234795896
-1523.6388344103298	3.3540826085054527	10.0	0.0	0.001	0.12507829419316982	64718.938234795896
-1523.6389417566838	3.3545569647113607	10.0	0.0	0.001	0.12511112337701794	64718.938234795896
-1523.6390004983741	3.354573958028212	10.0	0.0	0.001	0.12509629763597255	64718.938234795896
-1523.6390753647902	3.3543433950423442	10.0	0.0	0.001	0.12511848638007797	64718.938234795896
-1523.639334341225	3.3544059214225044	10.0	0.0	0.001	0.1250871408870973	64718.938234795896
-1523.6389700537195	3.354516047137722	10.0	0.0	0.001	0.12513135265095957	64718.938234795896
-1523.6389692300866	3.35440200786179	10.0	0.0	0.001	0.1251307792194314	64718.938234795896
-1523.6390158148618	3.354391094825865	10.0	0.0	0.001	0.1251113142208001	64718.938234795896
-1523.6391382813545	3.3540165593694566	10.0	0.0	0.001	0.12510836669303935	64718.938234795896
-1523.6391905352634	3.3541511884273603	10.0	0.0	0.001	0.1251346445235157	64718.938234795896
-1523.6398328787145	3.35514255695581	10.0	0.0	0.001	0.12505324308784316	64718.938234795896
-1523.638933171464	3.3543242419941617	10.0	0.0	0.001	0.12513132409431232	64718.938234795896
-1523.6389500776256	3.3543376020692572	10.0	0.0	0.001	0.12511751986681505	64718.938234795896
-1523.6391154555204	3.354642158676973	10.0	0.0	0.001	0.12511391826580093	64718.938234795896
-1523.6388001804887	3.354600871785525	10.0	0.0	0.001	0.1251125308225339	64718.938234795896
-1523.6389902485582	3.3544599468674665	9.999999999999998	0.0	0.001	0.1251226724677627	64718.938234795896
-1523.6388243770923	3.3545168072196416	10.0	0.0	0.001	0.1251185001982418	64718.938234795896
-1523.63942363645	3.3544125778735143	10.0	0.0	0.001	0.12506594518535724	64718.938234795896
-1523.6388893662108	3.354336072920512	10.0	0.0	0.001	0.12511047530825434	64718.938234795896
-1523.6390356478146	3.3545822594988794	10.0	0.0	0.001	0.12511257231068268	64718.938234795896
-1523.638925537974	3.3542966075110576	10.0	0.0	0.001	0.12511607720922718	64718.938234795896
-1523.638698527612	3.3542475718976115	10.0	0.0	0.001	0.12511357941971515	64718.938234795896
-1523.6388602740135	3.3543287483483923	10.0	0.0	0.001	0.12511431280170218	64718.938234795896
-1523.6390021158854	3.3542616419791624	10.0	0.0	0.001	0.1250992791031196	64718.938234795896
-1523.6392129196568	3.3539768482452823	10.0	0.0	0.001	0.12513842309548093	64718.938234795896
-1523.6390075192623	3.35440738061227	10.0	0.0	0.001	0.12511365885679432	64718.938234795896
-1523.6391947236502	3.3542781087372893	10.0	0.0	0.001	0.12513254567618048	64718.938234795896
-1523.639125804362	3.354513470992536	10.0	0.0	0.001	0.12512577583212012	64718.938234795896
-1523.6390034776214	3.35461623424745	10.0	0.0	0.001	0.12510419435094328	64718.938234795896
-1523.639005067037	3.3543744729167657	10.0	0.0	0.001	0.1251023014746245	64718.938234795896
-1523.638878389502	3.354180686298165	10.0	0.0	0.001	0.12511292063481183	64718.938234795896
-1523.6390851523713	3.354435668068537	10.0	0.0	0.001	0.1250945907694691	64718.938234795896
-1523.6389047564783	3.3544851500488075	10.0	0.0	0.001	0.12511352191981656	64718.938234795896
-1523.6389466129194	3.3542793295286355	10.0	0.0	0.001	0.12511043053272747	64718.938234795896
-1523.6390670812298	3.3543589307690103	10.0	0.0	0.001	0.12512804305990857	64718.938234795896
-1523.638761671406	3.3545021264411057	10.0	0.0	0.001	0.1250996413504941	64718.938234795896
-1523.6390528422703	3.354539317565057	10.0	0.0	0.001	0.1251234063600473	64718.938234795896
-1523.6391704544462	3.354228699237417	10.0	0.0	0.001	0.12509185059343872	64718.938234795896
-1523.6388972470008	3.3540633944371634	10.0	0.0	0.001	0.1251086711131482	64718.938234795896
-1523.6389229233325	3.354469249761345	10.0	0.0	0.001	0.12510796918905376	64718.938234795896
-1523.6388965392507	3.3545546747903447	10.0	0.0	0.001	0.12511946332381027	64718.938234795896
-1523.6395005210697	3.354004537106601	10.0	0.0	0.001	0.1250608098154049	64718.938234795896
-1523.6384924277777	3.354741602358083	10.0	0.0	0.001	0.1250965328866031	64718.938234795896
-1523.63910488595	3.354492373712577	10.0	0.0	0.001	0.12511518707782535	64718.938234795896
-1523.6390986657307	3.3548065269358442	10.0	0.0	0.001	0.12511919137986888	64718.938234795896
-1523.6389600584298	3.354368363219919	9.999999999999998	0.0	0.001	0.12510741760554073	64718.938234795896
-1523.6387061026385	3.3541775123916944	10.0	0.0	0.001	0.12510465271464402	64718.938234795896
-1523.639012958957	3.3544265638676714	10.0	0.0	0.001	0.12510325267001568	64718.938234795896
-1523.639021522642	3.3542537020324534	10.0	0.0	0.001	0.12510332406106323	64718.938234795896
-1523.6388356003672	3.354515920845975	10.0	0.0	0.001	0.12511200498008382	64718.938234795896
-1523.6411170388487	3.3541747825581316	10.0	0.0	0.001	0.12501617033692047	64718.938234795896
-1523.6388668231175	3.3542542658504986	10.0	0.0	0.001	0.12511121817593104	64718.938234795896
-1523.6389730825754	3.3543477319350226	10.0	0.0	0.001	0.12509497295427174	64718.938234795896
-1523.6389477224939	3.3544390238944475	10.0	0.0	0.001	0.12511276572637214	64718.938234795896
-1523.639018779344	3.3545306360491858	10.0	0.0	0.001	0.12509776903765554	64718.938234795896
-1523.6389851482377	3.354477733316832	10.0	0.0	0.001	0.12510812685953646	64718.938234795896
-1523.6389314258035	3.354902537588926	10.0	0.0	0.001	0.12510753688284498	64718.938234795896
-1523.6389202846815	3.3541503453900607	10.0	0.0	0.001	0.1251089581562204	64718.938234795896
-1523.6389982702617	3.3544398980273464	10.0	0.0	0.001	0.12511185076621223	64718.938234795896
-1523.6391292592277	3.35442079595914	10.0	0.0	0.001	0.12510317984377964	64718.938234795896
-1523.6387368656901	3.35432860478308	10.000000000000002	0.0	0.001	0.12509419957373322	64718.938234795896
-1523.639134618515	3.3545278543777033	10.0	0.0	0.001	0.12510274416946743	64718.938234795896
-1523.6412203991583	3.3543991908305735	10.0	0.0	0.001	0.12501750640621867	64718.938234795896
-1523.6387811315103	3.354492927138515	9.999999999999998	0.0	0.001	0.1251021008388046	64718.938234795896
-1523.638983272906	3.3543800473898124	10.0	0.0	0.001	0.1251443169452386	64718.938234795896
-1523.639067561124	3.3542639847235027	10.0	0.0	0.001	0.12511276848562564	64718.938234795896
-1523.6390141374577	3.354365153538233	10.0	0.0	0.001	0.12508515977409446	64718.938234795896
-1523.6387729390226	3.354669087286945	10.0	0.0	0.001	0.12510345530145306	64718.938234795896
-1523.6386136832523	3.354491488866029	10.0	0.0	0.001	0.12512615259279145	64718.938234795896
-1523.6389035756026	3.3546628949274058	10.0	0.0	0.001	0.12511091686882586	64718.938234795896
-1523.6391232421179	3.3541357789462154	10.0	0.0	0.001	0.12514623000299008	64718.938234795896
-1523.6390033761595	3.3543693672687436	10.0	0.0	0.001	0.12512873691171827	64718.938234795896
-1523.6390573134904	3.354504971020978	10.0	0.0	0.001	0.12511129859018977	64718.938234795896
-1523.6386176863193	3.354116184891416	10.0	0.0	0.001	0.12511695014368243	64718.938234795896
-1523.6390482194051	3.354321503775916	10.0	0.0	0.001	0.12510931301336778	64718.938234795896
-1523.6389785810577	3.3544765914813666	10.0	0.0	0.001	0.1251079752263593	64718.938234795896
-1523.6390191115195	3.354203404709677	10.0	0.0	0.001	0.1251063275821893	64718.938234795896
-1523.6390179202665	3.354073510236407	10.0	0.0	0.001	0.12510841590864014	64718.938234795896
-1523.638674335566	3.3542718930266733	10.0	0.0	0.001	0.12509951109709083	64718.938234795896
-1523.639106074385	3.3541904001329828	10.0	0.0	0.001	0.12511391121184182	64718.938234795896
-1523.6389633103777	3.3543273251322354	10.0	0.0	0.001	0.12511053910368994	64718.938234795896
-1523.6390912094355	3.354372399698305	10.0	0.0	0.001	0.1251262595286226	64718.938234795896
-1523.6389552697844	3.354490680086739	10.0	0.0	0.001	0.1250964865594872	64718.938234795896
-1523.6391193499044	3.3540533162363633	10.0	0.0	0.001	0.1250979639428398	64718.938234795896
-1523.638859183824	3.354098332220067	10.0	0.0	0.001	0.12511532471250827	64718.938234795896
-1523.638857470793	3.3544655999374453	10.0	0.0	0.001	0.12510737633366317	64718.938234795896
-1523.638992114579	3.3544653595174636	10.0	0.0	0.001	0.12510979446621387	64718.938234795896
-1523.6391359373295	3.354797043736857	10.0	0.0	0.001	0.12508890794721172	64718.938234795896
-1523.6388568720736	3.3542235152518933	10.0	0.0	0.001	0.12511622150977122	64718.938234795896
-1523.638876667805	3.3544524885050393	10.0	0.0	0.001	0.12512320458915419	64718.938234795896
-1523.6391079593382	3.354168531495583	10.0	0.0	0.001	0.12510660032394977	64718.938234795896
-1523.6391961368292	3.3545399998783942	10.0	0.0	0.001	0.12508099069178366	64718.938234795896
-1523.6409948195314	3.354174599897558	10.0	0.0	0.001	0.12501217968755862	64718.938234795896
-1523.6390121074817	3.354598524547799	10.0	0.0	0.001	0.1251069746358497	64718.938234795896
-1523.6389154092499	3.354451044421089	10.0	0.0	0.001	0.12511792728131882	64718.938234795896
-1523.6400276697022	3.353695775224835	10.0	0.0	0.001	0.1251437990829735	64718.938234795896
-1523.6390733346684	3.3546838832032067	10.0	0.0	0.001	0.12509661698931743	64718.938234795896
-1523.6389412909234	3.3547543223810843	10.0	0.0	0.001	0.12510415778649117	64718.938234795896
-1523.6389561662163	3.3542514399270016	10.0	0.0	0.001	0.12510584835866984	64718.938234795896
-1523.6390279561317	3.3542646841300496	10.0	0.0	0.001	0.12512068877133894	64718.938234795896
-1523.6389326762878	3.3544663623632918	10.000000000000002	0.0	0.001	0.12511753461735853	64718.938234795896
-1523.6390335512922	3.3544927334731622	10.0	0.0	0.001	0.12510147591156057	64718.938234795896
-1523.6390028391672	3.3543313230869973	10.0	0.0	0.001	0.12509276520387413	64718.938234795896
-1523.6390062492915	3.3546260640512853	10.0	0.0	0.001	0.12508681482916936	64718.938234795896
-1523.6864665889882	3.354525650381007	10.0	0.0	0.001	0.12467094780948441	64718.938234795896
-1523.6389864113867	3.3544794668037627	10.0	0.0	0.001	0.12512593157181148	64718.938234795896
-1523.6389648449551	3.354149566542664	10.0	0.0	0.001	0.1251042376857811	64718.938234795896
-1523.6389403921337	3.3543851506336475	10.0	0.0	0.001	0.12510771491199893	64718.938234795896
-1523.639021920936	3.354165884330174	10.0	0.0	0.001	0.12510198233648412	64718.938234795896
-1523.6388384399286	3.3543900268584266	10.0	0.0	0.001	0.12511309607079385	64718.938234795896
-1523.6390061940847	3.3544932322436085	10.0	0.0	0.001	0.12510638447541447	64718.938234795896
-1523.6390379953864	3.3543457096125	10.0	0.0	0.001	0.12510584248386947	64718.938234795896
-1523.6391991345645	3.3548489132738077	10.0	0.0	0.001	0.12509572217705067	64718.938234795896
-1523.6390374860046	3.3543852228472177	10.0	0.0	0.001	0.1251126160772924	64718.938234795896
-1523.6390704045575	3.3543824207804853	10.0	0.0	0.001	0.12509078066395043	64718.938234795896
-1523.638904497845	3.354385731138943	10.0	0.0	0.001	0.1251113976175308	64718.938234795896
-1523.6437236340432	3.354432100790599	10.0	0.0	0.001	0.12496945245408063	64718.938234795896
-1523.6389294630721	3.3542578326764083	10.0	0.0	0.001	0.12511871165745636	64718.938234795896
-1523.6388378516872	3.3546411053199514	10.0	0.0	0.001	0.1251198827588266	64718.938234795896
-1523.638859706996	3.3535499888454248	10.0	0.0	0.001	0.12510736547020274	64718.938234795896
-1523.6389644178778	3.354404637849761	9.999999999999998	0.0	0.001	0.12511067441245602	64718.938234795896
-1523.6390006085944	3.354121139969416	10.0	0.0	0.001	0.12509711064775578	64718.938234795896
-1523.6392792186975	3.3550474284429592	10.0	0.0	0.001	0.12509264377068513	64718.938234795896
-1523.638730321457	3.354348311884407	10.0	0.0	0.001	0.12511014140771445	64718.938234795896
-1523.6389322496323	3.354809987097135	10.0	0.0	0.001	0.12511182434918103	64718.938234795896
-1523.6390896354844	3.354263761200328	10.0	0.0	0.001	0.1250859633580961	64718.938234795896
-1523.6387520559729	3.35458933393763	10.0	0.0	0.001	0.1251195833310202	64718.938234795896
-1523.6390877191943	3.35428987754623	10.0	0.0	0.001	0.1251250597498626	64718.938234795896
-1523.6389700284108	3.3542840461747767	10.0	0.0	0.001	0.12511243451844972	64718.938234795896
-1523.63897436866	3.354699106437644	10.0	0.0	0.001	0.12511898510923147	64718.938234795896
-1523.639692643692	3.354676659987729	10.0	0.0	0.001	0.12506099203995968	64718.938234795896
-1523.6391292485723	3.354151425362938	10.0	0.0	0.001	0.1250794432103835	64718.938234795896
-1523.6387854090667	3.3545307752557636	10.0	0.0	0.001	0.1250991493216111	64718.938234795896
-1523.63893860314	3.354740586346528	10.0	0.0	0.001	0.12511699808343882	64718.938234795896
-1523.6389934940353	3.3542227074067896	10.0	0.0	0.001	0.12511779727836442	64718.938234795896
-1523.6390951942153	3.354292168120954	10.0	0.0	0.001	0.12510302827496586	64718.938234795896
-1523.6389389833796	3.354413668250571	10.0	0.0	0.001	0.12510926869507288	64718.938234795896
-1523.6389232512583	3.3544179220494628	10.0	0.0	0.001	0.12512286385945004	64718.938234795896
-1523.6390516783586	3.3544446789409226	10.0	0.0	0.001	0.12510121546258093	64718.938234795896
-1523.639026085364	3.354283933328733	10.0	0.0	0.001	0.12509989383925296	64718.938234795896
-1523.639261496675	3.3544559678561003	10.0	0.0	0.001	0.1251526456065275	64718.938234795896
-1523.639044808604	3.353809042204885	10.0	0.0	0.001	0.1251131950304321	64718.938234795896
-1523.6390690475769	3.354451655230425	10.0	0.0	0.001	0.12509605511613087	64718.938234795896
-1523.6395679849643	3.3547793378174897	10.0	0.0	0.001	0.1250642149612951	64718.938234795896
-1523.6390162766343	3.354393983280348	9.999999999999998	0.0	0.001	0.12511074354221802	64718.938234795896
-1523.6389244587428	3.3543569741450914	10.0	0.0	0.001	0.12511141997812503	64718.938234795896
-1523.6386707093432	3.3545112827553805	10.0	0.0	0.001	0.125106653875129	64718.938234795896
-1523.6389730079388	3.354339649040443	10.0	0.0	0.001	0.12511311027221417	64718.938234795896
-1523.6388915230777	3.3545078757114366	10.0	0.0	0.001	0.12511394263345366	64718.938234795896
-1523.6389980379922	3.3544136621673797	10.0	0.0	0.001	0.1251033191186072	64718.938234795896
-1523.6392166327114	3.3543076496816537	10.0	0.0	0.001	0.1251495392497365	64718.938234795896
-1523.639013433854	3.354517209139764	10.0	0.0	0.001	0.12510859766734947	64718.938234795896
-1523.6388762238162	3.354397341062486	10.0	0.0	0.001	0.12511055344597757	64718.938234795896
-1523.6388931410925	3.3544640160711783	10.0	0.0	0.001	0.1251146454984927	64718.938234795896
-1523.6389197061344	3.3548132666519277	10.0	0.0	0.001	0.12511813095027288	64718.938234795896
-1523.6388203374368	3.354513616680707	10.0	0.0	0.001	0.12509269763776631	64718.938234795896
-1523.6389845171989	3.3543148920949544	10.0	0.0	0.001	0.12511622321623406	64718.938234795896
-1523.6385671282442	3.3543344521708094	10.0	0.0	0.001	0.12510204872456426	64718.938234795896
-1523.6388995543043	3.354727274782047	10.0	0.0	0.001	0.12511133360861476	64718.938234795896
-1523.6391413003957	3.3545753852174176	10.0	0.0	0.001	0.12511922344975257	64718.938234795896
-1523.6389748576025	3.3543503699919595	10.0	0.0	0.001	0.12511021560474242	64718.938234795896
-1523.6390626668158	3.3548918723791217	9.999999999999966	0.0	0.001	0.1250966691958227	64718.938234795896
-1523.6389813766482	3.3546754431830728	10.0	0.0	0.001	0.1251074242216915	64718.938234795896
-1523.6390707054452	3.354335255143681	10.0	0.0	0.001	0.12511318706601715	64718.938234795896
-1523.639035244401	3.3540046338100145	10.0	0.0	0.001	0.12510839233154641	64718.938234795896
-1523.6392751732005	3.354780325255689	10.0	0.0	0.001	0.12507953833935617	64718.938234795896
-1523.6390666177626	3.3546874269564007	10.0	0.0	0.001	0.12510971609414506	64718.938234795896
-1523.6390809668053	3.3543381765552733	10.0	0.0	0.001	0.12510231425537643	64718.938234795896
-1523.6389841918262	3.3544798675660275	10.0	0.0	0.001	0.12510674250858736	64718.938234795896
-1523.6390510872893	3.3549384221527947	10.0	0.0	0.001	0.1250998644641358	64718.938234795896
-1523.6389484264337	3.3545360391251613	10.0	0.0	0.001	0.12511841735342233	64718.938234795896
-1523.6388656659865	3.354419590451684	10.0	0.0	0.001	0.1250944951768838	64718.938234795896
-1523.6392195257745	3.354264790749229	10.0	0.0	0.001	0.1250872868118996	64718.938234795896
-1523.6389793806898	3.3538954473775133	10.0	0.0	0.001	0.12509493026196414	64718.938234795896
-1523.6390739239596	3.3544205071568283	10.0	0.0	0.001	0.12511679811932117	64718.938234795896
-1523.6385095852215	3.3545150120401623	10.0	0.0	0.001	0.1251134890728542	64718.938234795896
-1523.6388120306092	3.354671685451067	10.0	0.0	0.001	0.12509978013351541	64718.938234795896
-1523.639002435163	3.354660102332039	10.000000000000002	0.0	0.001	0.12511431294068104	64718.938234795896
-1523.6390680911366	3.35496185763989	10.0	0.0	0.001	0.12512898119621005	64718.938234795896
-1523.6390562476345	3.354403922712325	10.0	0.0	0.001	0.12508560924314172	64718.938234795896
-1523.6388230707632	3.354208596953909	10.0	0.0	0.001	0.12512110760128842	64718.938234795896
-1523.638636997792	3.3544410274400387	10.0	0.0	0.001	0.1251091708604411	64718.938234795896
-1523.6390517402242	3.3543769534341594	10.0	0.0	0.001	0.1250973671046976	64718.938234795896
-1523.6390197845308	3.3545391306721473	10.0	0.0	0.001	0.1251167220166628	64718.938234795896
-1523.6393170057459	3.354245131979443	10.0	0.0	0.001	0.12514755264869504	64718.938234795896
-1523.6389051233573	3.3539843967992486	10.0	0.0	0.001	0.1251138320932163	64718.938234795896
-1523.639177584621	3.3543969057881013	10.0	0.0	0.001	0.12513099699126498	64718.938234795896
-1523.6389953364624	3.3544684321330136	10.0	0.0	0.001	0.1251009327402263	64718.938234795896
-1523.6389960366298	3.3546055772439685	10.0	0.0	0.001	0.1251089846294415	64718.938234795896
-1523.639021084525	3.354835185686401	10.0	0.0	0.001	0.1251044843416171	64718.938234795896
-1523.6391017461078	3.3543656000418807	10.0	0.0	0.001	0.12511879380407886	64718.938234795896
-1523.6393107864506	3.3547882291148516	10.0	0.0	0.001	0.12508214852937943	64718.938234795896
-1523.6387216533217	3.3546193760379777	10.0	0.0	0.001	0.12510474047359244	64718.938234795896
-1523.6388986420839	3.3544457951830213	10.0	0.0	0.001	0.1251171282424422	64718.938234795896
-1523.6388445733915	3.354396961998874	10.0	0.0	0.001	0.12510795876457706	64718.938234795896
-1523.6390631360202	3.3544051778485975	10.0	0.0	0.001	0.1250846154623708	64718.938234795896
-1523.6389095588738	3.3544360205291115	10.0	0.0	0.001	0.1251176136405706	64718.938234795896
-1523.6388300211304	3.35439034601582	10.0	0.0	0.001	0.1251322858121556	64718.938234795896
-1523.638975280123	3.354282628019708	10.0	0.0	0.001	0.1251287385832698	64718.938234795896
-1523.6390217807325	3.3545160392140505	10.0	0.0	0.001	0.12510386427099948	64718.938234795896
-1523.6390726637624	3.3545565705916567	9.999999999999998	0.0	0.001	0.12511644443786094	64718.938234795896
-1523.6387454044539	3.3544267862127946	10.0	0.0	0.001	0.1251214501094465	64718.938234795896
-1523.6387985502065	3.3543647860682984	10.0	0.0	0.001	0.12510982618056396	64718.938234795896
-1523.6387476195773	3.354388879762803	10.0	0.0	0.001	0.1251221342292516	64718.938234795896
-1523.6390459688914	3.3543699881579294	10.0	0.0	0.001	0.125112304536937	64718.938234795896
-1523.6389170401976	3.3544752819869132	10.0	0.0	0.001	0.1251067715517735	64718.938234795896
-1523.6390210819407	3.3544755972609064	10.0	0.0	0.001	0.125105695992903	64718.938234795896
-1523.638646778812	3.3541478946557453	10.0	0.0	0.001	0.12512751342763764	64718.938234795896
-1523.639054316905	3.3547825123638755	10.0	0.0	0.001	0.12509836408899083	64718.938234795896
-1523.6390698331425	3.354401081075087	10.0	0.0	0.001	0.12510987208834493	64718.938234795896
-1523.6387703070832	3.354630379253669	10.0	0.0	0.001	0.12512231645696975	64718.938234795896
-1523.6389901929194	3.3542889589162184	10.0	0.0	0.001	0.12510709868161432	64718.938234795896
-1523.639233876009	3.354937343817875	10.0	0.0	0.001	0.1251355313144062	64718.938234795896
-1523.639077546455	3.3544965553954667	10.0	0.0	0.001	0.12511476470046992	64718.938234795896
-1523.638935587582	3.354512112367522	10.0	0.0	0.001	0.1251260274479983	64718.938234795896
-1523.6388661550754	3.3546820939906623	10.0	0.0	0.001	0.12510883656032334	64718.938234795896
-1523.6448903110295	3.3544841210213843	10.0	0.0	0.001	0.12526810971047106	64718.938234795896
-1523.6387789892933	3.3544665300371173	10.0	0.0	0.001	0.12511181527591356	64718.938234795896
-1523.6386211546308	3.3547054961289993	10.0	0.0	0.001	0.12511854462334196	64718.938234795896
-1523.639114677198	3.3540644148383647	10.0	0.0	0.001	0.12510686714595398	64718.938234795896
-1523.6389046126433	3.3542080211533665	10.0	0.0	0.001	0.12511383865320036	64718.938234795896
-1523.6390320821463	3.354240314874132	10.0	0.0	0.001	0.1251129264016964	64718.938234795896
-1523.639081201277	3.354568836910656	10.0	0.0	0.001	0.12513807681466743	64718.938234795896
-1523.6389586238413	3.354403654764052	10.0	0.0	0.001	0.12511827388798896	64718.938234795896
-1523.6390776170747	3.354391293463076	10.0	0.0	0.001	0.12508559762593632	64718.938234795896
-1523.6389319395953	3.3543411042930193	10.0	0.0	0.001	0.12511836161027493	64718.938234795896
-1523.6389344847328	3.3543247446415267	10.0	0.0	0.001	0.12510760469485577	64718.938234795896
-1523.6378611560085	3.354704975869656	10.0	0.0	0.001	0.12510393725227908	64718.938234795896
-1523.638961824877	3.3546179075593696	10.0	0.0	0.001	0.1251281294004529	64718.938234795896
-1523.6390406223304	3.354533132132284	10.0	0.0	0.001	0.12512334488699767	64718.938234795896
-1523.6389392295405	3.3542033704413603	10.0	0.0	0.001	0.12509028655105017	64718.938234795896
-1523.639050006854	3.3540419553749556	10.0	0.0	0.001	0.12509419421786686	64718.938234795896
-1523.6391709373356	3.3546514783364243	10.0	0.0	0.001	0.12507474055217355	64718.938234795896
-1523.6388955858747	3.3542014453586653	10.0	0.0	0.001	0.12512893621459464	64718.938234795896
-1523.6389973110129	3.354379683041799	10.0	0.0	0.001	0.12510184708992225	64718.938234795896
-1523.6388919758597	3.355301892084319	10.0	0.0	0.001	0.12513568970944794	64718.938234795896
-1523.6389473553977	3.35431324540586	10.0	0.0	0.001	0.1251034967568175	64718.938234795896
-1523.6390133804848	3.3543377139823174	10.0	0.0	0.001	0.12509014094831072	64718.938234795896
-1523.6382083890298	3.354293998520183	10.0	0.0	0.001	0.12511778733984277	64718.938234795896
-1523.6388936010226	3.354478757783494	10.0	0.0	0.001	0.12511919039927133	64718.938234795896
-1523.6389553228482	3.3543671431420883	10.0	0.0	0.001	0.12510937475214073	64718.938234795896
-1523.6388596728043	3.3545563804687317	10.0	0.0	0.001	0.12510121245543254	64718.938234795896
-1523.638536723889	3.354462457679899	10.0	0.0	0.001	0.12511521478269383	64718.938234795896
-1523.638901255586	3.354328200713677	10.0	0.0	0.001	0.1251162478711994	64718.938234795896
-1523.6389190935997	3.3543486919043337	10.0	0.0	0.001	0.1251095306969744	64718.938234795896
-1523.6392079290513	3.355150976388846	10.0	0.0	0.001	0.12511871120435325	64718.938234795896
-1523.6390024288114	3.3542762473148846	10.0	0.0	0.001	0.12511206100396582	64718.938234795896
-1523.638871487101	3.3543956866662143	10.0	0.0	0.001	0.12510959083403245	64718.938234795896
-1523.6390533839767	3.354347377475497	10.0	0.0	0.001	0.1250923906194	64718.938234795896
-1523.6390453843103	3.3547413546569143	10.0	0.0	0.001	0.12511124661416698	64718.938234795896
-1523.638394555935	3.3545302434347235	10.0	0.0	0.001	0.12513781169920452	64718.938234795896
-1523.639039518787	3.3547942846410534	10.0	0.0	0.001	0.12510753236926958	64718.938234795896
-1523.6390419088912	3.3544248269478985	10.0	0.0	0.001	0.1251188167030695	64718.938234795896
-1523.6390368869468	3.3544085579471314	10.0	0.0	0.001	0.1251103585455274	64718.938234795896
-1523.6390729598013	3.354297426268882	10.0	0.0	0.001	0.1251249759024202	64718.938234795896
-1523.6391551957593	3.3541227492872947	10.0	0.0	0.001	0.12509593747994852	64718.938234795896
-1523.6393153923432	3.354598197620009	10.0	0.0	0.001	0.1251470169344907	64718.938234795896
-1523.6390519933602	3.354339844987952	10.0	0.0	0.001	0.12509153796269687	64718.938234795896
-1523.6390848084275	3.354513600191216	10.0	0.0	0.001	0.12510222666923182	64718.938234795896
-1523.63902365284	3.3544718377067815	10.0	0.0	0.001	0.12511725327564202	64718.938234795896
-1523.638884308082	3.3547323510895635	10.0	0.0	0.001	0.1250997671868555	64718.938234795896
-1523.6391041168515	3.3544543890267735	10.0	0.0	0.001	0.12511572871657548	64718.938234795896
-1523.638907428849	3.3544138053335333	10.0	0.0	0.001	0.12511653886684135	64718.938234795896
-1523.639686815665	3.354646780828266	10.0	0.0	0.001	0.12517057872953846	64718.938234795896
-1523.6390292136111	3.35418093360825	10.0	0.0	0.001	0.1250981549486042	64718.938234795896
-1523.6388301390407	3.354374192967346	10.0	0.0	0.001	0.12511681502802163	64718.938234795896
-1523.639048791863	3.354108264423349	10.0	0.0	0.001	0.1251095190888985	64718.938234795896
-1523.639052517913	3.354744459570003	9.999999999999998	0.0	0.001	0.1251114986226829	64718.938234795896
-1523.639016172473	3.354312632637471	10.0	0.0	0.001	0.12513818934153215	64718.938234795896
-1523.6390391429654	3.3540283749276756	10.0	0.0	0.001	0.12512436306630978	64718.938234795896
-1523.6389250916889	3.3540949371441453	10.0	0.0	0.001	0.12514193956130623	64718.938234795896
-1523.638963035494	3.3542751564344973	10.0	0.0	0.001	0.12510150607516968	64718.938234795896
-1523.638795193012	3.354511877247768	10.0	0.0	0.001	0.12511289664353106	64718.938234795896
-1523.6390644400494	3.3542066592016115	10.0	0.0	0.001	0.12511870826913246	64718.938234795896
-1523.6390445131433	3.3545080267868865	10.0	0.0	0.001	0.1251227002179343	64718.938234795896
-1523.6390127967775	3.354324482534056	10.0	0.0	0.001	0.12511346438907894	64718.938234795896
-1523.6390308822074	3.354482297926692	10.0	0.0	0.001	0.12512503842249004	64718.938234795896
-1523.639105317473	3.35443149689508	10.0	0.0	0.001	0.12510805749644385	64718.938234795896
-1523.6387610994213	3.3541913160672756	10.0	0.0	0.001	0.12511972670275237	64718.938234795896
-1523.639040181871	3.3544702278099408	10.0	0.0	0.001	0.1250998545971353	64718.938234795896
-1523.6390176670047	3.3543824978307013	10.000000000000002	0.0	0.001	0.1250896451841162	64718.938234795896
-1523.639322713996	3.3544793406266527	10.0	0.0	0.001	0.1251567938643716	64718.938234795896
-1523.6390251108273	3.354463143672239	10.0	0.0	0.001	0.1251127201516168	64718.938234795896
-1523.6388076319527	3.3543722166191574	10.0	0.0	0.001	0.1251159773681271	64718.938234795896
-1523.6390729548496	3.3545666221542776	10.0	0.0	0.001	0.12513687838810209	64718.938234795896
-1523.6389547014833	3.354425418743716	10.0	0.0	0.001	0.12509492770245884	64718.938234795896
-1523.6388989663685	3.354496324681855	10.0	0.0	0.001	0.12511131322376168	64718.938234795896
-1523.6389607567526	3.354528088206537	10.0	0.0	0.001	0.12512007179232398	64718.938234795896
-1523.6389562583754	3.354495512395076	10.0	0.0	0.001	0.1251005580547126	64718.938234795896
-1523.6390411640157	3.3544760670522336	10.0	0.0	0.001	0.12513362243894988	64718.938234795896
-1523.6389567760048	3.3544331545564186	10.0	0.0	0.001	0.12511322002711522	64718.938234795896
-1523.639010020402	3.3542344906386807	10.0	0.0	0.001	0.125115680503334	64718.938234795896
-1523.6390470983536	3.35398905641402	10.0	0.0	0.001	0.12511718526890914	64718.938234795896
-1523.6389194368912	3.3546442374317484	10.0	0.0	0.001	0.12510276945805734	64718.938234795896
-1523.6391760529564	3.354547543804919	10.0	0.0	0.001	0.12512685642586643	64718.938234795896
-1523.6390409613175	3.3546328684576614	10.0	0.0	0.001	0.1251129426628923	64718.938234795896
-1523.6390204309869	3.3543577382675354	10.0	0.0	0.001	0.1251319068587221	64718.938234795896
-1523.638999775968	3.3548076933960296	10.0	0.0	0.001	0.12512798066361216	64718.938234795896
-1523.6388979038338	3.354402570041148	10.0	0.0	0.001	0.12511643813330087	64718.938234795896
-1523.6391762895107	3.354555231515692	10.000000000000002	0.0	0.001	0.12513421334822425	64718.938234795896
-1523.6390505076934	3.3547470928204928	10.0	0.0	0.001	0.12511726990547833	64718.938234795896
-1523.6390744619284	3.354747691394044	10.0	0.0	0.001	0.1251172883477881	64718.938234795896
-1523.6390300122032	3.354385289711901	10.0	0.0	0.001	0.1251228257580124	64718.938234795896
-1523.6387028383429	3.3540735194998246	10.0	0.0	0.001	0.12514216373398981	64718.938234795896
-1523.6397132470863	3.3544138136187027	10.0	0.0	0.001	0.1250533025091716	64718.938234795896
-1523.6388373393684	3.354514695405124	10.000000000000002	0.0	0.001	0.1251086986041967	64718.938234795896
-1523.63906850778	3.3549951574530454	10.0	0.0	0.001	0.12511898306499775	64718.938234795896
-1523.6389965676549	3.3544434017768876	10.0	0.0	0.001	0.12511161407553842	64718.938234795896
-1523.6390320952337	3.354191421280127	10.0	0.0	0.001	0.12509080957765326	64718.938234795896
-1523.638972484674	3.353989101071875	10.0	0.0	0.001	0.12510308019581184	64718.938234795896
-1523.6389150578018	3.3544033957181862	10.0	0.0	0.001	0.12510875227940682	64718.938234795896
-1523.6389376880124	3.354246566769663	10.0	0.0	0.001	0.1251174635527971	64718.938234795896
-1523.6388529312017	3.3545798091881953	10.0	0.0	0.001	0.1250908163223387	64718.938234795896
-1523.6389202711966	3.3543844204782216	10.0	0.0	0.001	0.1251246441149012	64718.938234795896
-1523.6390144361826	3.354131918014869	10.0	0.0	0.001	0.12512207663719233	64718.938234795896
-1523.6390336437946	3.3546616273645755	10.0	0.0	0.001	0.1251233789440586	64718.938234795896
-1523.638799283387	3.354400636016124	10.0	0.0	0.001	0.125110454902542	64718.938234795896
-1523.6388833989981	3.3546216487395535	10.0	0.0	0.001	0.12510871418119926	64718.938234795896
-1523.6389085532162	3.354403385756145	10.0	0.0	0.001	0.1251014525614453	64718.938234795896
-1523.639103139897	3.354366527080678	10.0	0.0	0.001	0.12511887869580784	64718.938234795896
-1523.6387800405992	3.354522214328794	10.0	0.0	0.001	0.12511852079486063	64718.938234795896
-1523.6389626716004	3.3545885501347943	10.0	0.0	0.001	0.12509907512349575	64718.938234795896
-1523.6411827796344	3.3545275066202285	10.0	0.0	0.001	0.12520789212429734	64718.938234795896
-1523.6395806808457	3.354348751836356	10.0	0.0	0.001	0.12506080524946164	64718.938234795896
-1523.6391174190976	3.354284797460936	10.0	0.0	0.001	0.12511377874367127	64718.938234795896
-1523.6395987635424	3.354370573486983	10.0	0.0	0.001	0.12516218380441096	64718.938234795896
-1523.6391974034686	3.3543176422143346	10.0	0.0	0.001	0.12508747752478624	64718.938234795896
-1523.6389957911365	3.3544994322921693	10.0	0.0	0.001	0.1251026097034787	64718.938234795896
-1523.6389838005307	3.3544218038913014	10.0	0.0	0.001	0.12513944321238504	64718.938234795896
-1523.638699200349	3.3542621751818396	9.999999999999998	0.0	0.001	0.1251289555489991	64718.938234795896
-1523.639106214042	3.354464081681747	10.0	0.0	0.001	0.12508067455479846	64718.938234795896
-1523.639084090686	3.354656810888291	10.0	0.0	0.001	0.12513395314161982	64718.938234795896
-1523.6392435153498	3.354237081966602	10.0	0.0	0.001	0.12508566136397342	64718.938234795896
-1523.6390539203835	3.3545453172705657	10.0	0.0	0.001	0.12512238869431244	64718.938234795896
-1523.6390579905026	3.3541494978603343	10.0	0.0	0.001	0.12511748534025466	64718.938234795896
-1523.6389883374168	3.3543509013675425	9.999999999999998	0.0	0.001	0.12512319109864556	64718.938234795896
-1523.6390517165162	3.354553313486097	10.0	0.0	0.001	0.1251159748211007	64718.938234795896
-1523.6390707811704	3.354356999724	10.0	0.0	0.001	0.12510633344885422	64718.938234795896
-1523.6389606374987	3.3543742566360217	10.0	0.0	0.001	0.125105573634213	64718.938234795896
-1523.6389724082371	3.3544562548041252	10.0	0.0	0.001	0.12512183867278345	64718.938234795896
-1523.6387354674976	3.354415427022829	10.0	0.0	0.001	0.1251117923236899	64718.938234795896
-1523.6390822652165	3.354284568252723	10.0	0.0	0.001	0.1251074310762136	64718.938234795896
-1523.6392130995853	3.354206185679038	10.0	0.0	0.001	0.1250864373045418	64718.938234795896
-1523.63878199591	3.3543790445542787	10.0	0.0	0.001	0.12510150588534222	64718.938234795896
-1523.6389368763716	3.354409988892444	10.0	0.0	0.001	0.12512679602866356	64718.938234795896
-1523.6392243892562	3.354718848955979	10.0	0.0	0.001	0.12513424927077	64718.938234795896
-1523.6389940740976	3.354708447810944	10.0	0.0	0.001	0.12509334600730687	64718.938234795896
-1523.6390400441533	3.3544212820566717	10.0	0.0	0.001	0.12507795774309	64718.938234795896
-1523.6388523036662	3.354651054168205	10.0	0.0	0.001	0.125097927105048	64718.938234795896
-1523.6389402332256	3.3546588446182897	10.0	0.0	0.001	0.12511260455605372	64718.938234795896
-1523.639010696193	3.3546447884243147	10.0	0.0	0.001	0.12512361417462192	64718.938234795896
-1523.6387677698597	3.3543979574470515	10.0	0.0	0.001	0.1250980818544589	64718.938234795896
-1523.6389024205168	3.354416093706172	10.0	0.0	0.001	0.12507969188020274	64718.938234795896
-1523.6388922452204	3.3544299753134177	10.0	0.0	0.001	0.12509625339775957	64718.938234795896
-1523.6390339428672	3.354530257699097	10.0	0.0	0.001	0.1251151034051748	64718.938234795896
-1523.6389175752565	3.354400542496058	10.0	0.0	0.001	0.12510160615338076	64718.938234795896
-1523.6391077233106	3.35437029555723	10.0	0.0	0.001	0.12509027489885838	64718.938234795896
-1523.6389201273446	3.3543872146825877	10.0	0.0	0.001	0.12511932006587823	64718.938234795896
-1523.6390552984815	3.3545329972824107	10.0	0.0	0.001	0.12511133767843555	64718.938234795896
-1523.6389818483394	3.3546357819947827	10.0	0.0	0.001	0.12510827639188862	64718.938234795896
-1523.6390146183535	3.3543903819011516	10.0	0.0	0.001	0.12510695860108093	64718.938234795896
-1523.638925310117	3.3543308924784645	10.0	0.0	0.001	0.12511881665242128	64718.938234795896
-1523.6389251296096	3.3543653419855977	10.0	0.0	0.001	0.12510845557827188	64718.938234795896
-1523.6388387872967	3.3544688204698585	10.0	0.0	0.001	0.12510514804249157	64718.938234795896
-1523.6388844353235	3.3547313466141153	10.0	0.0	0.001	0.12510981478907196	64718.938234795896
-1523.6390750542716	3.3545151247763028	10.0	0.0	0.001	0.1251264672924925	64718.938234795896
-1523.6390292798073	3.3545866036268945	10.0	0.0	0.001	0.12510602849330088	64718.938234795896
-1523.6390916735497	3.3542466623961262	10.0	0.0	0.001	0.1251145435769173	64718.938234795896
-1523.6390924162813	3.3544004307132878	10.0	0.0	0.001	0.12511164103909916	64718.938234795896
-1523.6389627834694	3.3543023195675676	9.999999999999998	0.0	0.001	0.12509972539382777	64718.938234795896
-1523.639083111113	3.3543863058537973	10.0	0.0	0.001	0.12512144168673336	64718.938234795896
-1523.6390803872546	3.3547786320354342	10.0	0.0	0.001	0.12511649269809072	64718.938234795896
-1523.6390526484406	3.3547950195651626	10.0	0.0	0.001	0.12513162241494372	64718.938234795896
-1523.6388799693302	3.3546920453220324	10.0	0.0	0.001	0.1251191947811619	64718.938234795896
-1523.6390305868217	3.354148145773952	10.0	0.0	0.001	0.1251121924507733	64718.938234795896
-1523.6525468003892	3.354809266329786	10.0	0.0	0.001	0.12487680591361483	64718.938234795896
-1523.6389756289043	3.3540932253122304	10.0	0.0	0.001	0.12511150837544374	64718.938234795896
-1523.6389555486874	3.3544938080950755	10.0	0.0	0.001	0.12511525078105015	64718.938234795896
-1523.6387223935662	3.354569756959844	10.0	0.0	0.001	0.12509653700589138	64718.938234795896
-1523.6390173475675	3.354338690694406	10.0	0.0	0.001	0.12512318532290756	64718.938234795896
-1523.638875661562	3.3542758893649984	10.0	0.0	0.001	0.12511019419423577	64718.938234795896
-1523.6388763429577	3.354622683669515	10.0	0.0	0.001	0.12513201475511546	64718.938234795896
-1523.6386971166355	3.3540125812510158	10.0	0.0	0.001	0.12511357557014102	64718.938234795896
-1523.639058817007	3.35448552672402	10.0	0.0	0.001	0.12511672262297036	64718.938234795896
-1523.639091916828	3.35442906823235	10.0	0.0	0.001	0.12511270160700355	64718.938234795896
-1523.6390591976087	3.3542830495679463	10.0	0.0	0.001	0.12509862102201005	64718.938234795896
-1523.6390592429418	3.3546199405365296	10.0	0.0	0.001	0.1251079836061625	64718.938234795896
-1523.6390624311887	3.3543245502451695	10.0	0.0	0.001	0.12510322669389123	64718.938234795896
-1523.639015579327	3.3543276946951797	10.0	0.0	0.001	0.12511317765780447	64718.938234795896
-1523.6389638567073	3.354414411787226	10.0	0.0	0.001	0.12510732867663318	64718.938234795896
-1523.6395061571343	3.3546166428644435	10.0	0.0	0.001	0.12506324944922914	64718.938234795896
-1523.6396416566704	3.3547649730238187	10.0	0.0	0.001	0.12505659598350924	64718.938234795896
-1523.6389127396758	3.3544454730241138	10.0	0.0	0.001	0.1250946476820107	64718.938234795896
-1523.639109782171	3.354525021003557	10.0	0.0	0.001	0.12510329399859207	64718.938234795896
-1523.6390469758044	3.3544541036657547	10.0	0.0	0.001	0.1251140370765991	64718.938234795896
-1523.6390262171194	3.354124952114239	10.0	0.0	0.001	0.12510137912024913	64718.938234795896
-1523.6390676543992	3.3543470835894342	10.0	0.0	0.001	0.12512599885581344	64718.938234795896
-1523.6395506677175	3.3547571423217906	10.0	0.0	0.001	0.12506945572296016	64718.938234795896
-1523.6391971991584	3.354199553427056	10.0	0.0	0.001	0.1251369042138884	64718.938234795896
-1523.6390592743692	3.354409417592534	10.0	0.0	0.001	0.12510728280049294	64718.938234795896
-1523.6390100091216	3.354280227819861	10.0	0.0	0.001	0.1251330073104618	64718.938234795896
-1523.6390868541157	3.354501747839595	10.0	0.0	0.001	0.1250995374605128	64718.938234795896
-1523.6388813539165	3.354292104002052	10.0	0.0	0.001	0.12512826196068463	64718.938234795896
-1523.6385963548973	3.3544444003756566	10.0	0.0	0.001	0.1251012153621956	64718.938234795896
-1523.6391543842583	3.354222526849562	10.0	0.0	0.001	0.12510665506582344	64718.938234795896
-1523.638860852152	3.3544218611426175	10.0	0.0	0.001	0.12511646508786795	64718.938234795896
-1523.638594507208	3.3545351558731924	10.0	0.0	0.001	0.1251273963819782	64718.938234795896
-1523.6390112622037	3.3544727732317328	9.999999999999998	0.0	0.001	0.12510470385869105	64718.938234795896
-1523.6390814735619	3.354317157820488	10.0	0.0	0.001	0.12513265339498253	64718.938234795896
-1523.638977460535	3.3537381474041266	10.000000000000002	0.0	0.001	0.12510082642497983	64718.938234795896
-1523.6389700184245	3.354822190582896	10.0	0.0	0.001	0.12509610520733128	64718.938234795896
-1523.6390560819816	3.354393435463189	10.0	0.0	0.001	0.12508564398533956	64718.938234795896
-1523.6391627737366	3.3539089036264857	10.0	0.0	0.001	0.1250855196690488	64718.938234795896
-1523.6387422477233	3.3544447964921047	10.0	0.0	0.001	0.1251073171800755	64718.938234795896
-1523.6389264466673	3.3542157743162293	10.0	0.0	0.001	0.12510880264575014	64718.938234795896
-1523.6390738029656	3.354284877147988	10.0	0.0	0.001	0.12510025453200993	64718.938234795896
-1523.6387500931687	3.3539514287240877	10.0	0.0	0.001	0.12511213891761347	64718.938234795896
-1523.6390161273675	3.354397720826843	10.0	0.0	0.001	0.12511397020924506	64718.938234795896
-1523.6391282964355	3.3546703455960474	10.0	0.0	0.001	0.12508858039030368	64718.938234795896
-1523.6389885881679	3.3549907296119565	10.0	0.0	0.001	0.12509656273022435	64718.938234795896
-1523.6390593092879	3.3542941580429306	10.0	0.0	0.001	0.12511446674008306	64718.938234795896
-1523.63907224704	3.354391255043353	9.999999999999998	0.0	0.001	0.12511728560031188	64718.938234795896
-1523.6388594819841	3.354310277807853	10.0	0.0	0.001	0.1251103210681182	64718.938234795896
-1523.6392095152316	3.354359145338912	10.0	0.0	0.001	0.1251462154482981	64718.938234795896
-1523.6389331744292	3.354533899387292	10.0	0.0	0.001	0.1251212893257895	64718.938234795896
-1523.6391061594354	3.3540588714219237	10.0	0.0	0.001	0.12510777867764344	64718.938234795896
-1523.6391482609802	3.3544976035096075	10.0	0.0	0.001	0.12511614720694197	64718.938234795896
-1523.6391457429652	3.353983489356103	10.0	0.0	0.001	0.12515498586040014	64718.938234795896
-1523.6394982742859	3.3544941647743634	10.0	0.0	0.001	0.12506756144787454	64718.938234795896
-1523.6391262742152	3.353807707540599	10.0	0.0	0.001	0.125112832629996	64718.938234795896
-1523.638837177772	3.3543630818907326	9.999999999999998	0.0	0.001	0.12511245090462328	64718.938234795896
-1523.6392414281256	3.354788288753391	10.0	0.0	0.001	0.12513984273326828	64718.938234795896
-1523.6390262331117	3.354152054698688	10.0	0.0	0.001	0.12510295450830142	64718.938234795896
-1523.638961524038	3.354655948880875	10.0	0.0	0.001	0.12510560546631755	64718.938234795896
-1523.6389625634824	3.3542187556500624	10.0	0.0	0.001	0.12510647872575031	64718.938234795896
-1523.6390081510467	3.354429994387793	10.0	0.0	0.001	0.1251207080218024	64718.938234795896
-1523.6391174538633	3.3541264232331756	10.0	0.0	0.001	0.1250839451255996	64718.938234795896
-1523.6388379550267	3.3545521346262395	10.0	0.0	0.001	0.12510846092584102	64718.938234795896
-1523.6393129441856	3.354280879016583	10.0	0.0	0.001	0.12509213155623392	64718.938234795896
-1523.6391318555895	3.354193557604866	10.0	0.0	0.001	0.12515058904862586	64718.938234795896
-1523.6389098258387	3.354433912530253	10.0	0.0	0.001	0.12511055464773257	64718.938234795896
-1523.6388909183852	3.354507552361054	10.0	0.0	0.001	0.12509555880819453	64718.938234795896
-1523.6389375977044	3.3548774245998483	10.0	0.0	0.001	0.1251154628799999	64718.938234795896
-1523.6390408648292	3.3539721705912955	10.0	0.0	0.001	0.12510685050675258	64718.938234795896
-1523.638746154314	3.354507121100653	10.0	0.0	0.001	0.12510226987204995	64718.938234795896
-1523.6390828720369	3.3542338510868763	10.0	0.0	0.001	0.1251267459580454	64718.938234795896
-1523.639086019618	3.3547807615588745	10.0	0.0	0.001	0.12509725943319164	64718.938234795896
-1523.639111359209	3.354291937259472	10.0	0.0	0.001	0.12508689841517487	64718.938234795896
-1523.6390033036664	3.353929044319904	10.0	0.0	0.001	0.1251202853643488	64718.938234795896
-1523.6389662318954	3.354460109989536	10.0	0.0	0.001	0.12511597356322912	64718.938234795896
-1523.6389003918184	3.3541189389313724	10.0	0.0	0.001	0.1251124980145175	64718.938234795896
-1523.6389933705927	3.3545321875197276	10.0	0.0	0.001	0.1251093036006764	64718.938234795896
-1523.6390729360542	3.3543605287594787	10.0	0.0	0.001	0.12511675204697673	64718.938234795896
-1523.6389352436418	3.3543589033031265	10.0	0.0	0.001	0.1251042794583766	64718.938234795896
-1523.6390470535175	3.3544862677807665	10.0	0.0	0.001	0.12511297082245018	64718.938234795896
-1523.6388619123009	3.354431455460348	10.0	0.0	0.001	0.1251106991874557	64718.938234795896
-1523.63895924812	3.354437585391252	10.0	0.0	0.001	0.12513784318293653	64718.938234795896
-1523.639087965022	3.3543716241584027	10.0	0.0	0.001	0.1251038622888241	64718.938234795896
-1523.638993608541	3.354332766137352	10.0	0.0	0.001	0.12510554660407275	64718.938234795896
-1523.6389908530055	3.3542375774530497	10.0	0.0	0.001	0.1251260220841111	64718.938234795896
-1523.639108268407	3.3550962681146834	10.0	0.0	0.001	0.12509616843917154	64718.938234795896
-1523.6389547845724	3.3543908532357056	10.0	0.0	0.001	0.12511439376611452	64718.938234795896
-1523.6389975708253	3.354543082404295	10.0	0.0	0.001	0.12510041318542556	64718.938234795896
-1523.6390234786215	3.354469853925313	10.0	0.0	0.001	0.12510688575764628	64718.938234795896
-1523.6387651051923	3.3543112342766523	10.0	0.0	0.001	0.12508370382018422	64718.938234795896
-1523.6387424790003	3.3541522911301445	10.0	0.0	0.001	0.1251128394117448	64718.938234795896
-1523.6389377031091	3.3546743434029147	10.0	0.0	0.001	0.125110549403658	64718.938234795896
-1523.6388486236872	3.3541452407688617	10.0	0.0	0.001	0.12511295626701358	64718.938234795896
-1523.6389742777399	3.354492029414269	10.0	0.0	0.001	0.12510324705018483	64718.938234795896
-1523.6389285968248	3.3544254160930222	10.0	0.0	0.001	0.12511228952245593	64718.938234795896
-1523.6388913264022	3.354883160398914	10.0	0.0	0.001	0.1251118132962382	64718.938234795896
-1523.6399107135887	3.354366606547791	9.999999999999998	0.0	0.001	0.12517758255332043	64718.938234795896
-1523.6390680579698	3.354313933419854	10.0	0.0	0.001	0.12512911915084646	64718.938234795896
-1523.6387460607782	3.35426011371126	10.0	0.0	0.001	0.12511456564269774	64718.938234795896
-1523.639199419164	3.3543376885940335	10.0	0.0	0.001	0.1250942098469351	64718.938234795896
-1523.6382412463636	3.3544278278978803	10.0	0.0	0.001	0.1251207677206356	64718.938234795896
-1523.6400206876494	3.3547368837619946	10.0	0.0	0.001	0.1251747251550152	64718.938234795896
-1523.6437225826603	3.3542733044201	10.0	0.0	0.001	0.12497400706512533	64718.938234795896
-1523.6388390083373	3.3547004048690825	10.0	0.0	0.001	0.1251245957283543	64718.938234795896
-1523.6389074822405	3.3544505243134264	10.0	0.0	0.001	0.12510669712750408	64718.938234795896
-1523.639466591927	3.354220976764266	10.0	0.0	0.001	0.12506368865992049	64718.938234795896
-1523.639179669989	3.3549699347624897	10.0	0.0	0.001	0.12511707628119567	64718.938234795896
-1523.6389955507702	3.3546384379074174	10.0	0.0	0.001	0.12511657813673033	64718.938234795896
-1523.6391005228752	3.3539204747912006	10.0	0.0	0.001	0.12510823034255825	64718.938234795896
-1523.6413226050427	3.353991716023858	10.0	0.0	0.001	0.12520564171748902	64718.938234795896
-1523.639230309477	3.3544170072041073	10.0	0.0	0.001	0.12509074329308514	64718.938234795896
-1523.6389830618264	3.354436890303736	10.0	0.0	0.001	0.1251105245189919	64718.938234795896
-1523.6392273645222	3.3545817542839815	10.0	0.0	0.001	0.12509049367769173	64718.938234795896
-1523.6391349617943	3.3546323230024937	10.0	0.0	0.001	0.12510696383362982	64718.938234795896
-1523.6389360294809	3.3543578352055246	10.000000000000002	0.0	0.001	0.12510727465171545	64718.938234795896
-1523.638979811401	3.3544663822941843	10.0	0.0	0.001	0.12511776687588963	64718.938234795896
-1523.638801130301	3.35428250235503	10.0	0.0	0.001	0.1251061559694005	64718.938234795896
-1523.6388665511843	3.3549823935011553	10.0	0.0	0.001	0.12510914766806822	64718.938234795896
-1523.6435683190412	3.355319823145971	10.0	0.0	0.001	0.12498711743435736	64718.938234795896
-1523.63891836426	3.354284303199718	10.0	0.0	0.001	0.1250934335342824	64718.938234795896
-1523.6389050395007	3.353746882077434	10.0	0.0	0.001	0.125090687231774	64718.938234795896
-1523.6391694179313	3.3545863411705823	10.0	0.0	0.001	0.12508493688990321	64718.938234795896
-1523.6399077435115	3.3544002166490134	10.0	0.0	0.001	0.12505174160648036	64718.938234795896
-1523.6390813017288	3.354254491261275	10.0	0.0	0.001	0.12511880902952638	64718.938234795896
-1523.638995109739	3.3543780733714583	10.0	0.0	0.001	0.1250977769587003	64718.938234795896
-1523.638916408816	3.354484005022288	10.0	0.0	0.001	0.1251245525460098	64718.938234795896
-1523.6415149201725	3.354374943154998	10.0	0.0	0.001	0.12501258428990886	64718.938234795896
-1523.6388910747269	3.3541281581896927	10.0	0.0	0.001	0.12512239612903667	64718.938234795896
-1523.6389196558819	3.3540336552692462	10.0	0.0	0.001	0.12511079606149286	64718.938234795896
-1523.6390504842298	3.354133359409463	10.0	0.0	0.001	0.12510385034759927	64718.938234795896
-1523.639042067412	3.3544526118138043	10.0	0.0	0.001	0.12511992000963368	64718.938234795896
-1523.6392084249665	3.3544476926698334	10.0	0.0	0.001	0.12510368285019063	64718.938234795896
-1523.638800642807	3.3548583526452167	10.0	0.0	0.001	0.1251124705872239	64718.938234795896
-1523.6390779806204	3.3539691195514933	10.0	0.0	0.001	0.12509241915510194	64718.938234795896
-1523.638882124175	3.354105921795432	10.0	0.0	0.001	0.1251239081592559	64718.938234795896
-1523.6391278410472	3.3543154361597667	10.0	0.0	0.001	0.12513103791043528	64718.938234795896
-1523.639013918169	3.354414050327429	10.0	0.0	0.001	0.12512298012116693	64718.938234795896
-1523.6388056727228	3.3543192748857176	10.000000000000002	0.0	0.001	0.12512199793650788	64718.938234795896
-1523.6389037073807	3.3543503812554656	10.0	0.0	0.001	0.1251085589338342	64718.938234795896
-1523.6390264654892	3.354125911647572	10.0	0.0	0.001	0.12510417509557098	64718.938234795896
-1523.6389299034968	3.3542162251057044	10.0	0.0	0.001	0.1251239681066703	64718.938234795896
-1523.6390584773515	3.3541528134291014	10.0	0.0	0.001	0.1250982250348654	64718.938234795896
-1523.6393657969372	3.3540342557643537	10.0	0.0	0.001	0.12516211982302236	64718.938234795896
-1523.6401578749062	3.355170744339407	10.0	0.0	0.001	0.12517880365609954	64718.938234795896
-1523.6390120298468	3.3543561754826294	10.0	0.0	0.001	0.12513574808770492	64718.938234795896
-1523.6389492358169	3.354256337103463	10.0	0.0	0.001	0.12510795126718813	64718.938234795896
-1523.63887074047	3.354266817656069	10.0	0.0	0.001	0.12509934529429473	64718.938234795896
-1523.6389893643384	3.3542004382180943	10.0	0.0	0.001	0.12512011537054799	64718.938234795896
-1523.6389333455381	3.355052690512156	10.0	0.0	0.001	0.12510119028730393	64718.938234795896
-1523.6392393191827	3.3544708205448583	10.0	0.0	0.001	0.12508040783978516	64718.938234795896
-1523.6388727038282	3.3547952409535293	10.0	0.0	0.001	0.12510929939777357	64718.938234795896
-1523.638071705085	3.3541636790069633	10.0	0.0	0.001	0.12510061255452407	64718.938234795896
-1523.6391701467896	3.35442273588503	10.0	0.0	0.001	0.12507896103974636	64718.938234795896
-1523.639082947197	3.3548004356081194	10.0	0.0	0.001	0.12511827092078942	64718.938234795896
-1523.638743357929	3.3544917746776814	10.0	0.0	0.001	0.12509859763550873	64718.938234795896
-1523.639080566518	3.3543974876950893	9.999999999999998	0.0	0.001	0.12508627966532646	64718.938234795896
-1523.6390090420723	3.3544086076761976	10.0	0.0	0.001	0.12510717926488013	64718.938234795896
-1523.6397721453354	3.3546468807947156	10.0	0.0	0.001	0.12505265516234798	64718.938234795896
-1523.639041491313	3.354293040736746	10.0	0.0	0.001	0.12511729720074571	64718.938234795896
-1523.6427565905049	3.3545756918702625	10.0	0.0	0.001	0.12523510484964845	64718.938234795896
-1523.638878135389	3.3544577947816245	10.0	0.0	0.001	0.1251082638095106	64718.938234795896
-1523.6390198884264	3.354391737811508	10.0	0.0	0.001	0.12511373852670238	64718.938234795896
-1523.6388611075038	3.3541929913409887	9.999999859273352	0.0	0.001	0.12510460383075866	64718.938234795896
-1523.6390877484916	3.3540224666078036	10.0	0.0	0.001	0.12513922625686597	64718.938234795896
-1523.6389545794773	3.3542243932972395	10.0	0.0	0.001	0.12512131169177093	64718.938234795896
-1523.6390438288324	3.3544186254382415	10.0	0.0	0.001	0.1251175335349875	64718.938234795896
-1523.639004284883	3.354429318574639	10.0	0.0	0.001	0.12508863736630846	64718.938234795896
-1523.6390114200415	3.354408813426826	10.0	0.0	0.001	0.12511311008622336	64718.938234795896
-1523.6486428647088	3.3546373546979846	10.0	0.0	0.001	0.12531013010784897	64718.938234795896
-1523.638832006588	3.3543717218899727	10.0	0.0	0.001	0.12512599141330838	64718.938234795896
-1523.6387972785305	3.3544305909709613	10.0	0.0	0.001	0.1251067308301328	64718.938234795896
-1523.6387670331271	3.3543601392738602	10.0	0.0	0.001	0.12511544192003693	64718.938234795896
-1523.6390387099152	3.354442769214964	10.0	0.0	0.001	0.12509879171205276	64718.938234795896
-1523.6391406944476	3.3542391339034197	10.0	0.0	0.001	0.12511614939419097	64718.938234795896
-1523.6390792956938	3.354618517140445	10.0	0.0	0.001	0.12511502190586057	64718.938234795896
-1523.6389296598977	3.3542535004012324	10.0	0.0	0.001	0.12510936770772713	64718.938234795896
-1523.638504747127	3.3545378882198866	10.0	0.0	0.001	0.12510957780996765	64718.938234795896
-1523.6398660496266	3.35484065749688	10.0	0.0	0.001	0.12517732342228896	64718.938234795896
-1523.6389871525876	3.3542505024365887	10.0	0.0	0.001	0.12512107829729055	64718.938234795896
-1523.6391561768378	3.3543678915333985	10.0	0.0	0.001	0.12508420466429707	64718.938234795896
-1523.6392599470091	3.3547049610496327	10.0	0.0	0.001	0.1250818358333575	64718.938234795896
-1523.6390274486043	3.3543820883185234	10.0	0.0	0.001	0.12510140238352963	64718.938234795896
-1523.6389865221054	3.3540202193118995	10.0	0.0	0.001	0.12511671082272052	64718.938234795896
-1523.6388292982733	3.354450191161112	10.0	0.0	0.001	0.12511360718025336	64718.938234795896
-1523.6390738432585	3.3546031704363704	10.0	0.0	0.001	0.1251236057415645	64718.938234795896
-1523.6389662964675	3.3542601217666226	9.999999999999998	0.0	0.001	0.12509392155524612	64718.938234795896
-1523.6391306342632	3.3546359056155413	10.0	0.0	0.001	0.12512486136411094	64718.938234795896
-1523.6390618191822	3.353850816625342	10.0	0.0	0.001	0.12510546119657523	64718.938234795896
-1523.63903789092	3.3544979306275757	10.0	0.0	0.001	0.12513772167728146	64718.938234795896
-1523.638842625801	3.3543057504722094	10.0	0.0	0.001	0.12510996246773187	64718.938234795896
-1523.6388574316275	3.3543468818086506	10.0	0.0	0.001	0.12510601692156567	64718.938234795896
-1523.6391273110432	3.3544647040144318	10.0	0.0	0.001	0.12511023263481733	64718.938234795896
-1523.6389349104668	3.354351496586349	10.0	0.0	0.001	0.12509822076446422	64718.938234795896
-1523.6389830208432	3.35435135821529	10.0	0.0	0.001	0.12511135384907024	64718.938234795896
-1523.6390740597913	3.3543734561860954	10.0	0.0	0.001	0.12510852571032693	64718.938234795896
-1523.6391741212801	3.3539136820456745	10.0	0.0	0.001	0.1251223578496236	64718.938234795896
-1523.6390869662941	3.3543391299799317	10.0	0.0	0.001	0.12511098372170168	64718.938234795896
-1523.6389860504823	3.3546793276962186	10.0	0.0	0.001	0.1251329127042284	64718.938234795896
-1523.638812432448	3.3542852986818286	10.0	0.0	0.001	0.1251039899825753	64718.938234795896
-1523.639704241869	3.354661491579598	10.0	0.0	0.001	0.1250557367732287	64718.938234795896
-1523.6390303256812	3.354398669215234	10.0	0.0	0.001	0.12510424637276255	64718.938234795896
-1523.6391557416414	3.3548584117257083	10.0	0.0	0.001	0.12512425038297045	64718.938234795896
-1523.6389979436713	3.354596604225495	10.0	0.0	0.001	0.12509528061011116	64718.938234795896
-1523.6390559180973	3.354304904426192	10.0	0.0	0.001	0.12512617947673957	64718.938234795896
-1523.6389879437834	3.3546717009426463	10.0	0.0	0.001	0.12511068227686928	64718.938234795896
-1523.6389056835526	3.354453217715786	10.0	0.0	0.001	0.12509163616064298	64718.938234795896
-1523.638994240022	3.354568376539474	10.0	0.0	0.001	0.12510492424692354	64718.938234795896
-1523.6395883757673	3.3545159579279153	10.0	0.0	0.001	0.12515810444260686	64718.938234795896
-1523.6389327519767	3.3544489365819614	10.0	0.0	0.001	0.12511399214380794	64718.938234795896
-1523.6390528973052	3.3546823847454204	10.0	0.0	0.001	0.1251089273719787	64718.938234795896
-1523.6390526655564	3.354634892750067	10.0	0.0	0.001	0.12509243871395673	64718.938234795896
-1523.6389759621002	3.353894874440914	10.0	0.0	0.001	0.1251127052280331	64718.938234795896
-1523.6388120571046	3.3542760849652025	10.0	0.0	0.001	0.12510914960579853	64718.938234795896
-1523.639038056679	3.3543699527652255	10.0	0.0	0.001	0.12508709127481257	64718.938234795896
-1523.6390606602556	3.3539857311329153	10.0	0.0	0.001	0.12513029903760703	64718.938234795896
-1523.63868094509	3.3544129585946236	10.0	0.0	0.001	0.12511538866258456	64718.938234795896
-1523.6390109557217	3.3541885635980306	10.0	0.0	0.001	0.12509002962052385	64718.938234795896
-1523.6391301701105	3.3549266728452327	10.0	0.0	0.001	0.12515071986904944	64718.938234795896
-1523.6401175048945	3.3540429089960706	10.0	0.0	0.001	0.12517633034789072	64718.938234795896
-1523.6389696946376	3.354105660073672	10.0	0.0	0.001	0.12511306287800264	64718.938234795896
-1523.6393456021408	3.355126005891878	10.0	0.0	0.001	0.12511157655193667	64718.938234795896
-1523.6389790723208	3.3544921958287803	10.0	0.0	0.001	0.12510369892737025	64718.938234795896
-1523.6389973881473	3.3543550550447483	10.0	0.0	0.001	0.12509756662083282	64718.938234795896
-1523.6390305459918	3.354363975626354	10.0	0.0	0.001	0.125102905775239	64718.938234795896
-1523.6390680334698	3.3544151680315415	10.0	0.0	0.001	0.1251005457937007	64718.938234795896
-1523.6390758943492	3.354238611261487	10.0	0.0	0.001	0.12511419689529985	64718.938234795896
-1523.63875473652	3.3540924520637567	10.0	0.0	0.001	0.12511692819128387	64718.938234795896
-1523.6390148463302	3.354503113520739	10.0	0.0	0.001	0.12513353621086457	64718.938234795896
-1523.6390078117097	3.3544787885665692	10.0	0.0	0.001	0.12512825744843503	64718.938234795896
-1523.6391549550692	3.3548831960243573	10.0	0.0	0.001	0.12512340867887528	64718.938234795896
-1523.6392456940835	3.354135069802822	9.999999999999998	0.0	0.001	0.12506969012754315	64718.938234795896
-1523.6387217771212	3.35437805339247	10.0	0.0	0.001	0.1250960898446402	64718.938234795896
-1523.638953829176	3.3543156084021213	10.0	0.0	0.001	0.1251021949806722	64718.938234795896
-1523.6389969001214	3.354432029582729	10.0	0.0	0.001	0.12510158516200973	64718.938234795896
-1523.638879353508	3.3542085072950893	10.0	0.0	0.001	0.1251018968461237	64718.938234795896
-1523.6389381730073	3.354501483357984	10.0	0.0	0.001	0.12512852744691932	64718.938234795896
-1523.6390358858168	3.3542327308874023	10.0	0.0	0.001	0.12514168657794528	64718.938234795896
-1523.639052187325	3.3541520774224907	10.0	0.0	0.001	0.12510582066055795	64718.938234795896
-1523.6390968654418	3.3544604679539716	10.0	0.0	0.001	0.12511600245584872	64718.938234795896
-1523.638903425897	3.3543979895238984	10.0	0.0	0.001	0.12510035461293684	64718.938234795896
-1523.6390108100336	3.3543927012395836	10.0	0.0	0.001	0.1250956256260065	64718.938234795896
-1523.6389871442225	3.354430313786176	10.0	0.0	0.001	0.12511820490753384	64718.938234795896
-1523.639171205215	3.3546317088441624	10.0	0.0	0.001	0.12508846189052916	64718.938234795896
-1523.639053370981	3.354095832502553	10.0	0.0	0.001	0.12510954911997138	64718.938234795896
-1523.6389846512566	3.35425443416852	10.0	0.0	0.001	0.12510659549329897	64718.938234795896
-1523.63964703304	3.354590632756471	10.0	0.0	0.001	0.12516764454656937	64718.938234795896
-1523.6390316780341	3.3545498354422363	10.0	0.0	0.001	0.12511762341935412	64718.938234795896
-1523.6400226094408	3.354286466286364	10.0	0.0	0.001	0.12503653078641833	64718.938234795896
-1523.6389185134262	3.354300286281591	10.0	0.0	0.001	0.12511517857771629	64718.938234795896
-1523.6391714211577	3.3545749187177085	10.0	0.0	0.001	0.12510374036795938	64718.938234795896
-1523.639102634485	3.3543690228112606	10.0	0.0	0.001	0.12510930978909723	64718.938234795896
-1523.6390638385092	3.354486087464275	10.0	0.0	0.001	0.12512106780838306	64718.938234795896
-1523.639015448045	3.3543959756437216	10.0	0.0	0.001	0.1251054445730978	64718.938234795896
-1523.6390502313675	3.3543021147637293	10.0	0.0	0.001	0.1251209967279911	64718.938234795896
-1523.6389922589078	3.3540900105006557	10.0	0.0	0.001	0.12509434039826903	64718.938234795896
-1523.6390723606755	3.3542004816708837	10.0	0.0	0.001	0.12510637569566127	64718.938234795896
-1523.6412076018698	3.3540416824350094	10.0	0.0	0.001	0.1250150746875821	64718.938234795896
-1523.6387882594818	3.3545836702280387	10.0	0.0	0.001	0.12508179105280737	64718.938234795896
-1523.6388348132157	3.354696395547632	10.0	0.0	0.001	0.12510195450044742	64718.938234795896
-1523.6394283684865	3.355025913864398	10.0	0.0	0.001	0.12507524625647198	64718.938234795896
-1523.6389896921705	3.3543996876899835	10.0	0.0	0.001	0.12510802548340766	64718.938234795896
-1523.6389871809763	3.3542886978855404	10.0	0.0	0.001	0.1251259354942024	64718.938234795896
-1523.6391053437246	3.354654074990751	10.0	0.0	0.001	0.1251098771329726	64718.938234795896
-1523.6389139567968	3.3540695997229135	10.0	0.0	0.001	0.1251011117136729	64718.938234795896
-1523.6389749335428	3.3543965723463667	10.0	0.0	0.001	0.12509252852416183	64718.938234795896
-1523.6388630188408	3.354211448539488	10.0	0.0	0.001	0.12510682287157168	64718.938234795896
-1523.6386759854313	3.3540209557455296	10.0	0.0	0.001	0.12509179346759533	64718.938234795896
-1523.639845678401	3.354509406755684	10.0	0.0	0.001	0.12505467687869867	64718.938234795896
-1523.638893030023	3.3545300800470597	10.0	0.0	0.001	0.12510072914723924	64718.938234795896
-1523.6390003882439	3.3543553476190784	10.0	0.0	0.001	0.12511006588690066	64718.938234795896
-1523.6389956708858	3.3542449999906174	10.0	0.0	0.001	0.1251061264624574	64718.938234795896
-1523.639816404664	3.354914564006196	10.0	0.0	0.001	0.12516720821321925	64718.938234795896
-1523.6392322745683	3.3543910941751047	10.0	0.0	0.001	0.12515182196699487	64718.938234795896
-1523.6390488401153	3.354431755132183	10.0	0.0	0.001	0.1251112767785499	64718.938234795896
-1523.6389012685352	3.354444160853976	10.0	0.0	0.001	0.1251157308219026	64718.938234795896
-1523.6388379691075	3.3546047557109326	10.0	0.0	0.001	0.12510253298468896	64718.938234795896
-1523.638879321515	3.3544614704730886	10.0	0.0	0.001	0.12512190650459337	64718.938234795896
-1523.6391245927318	3.354255510092847	10.0	0.0	0.001	0.12512412201926484	64718.938234795896
-1523.6390305053324	3.3542849169060993	10.0	0.0	0.001	0.1251217755626223	64718.938234795896
-1523.6387795977375	3.354530681237661	10.0	0.0	0.001	0.12511534549050715	64718.938234795896
-1523.6389190716723	3.3544003334438117	10.0	0.0	0.001	0.12511184284155016	64718.938234795896
-1523.6390281996287	3.3541232364086264	10.0	0.0	0.001	0.12512054489451488	64718.938234795896
-1523.6390067705734	3.354465080084066	10.0	0.0	0.001	0.12509409349169945	64718.938234795896
-1523.638889250095	3.354484518033021	10.0	0.0	0.001	0.12511193830360204	64718.938234795896
-1523.639007982672	3.3543784014606346	10.000000000000002	0.0	0.001	0.12509539951468282	64718.938234795896
-1523.6388462107257	3.354633040876326	10.0	0.0	0.001	0.12509817524724243	64718.938234795896
-1523.6390466943403	3.3548189432344184	10.0	0.0	0.001	0.12512163225443015	64718.938234795896
-1523.6390180091826	3.354404816142635	10.0	0.0	0.001	0.1251243373523938	64718.938234795896
-1523.6390981407155	3.353930981607816	10.0	0.0	0.001	0.1251012112674193	64718.938234795896
-1523.6390612019627	3.353992442357344	10.0	0.0	0.001	0.12510753445164371	64718.938234795896
-1523.6385637636558	3.354041393398596	10.0	0.0	0.001	0.12509806432671164	64718.938234795896
-1523.6391863595213	3.354404036525903	10.0	0.0	0.001	0.12509032235762838	64718.938234795896
-1523.6388950879848	3.3543350771556484	10.0	0.0	0.001	0.12510346048816767	64718.938234795896
-1523.638851002803	3.3542930873271306	10.0	0.0	0.001	0.12509617394665834	64718.938234795896
-1523.6389580641546	3.354516419604216	10.0	0.0	0.001	0.12512095483709754	64718.938234795896
-1523.6387918011314	3.3542570809465118	10.0	0.0	0.001	0.12509720482508557	64718.938234795896
-1523.6390455902492	3.354458791699959	10.0	0.0	0.001	0.12510286053294872	64718.938234795896
-1523.6388815373489	3.3544985651004438	10.0	0.0	0.001	0.12512999990575854	64718.938234795896
-1523.6388048592207	3.3540483178852862	10.0	0.0	0.001	0.12509655549965762	64718.938234795896
-1523.6391423470022	3.354240572890534	9.999999999999998	0.0	0.001	0.12511410181928556	64718.938234795896
-1523.6387719258996	3.3544212171898353	10.0	0.0	0.001	0.12511946425601594	64718.938234795896
-1523.639035859854	3.3539345103988496	10.0	0.0	0.001	0.12511402180688008	64718.938234795896
-1523.639589397791	3.3545682310757035	10.0	0.0	0.001	0.12506544320834892	64718.938234795896
-1523.6390225092614	3.3544417505440123	10.0	0.0	0.001	0.1250971225123997	64718.938234795896
-1523.6389499892593	3.354321686306992	10.0	0.0	0.001	0.12512349555334887	64718.938234795896
-1523.6388932006944	3.3545941549046074	10.0	0.0	0.001	0.12510888110979357	64718.938234795896
-1523.6390065831736	3.3543615541769483	10.0	0.0	0.001	0.12511504249817315	64718.938234795896
-1523.6388725787103	3.3543915891017075	10.0	0.0	0.001	0.1251130974874547	64718.938234795896
-1523.6391126186115	3.3543950785705037	10.0	0.0	0.001	0.12511026818259985	64718.938234795896
-1523.6389473149318	3.354484969437999	10.0	0.0	0.001	0.12510262740510203	64718.938234795896
-1523.639559001842	3.3542596134061298	10.0	0.0	0.001	0.12506618362032243	64718.938234795896
-1523.6388153954183	3.354737754034691	10.0	0.0	0.001	0.1251347032048808	64718.938234795896
-1523.638887232669	3.354759758529327	10.0	0.0	0.001	0.12510697807808707	64718.938234795896
-1523.6396706658575	3.3541031327215354	10.0	0.0	0.001	0.125059197815455	64718.938234795896
-1523.6392622278506	3.354312371107247	10.0	0.0	0.001	0.12507919552347588	64718.938234795896
-1523.6413478668826	3.354664517464797	10.0	0.0	0.001	0.12501771764961556	64718.938234795896
-1523.638912259581	3.3540678183327177	10.0	0.0	0.001	0.12511780210339538	64718.938234795896
-1523.6391920225215	3.3545566027603426	10.0	0.0	0.001	0.12511761763925894	64718.938234795896
-1523.638809932812	3.3543956747632633	10.0	0.0	0.001	0.12510212663965678	64718.938234795896
-1523.63897935857	3.354415670293032	10.0	0.0	0.001	0.1250893481520816	64718.938234795896
-1523.6384806333679	3.3544017444131073	10.0	0.0	0.001	0.12511792628816226	64718.938234795896
-1523.6391153871666	3.35419398788297	10.0	0.0	0.001	0.12510202432650055	64718.938234795896
-1523.6389886477468	3.3544370241960983	10.0	0.0	0.001	0.12509991510270482	64718.938234795896
-1523.6391362757713	3.3544078472862227	10.0	0.0	0.001	0.1251297493457217	64718.938234795896
-1523.6390807801731	3.3544238898266268	10.0	0.0	0.001	0.12511634783420925	64718.938234795896
-1523.63902648441	3.354233858495988	10.0	0.0	0.001	0.12511683665818668	64718.938234795896
-1523.6390835006723	3.3549554232712127	10.0	0.0	0.001	0.12511871781419803	64718.938234795896
-1523.6389883386505	3.354165442623882	10.0	0.0	0.001	0.12512341994431533	64718.938234795896
-1523.638842893461	3.3547233189595067	10.0	0.0	0.001	0.1251125198063445	64718.938234795896
-1523.6390667776143	3.354428900578055	10.0	0.0	0.001	0.1250985822699716	64718.938234795896
-1523.638928300002	3.3544403982845394	10.0	0.0	0.001	0.12511315553809987	64718.938234795896
-1523.6388607483882	3.3545354012396467	10.0	0.0	0.001	0.12511069931796567	64718.938234795896
-1523.6390513241904	3.3543653497044663	10.0	0.0	0.001	0.1251104771230611	64718.938234795896
-1523.6388063094755	3.354165719069663	10.0	0.0	0.001	0.1251002150504383	64718.938234795896
-1523.638921523303	3.3545978743072973	10.0	0.0	0.001	0.12511006881034173	64718.938234795896
-1523.638981665704	3.3543470840108194	10.0	0.0	0.001	0.12512098643165556	64718.938234795896
-1523.6390527471315	3.3546520195381504	10.0	0.0	0.001	0.1251116794519927	64718.938234795896
-1523.638457019398	3.354227406862693	10.0	0.0	0.001	0.12512391527588881	64718.938234795896
-1523.639072399832	3.3544409401647513	10.0	0.0	0.001	0.12510071433226513	64718.938234795896
-1523.638976244505	3.354251129031974	10.0	0.0	0.001	0.12511267595261866	64718.938234795896
-1523.639355134941	3.354454741980415	10.0	0.0	0.001	0.12507551445785925	64718.938234795896
-1523.6387812570572	3.3543361906706757	10.0	0.0	0.001	0.1250913912756101	64718.938234795896
-1523.6390209012015	3.354412854972585	10.0	0.0	0.001	0.12509703039461517	64718.938234795896
-1523.6390032929623	3.354278166600468	10.0	0.0	0.001	0.12510364898681084	64718.938234795896
-1523.6389453597367	3.354557147162429	10.0	0.0	0.001	0.1251152421395257	64718.938234795896
-1523.639211535393	3.353739752148683	10.0	0.0	0.001	0.12515409079676135	64718.938234795896
-1523.6390760173886	3.35469353259413	10.0	0.0	0.001	0.12513764908662617	64718.938234795896
-1523.6390515973753	3.35433135423955	10.0	0.0	0.001	0.125103976934932	64718.938234795896
-1523.639050436363	3.354435724928751	10.0	0.0	0.001	0.12509475057474767	64718.938234795896
-1523.63903029236	3.3545535200001355	10.0	0.0	0.001	0.12513955072303487	64718.938234795896
-1523.6390672187838	3.354568945952286	10.0	0.0	0.001	0.12511918993996007	64718.938234795896
-1523.6390691677225	3.35451166233777	10.0	0.0	0.001	0.1251168408188847	64718.938234795896
-1523.6389614201703	3.3544666142756494	10.0	0.0	0.001	0.12511542925247182	64718.938234795896
-1523.639135089927	3.3543553510961743	10.0	0.0	0.001	0.12509456645943218	64718.938234795896
-1523.6390101482996	3.3540295585218987	10.0	0.0	0.001	0.12513665110889097	64718.938234795896
-1523.6389145414344	3.3542304763514	10.0	0.0	0.001	0.12511368243644064	64718.938234795896
-1523.638976703945	3.3545257833752515	10.0	0.0	0.001	0.12512205823382963	64718.938234795896
-1523.638864588006	3.3543002232279426	9.999999999999998	0.0	0.001	0.1251009468976066	64718.938234795896
-1523.6390828498425	3.35436947837684	10.0	0.0	0.001	0.12508535140669	64718.938234795896
-1523.6387719426084	3.3538835602513455	10.0	0.0	0.001	0.12509237504426468	64718.938234795896
-1523.6394823419057	3.354485137916966	10.0	0.0	0.001	0.12515752577511682	64718.938234795896
-1523.6406036536878	3.353595304152578	10.0	0.0	0.001	0.1250187970088682	64718.938234795896
-1523.6390876968478	3.3543506037425876	10.0	0.0	0.001	0.1251076667497892	64718.938234795896
-1523.6389044432835	3.3543301281204974	10.0	0.0	0.001	0.125110759018822	64718.938234795896
-1523.6392565222059	3.354318794735636	10.0	0.0	0.001	0.12508053319211315	64718.938234795896
-1523.6390306009455	3.3539332184478496	10.0	0.0	0.001	0.12509847670084173	64718.938234795896
-1523.6389751843167	3.354014442716629	10.0	0.0	0.001	0.1251113509845652	64718.938234795896
-1523.6390820686993	3.3539948097770673	10.0	0.0	0.001	0.12509192049717816	64718.938234795896
-1523.638817240782	3.354667713965881	10.0	0.0	0.001	0.12509876450557925	64718.938234795896
-1523.6390075738632	3.354391200101268	10.0	0.0	0.001	0.12510987030572016	64718.938234795896
-1523.6390285729963	3.3544004044936866	10.0	0.0	0.001	0.12510036345929712	64718.938234795896
-1523.6389993296573	3.354523117363214	10.0	0.0	0.001	0.1251127738973728	64718.938234795896
-1523.6386079598624	3.3544130085492823	10.0	0.0	0.001	0.12511296441785294	64718.938234795896
-1523.6389554894306	3.354431354966684	10.0	0.0	0.001	0.1251049629230362	64718.938234795896
-1523.6413204660369	3.3546124953326366	10.0	0.0	0.001	0.1252094695471755	64718.938234795896
-1523.639117444752	3.354194692514922	10.0	0.0	0.001	0.12512545267627123	64718.938234795896
-1523.6386839647028	3.3543283794265055	10.0	0.0	0.001	0.12511749462647992	64718.938234795896
-1523.6391696002584	3.354326905475611	10.0	0.0	0.001	0.1251076514893107	64718.938234795896
-1523.6395226723553	3.354028274000939	10.0	0.0	0.001	0.1250770199718179	64718.938234795896
-1523.63955548079	3.354107422257703	10.0	0.0	0.001	0.1250625099619329	64718.938234795896
-1523.6389703553311	3.3543477311213867	10.000000000000002	0.0	0.001	0.12510431736531918	64718.938234795896
-1523.6388326293697	3.3546456880976088	10.0	0.0	0.001	0.1251064990594995	64718.938234795896
-1523.638919406386	3.354206849813979	10.0	0.0	0.001	0.12511780292970723	64718.938234795896
-1523.639146802303	3.3543978879045424	10.0	0.0	0.001	0.12508850917494438	64718.938234795896
-1523.639519296113	3.354405021799199	9.999999999999998	0.0	0.001	0.12505838111568607	64718.938234795896
-1523.639070396065	3.3540374436292164	10.0	0.0	0.001	0.12510027506850868	64718.938234795896
-1523.6388967697242	3.354100967518761	10.0	0.0	0.001	0.12511700713974835	64718.938234795896
-1523.6390221095853	3.354404481522277	10.0	0.0	0.001	0.12511355793202208	64718.938234795896
-1523.6389571729674	3.354027642932396	10.0	0.0	0.001	0.12511046917592783	64718.938234795896
-1523.639092266294	3.354757506995651	10.000000000000002	0.0	0.001	0.12508574750337287	64718.938234795896
-1523.6389990059138	3.354403885981342	10.0	0.0	0.001	0.12510143154453188	64718.938234795896
-1523.6402510478406	3.3545317024868977	10.0	0.0	0.001	0.12503915877774988	64718.938234795896
-1523.6388359418897	3.354003789481959	10.0	0.0	0.001	0.12510945692503916	64718.938234795896
-1523.639078108365	3.3543291406368847	10.0	0.0	0.001	0.12511059626446167	64718.938234795896
-1523.6391075424133	3.3544632046942486	10.0	0.0	0.001	0.12510669106856806	64718.938234795896
-1523.6389101457153	3.354517823494374	10.0	0.0	0.001	0.12511411632764505	64718.938234795896
-1523.6391704490616	3.35443980914926	10.0	0.0	0.001	0.1251418761715538	64718.938234795896
-1523.6392011918165	3.354238484880376	10.0	0.0	0.001	0.12509029449602407	64718.938234795896
-1523.6390207185316	3.354446544794898	10.0	0.0	0.001	0.12511448205884815	64718.938234795896
-1523.6389916585642	3.3543534237090022	10.0	0.0	0.001	0.12511821770410064	64718.938234795896
-1523.6390864093262	3.354821891941096	10.0	0.0	0.001	0.12511498087776313	64718.938234795896
-1523.6389221121913	3.354037687329629	10.0	0.0	0.001	0.1251105129606269	64718.938234795896
-1523.6390784802445	3.3544018806513525	10.0	0.0	0.001	0.125133437488005	64718.938234795896
-1523.6389591193474	3.354282444383819	10.0	0.0	0.001	0.1251045159394261	64718.938234795896
-1523.6391617031406	3.3544403798878624	10.0	0.0	0.001	0.1250924052442616	64718.938234795896
-1523.6388358137024	3.354508808735178	10.0	0.0	0.001	0.1251093838630454	64718.938234795896
-1523.6387888904258	3.3549934420352336	10.0	0.0	0.001	0.1251293696598695	64718.938234795896
-1523.6388956603132	3.3546966851608295	10.0	0.0	0.001	0.125130235601519	64718.938234795896
-1523.638952757836	3.354264048887396	10.0	0.0	0.001	0.1251064710886897	64718.938234795896
-1523.6390362446812	3.354608030250672	10.0	0.0	0.001	0.12510402741987905	64718.938234795896
-1523.6390189681545	3.3543645480492943	10.0	0.0	0.001	0.12510382279909088	64718.938234795896
-1523.6386140134514	3.3542386303711207	10.0	0.0	0.001	0.125111407487774	64718.938234795896
-1523.639007085369	3.3543797524904795	10.0	0.0	0.001	0.12511389082805194	64718.938234795896
-1523.6391124393901	3.354462037447991	10.0	0.0	0.001	0.12510971206919044	64718.938234795896
-1523.6389550272186	3.3541436946823846	10.0	0.0	0.001	0.12511339123818133	64718.938234795896
-1523.6389911503657	3.354452414846567	10.0	0.0	0.001	0.1250955136094808	64718.938234795896
-1523.6390270556185	3.353893779177495	10.0	0.0	0.001	0.12511662797061004	64718.938234795896
-1523.639164759028	3.3541841408514173	10.0	0.0	0.001	0.12509245679482578	64718.938234795896
-1523.6389318645965	3.3539177286326605	10.0	0.0	0.001	0.1251196405675234	64718.938234795896
-1523.6391536375022	3.354332786772941	10.0	0.0	0.001	0.1251068564359383	64718.938234795896
-1523.6389871906779	3.353818751359337	10.0	0.0	0.001	0.12507074876737076	64718.938234795896
-1523.638910867588	3.3544022367565938	10.0	0.0	0.001	0.12510575162128368	64718.938234795896
-1523.6386906862704	3.3546640245822323	10.0	0.0	0.001	0.1251043204310313	64718.938234795896
-1523.6388856424023	3.354454391381833	10.0	0.0	0.001	0.12510608552289404	64718.938234795896
-1523.639022882471	3.354354218674615	10.0	0.0	0.001	0.12512173225446424	64718.938234795896
-1523.6389532458618	3.354221195682669	10.0	0.0	0.001	0.12510687309421642	64718.938234795896
-1523.6388471738317	3.3547405857321286	10.0	0.0	0.001	0.12509152638250695	64718.938234795896
-1523.6389127170683	3.3547266802637075	10.0	0.0	0.001	0.1251107630903655	64718.938234795896
-1523.6391001024306	3.3543495229822446	9.999999999999998	0.0	0.001	0.12511288805321888	64718.938234795896
-1523.6388834561303	3.3544757584485287	10.0	0.0	0.001	0.12510960299616744	64718.938234795896
-1523.6390932224404	3.3543845011239632	10.0	0.0	0.001	0.12510514730746733	64718.938234795896
-1523.6384833458658	3.354539259861516	10.0	0.0	0.001	0.1251130413627664	64718.938234795896
-1523.6390531926945	3.3547569473127576	10.0	0.0	0.001	0.12510588454217655	64718.938234795896
-1523.6391050690083	3.3542357035450623	9.999999999999996	0.0	0.001	0.12511743215212776	64718.938234795896
-1523.639216134453	3.354430904624985	10.0	0.0	0.001	0.12509065947005615	64718.938234795896
-1523.6390366227254	3.3543185171898213	10.0	0.0	0.001	0.1251185552495428	64718.938234795896
-1523.6389979679118	3.354357723977216	10.0	0.0	0.001	0.12510381183631247	64718.938234795896
-1523.6392901099875	3.3542080872544418	10.0	0.0	0.001	0.1250745341320239	64718.938234795896
-1523.6390053307246	3.3545895470354186	10.0	0.0	0.001	0.12511034344875469	64718.938234795896
-1523.6390807906455	3.3542077020437735	10.0	0.0	0.001	0.1251091156840114	64718.938234795896
-1523.6389423107116	3.3543456066531014	10.0	0.0	0.001	0.12508372205930224	64718.938234795896
-1523.6387463062363	3.3544451268701287	10.0	0.0	0.001	0.1251049688190377	64718.938234795896
-1523.6389958057573	3.354687085720389	10.0	0.0	0.001	0.12512328373152426	64718.938234795896
-1523.6390761847358	3.354078777725849	10.0	0.0	0.001	0.12510784383995047	64718.938234795896
-1523.6390208779865	3.354261651538867	10.0	0.0	0.001	0.125109464364787	64718.938234795896
-1523.6389814571394	3.354528852667669	10.0	0.0	0.001	0.12509925777502695	64718.938234795896
-1523.6388493233003	3.354408635910069	10.0	0.0	0.001	0.12511378000772663	64718.938234795896
-1523.6385728802672	3.354058404284641	10.0	0.0	0.001	0.12511927266168615	64718.938234795896
-1523.6389588637476	3.3539194691401506	10.0	0.0	0.001	0.12511917439506967	64718.938234795896
-1523.638996513603	3.3544983098831067	10.0	0.0	0.001	0.12511262624496194	64718.938234795896
-1523.638912853012	3.3544697583686136	10.0	0.0	0.001	0.1251108241952722	64718.938234795896
-1523.6390231045652	3.354229047976338	10.0	0.0	0.001	0.12511144244341618	64718.938234795896
-1523.6385865711532	3.354297639551077	10.0	0.0	0.001	0.12510982807675236	64718.938234795896
-1523.639142269229	3.354449572737243	10.0	0.0	0.001	0.1251310631690916	64718.938234795896
-1523.6390808078672	3.3540003643127467	10.0	0.0	0.001	0.1251217534678508	64718.938234795896
-1523.638601480753	3.35470615107053	10.0	0.0	0.001	0.1251177823101693	64718.938234795896
-1523.6389853166334	3.354341762746484	10.0	0.0	0.001	0.12511728110926978	64718.938234795896
-1523.6389421204672	3.354165848731244	10.0	0.0	0.001	0.12510494634391978	64718.938234795896
-1523.6389594576065	3.3543279213777373	10.0	0.0	0.001	0.12511253162138844	64718.938234795896
-1523.6387810147785	3.354320814415093	10.0	0.0	0.001	0.12513266603339523	64718.938234795896
-1523.6390394270925	3.354380684076389	10.0	0.0	0.001	0.12510527172306912	64718.938234795896
-1523.6388332226688	3.354328499486826	10.0	0.0	0.001	0.1251218753079989	64718.938234795896
-1523.6387531689397	3.3547095631671975	10.0	0.0	0.001	0.12509312796482816	64718.938234795896
-1523.6391645944273	3.3545733521738295	10.0	0.0	0.001	0.12514998015522905	64718.938234795896
-1523.638892895097	3.3545377146034574	10.0	0.0	0.001	0.12512356824259885	64718.938234795896
-1523.6390847336497	3.3542724315811006	10.0	0.0	0.001	0.12511368793882482	64718.938234795896
-1523.6388869744167	3.3547154966218864	10.0	0.0	0.001	0.12512098181940637	64718.938234795896
-1523.640146708658	3.3543751408847	10.0	0.0	0.001	0.12504332932488926	64718.938234795896
