-4227.61816609651	5.3831046979445984	13.88144935473631	0.99	0.11670729388618227	64034.91362797541
-4722.560220489975	4.3059129566901095	10.46039032610984	0.9899856026575293	0.12142480276405541	64034.91362797541
-10418.89366191147	0.2947294995888196	0.062209050478197046	0.1318846257860368	0.153064364326615	64034.91362797541
-10505.158756767636	0.3193168658821343	0.04168710729184431	0.9786756524078437	0.13715034833459114	64034.91362797541
-10418.821127573798	0.31420928143224663	0.05317398553349771	0.7199348050033154	0.1529726995376531	64034.91362797541
-10418.880999465824	0.3094830472139117	0.062011558858226165	0.4256709820807555	0.15303217188653273	64034.91362797541
-3803.2574071603253	4.868882294785354	20.34114869178868	0.99	0.11746874451774789	64034.91362797541
-10418.984741487866	0.29885041512327426	0.06432284324248737	0.17127566634843422	0.1529953062771301	64034.91362797541
-4258.5174859024955	5.093174106864399	13.485106571591627	0.99	0.11895939186521859	64034.91362797541
-3766.948588341266	5.651818655050953	22.00865153315498	0.9869534662798259	0.12170084629429039	64034.91362797541
-3849.4633696088126	5.080573630408767	19.22755271778462	0.99	0.11743315534342223	64034.91362797541
-10418.751679755682	0.28402698701440343	0.05200963392431822	0.14424670177657736	0.1529405172752615	64034.91362797541
-8672.888402279634	0.01	0.11928231054220166	0.01	0.14813699075997472	64034.91362797541
-4484.999506828131	5.084840159376183	12.013770216955619	0.99	0.12103815652581991	64034.91362797541
-10418.909560749527	0.3116990046558314	0.05986877215342116	0.5148292975025576	0.15295169696698613	64034.91362797541
-8672.888400720009	0.01	0.11928252400917871	0.01	0.1481364994416548	64034.91362797541
-3789.192960406246	5.479324795145031	20.68720204293869	0.9883405618842362	0.11712842863078965	64034.91362797541
-10418.80924908406	0.3001325495269913	0.06254661196496439	0.23338180193703262	0.15294456618642988	64034.91362797541
-4336.412092703508	5.184821748173218	12.955410554445216	0.99	0.11952678919451788	64034.91362797541
-4216.564097537122	5.1338308053297075	13.934988922613984	0.99	0.11886227942401091	64034.91362797541
-4445.763702186954	5.267957234738042	12.509980163486683	0.9899993779227297	0.12032010811344396	64034.91362797541
-4372.368806789772	5.455406998010611	12.992060911879648	0.9899994380862347	0.11921512599439729	64034.91362797541
-4793.490050127073	3.9894689096313045	10.56226895150062	0.9752257047087586	0.12075422699272188	64034.91362797541
-4958.998896704489	4.331189392970625	9.642465467589432	0.99	0.12125144683004264	64034.91362797541
-3851.8509424474287	6.076743780852785	19.44276670412841	0.9856928597001553	0.11765649738120051	64034.91362797541
-4338.946364453483	5.0843786265497535	12.926474471721773	0.9863077084347307	0.12116769228050957	64034.91362797541
-18868.754250365884	0.6929486026430401	0.05948221051928758	0.4154672430980361	0.1666256376883967	64034.91362797541
-4167.359268866717	5.0414496638130135	14.438371178510351	0.9899972797237545	0.11860897875837748	64034.91362797541
-4690.25445322948	4.16304930836255	10.722920223131892	0.9899980089633694	0.12135606614932065	64034.91362797541
-3725.805502202669	4.889970264685043	22.107044260588427	0.9899902863444985	0.11704427241799435	64034.91362797541
-10418.80451626585	0.10562574337910573	0.024370822110401473	0.9784626985495377	0.15258291949875	64034.91362797541
-8672.88840069432	0.01	0.11928251271712766	0.01	0.14813642374865482	64034.91362797541
-4545.838020938365	4.656910858309482	11.41097450307186	0.9899999999999999	0.1225944801466279	64034.91362797541
-10418.970637567627	0.31974243712464867	0.05168174986080146	0.829158047089192	0.15307704585275356	64034.91362797541
-4751.212665780593	4.069697300615558	10.444194739223736	0.9899999999999999	0.12045131544889384	64034.91362797541
-4574.957114913315	4.244734128487565	11.485203780208735	0.99	0.11997944817364628	64034.91362797541
-4424.196554985974	5.159647500024585	12.556496575995583	0.9881527200790796	0.12489635988075394	64034.91362797541
-3818.424719893662	5.766969773758987	20.511704129376948	0.985685695670385	0.11819025752313471	64034.91362797541
-3836.2566441846816	6.173503973975161	19.850171058079056	0.9854620969573243	0.11945828673437393	64034.91362797541
-10432.75984719931	0.2984236692291062	0.03296921357979082	0.9837788781664029	0.15955281584530046	64034.91362797541
-3737.935928694083	4.911312065939595	21.777620848896575	0.99	0.11527539942722252	64034.91362797541
-3684.995649915472	4.480079372546677	23.35964791746477	0.9899999999999999	0.11646211033282908	64034.91362797541
-4078.4299210589165	5.3182091047489966	16.69437088563267	0.9730056341160195	0.11797621690281644	64034.91362797541
-3642.0251362714885	4.539894278278541	25.27224768923033	0.9900000000000001	0.11713666527694837	64034.91362797541
-8672.888400986183	0.01	0.11928252824029793	0.01	0.14813741395981025	64034.91362797541
-4249.704734269312	5.338158896605217	13.550844826104885	0.9899999999999999	0.11895247442642295	64034.91362797541
-5148.871902798753	3.4613394799645683	9.892311836314656	0.9892912585018262	0.11220657917207184	64034.91362797541
-3954.2444572237596	5.3576782148393525	17.19127009194152	0.99	0.11817030718567413	64034.91362797541
-3978.3907360429844	6.044728639257381	17.03276856121105	0.9848566318576408	0.1161414543208752	64034.91362797541
-3751.4329319377616	6.1261013496487	24.829339493496313	0.9899952320036527	0.12434034914448246	64034.91362797541
-10418.886980842133	0.3134573395355279	0.05626424212118817	0.6315021700495784	0.15305248587178077	64034.91362797541
-3859.4371636415176	4.874119517047774	19.33958978329467	0.99	0.11765815518922189	64034.91362797541
-10418.75102221098	0.28030017909443355	0.03954856533043762	0.4826311137942493	0.15298595926202974	64034.91362797541
-3772.616140330205	5.68391067793862	21.915000888443412	0.9885471130621772	0.12059519787304204	64034.91362797541
-8672.888400781912	0.01	0.11928252698086136	0.01	0.1481361318085468	64034.91362797541
-4613.618479571259	4.581104405259762	12.22055188229392	0.9577347335923632	0.12084013142907074	64034.91362797541
-3893.931928409351	6.372152556307438	18.49405770698851	0.9842376209267772	0.1213365881580596	64034.91362797541
-3913.387928641523	5.796301016782488	18.321116676241395	0.99	0.11732919805050154	64034.91362797541
-4688.6292312672	4.442873878177386	10.64362754455395	0.9896686081724291	0.12060377800426557	64034.91362797541
-3866.163996506211	6.015908090306715	20.171639919430405	0.9888395281748826	0.11706504981522439	64034.91362797541
-3684.5939832451395	5.153407638639211	23.83121201425108	0.9889909840343836	0.11633741899954864	64034.91362797541
-3678.618347060421	4.874681581827848	23.77020208269046	0.9884633265392451	0.11739270706564976	64034.91362797541
-4600.1042315970635	4.26801043289303	11.226250236038977	0.99	0.11849993256337231	64034.91362797541
-4085.872538647038	5.186451665688314	15.356830740771235	0.99	0.11919648319251677	64034.91362797541
-7538.334397539513	2.195165170395313	10.340044902017606	0.7534482309111332	0.13345552641473427	64034.91362797541
-8672.88840069369	0.01	0.11928250825348499	0.01	0.14813634546855486	64034.91362797541
-4770.975572354646	4.688138365151586	10.575484299486675	0.9899841967491901	0.12052820915598154	64034.91362797541
-3748.8645717049394	4.611103466869451	21.685860129335058	0.9899999999999999	0.11713126471810045	64034.91362797541
-8980.245603295902	1.4592489944412725	9.271185259417289	0.9820098184698065	0.11826620820666793	64034.91362797541
-4559.598309148653	4.593046743599185	11.311105625220575	0.9899433143246764	0.12015444312742397	64034.91362797541
-4802.786178651114	4.181858927513763	10.092756169609201	0.99	0.12205785050700377	64034.91362797541
-10418.776332267473	0.3096307678675821	0.054102074937101126	0.620888037327764	0.15293877392849864	64034.91362797541
-4511.387920119338	5.322740006537334	12.230630259820842	0.99	0.1201321282569433	64034.91362797541
-7045.135667871296	3.646011946540955	14.487091272387346	0.7388098001174878	0.12796309882090406	64034.91362797541
-3978.702917302119	5.5821948096557295	16.93930620224835	0.99	0.11808722512236532	64034.91362797541
-10418.796449335738	0.3101868517332233	0.05586173224035846	0.5853718857331224	0.15298392873710143	64034.91362797541
-10418.87139930607	0.30504751734344426	0.06441161378123161	0.2902288064144331	0.1531967962150136	64034.91362797541
-4203.528803095037	5.89194519145398	14.915485060685883	0.99	0.10742600169726235	64034.91362797541
-4061.716673980909	5.175530934572807	17.948336932908056	0.9675963689020841	0.11714504787636297	64034.91362797541
-10420.381504069426	0.3362888895969922	0.048325121586702637	0.9808057228854681	0.15301318561040975	64034.91362797541
-10418.808708733945	0.3096066733413819	0.057482790586939884	0.5342677202166967	0.15306483540584753	64034.91362797541
-3879.8404633872883	5.592995029631744	18.643295063089237	0.9895751039673962	0.11811678206871801	64034.91362797541
-3667.771660011269	4.962779125967054	24.347725125990472	0.9876708078367922	0.11811993994470583	64034.91362797541
-13538.771644967943	0.07532840687114561	9.555842486611779	0.9685901793985178	0.12052334379474626	64034.91362797541
-4712.6460901050605	3.7939840701725394	13.173533484710878	0.9888048805026234	0.1171721978358786	64034.91362797541
-4895.1740160079935	4.419110833814592	9.908271193239575	0.99	0.12053351791581492	64034.91362797541
-3931.298318145766	5.681610966662106	17.835499455702738	0.9896715219409171	0.11788517583152272	64034.91362797541
-4765.715686139394	5.0642839365800425	11.131087735161724	0.9900000000000001	0.12062145030278192	64034.91362797541
-4526.246084338413	4.900814226889033	11.710440146977135	0.99	0.1193340599177558	64034.91362797541
-4493.3027317751	4.993362212922229	11.885919972661032	0.989768345257299	0.11947510224234108	64034.91362797541
-10423.089983988793	0.3295517273257879	0.045802979483880214	0.979071360426089	0.1564132231557755	64034.91362797541
-10418.828504058489	0.31586721591631906	0.051983038699788556	0.772976336033009	0.1529817722889018	64034.91362797541
-3794.5135486676973	5.272673321266154	20.34453949383084	0.9890714244120498	0.11726655180631086	64034.91362797541
-4507.793362022388	4.6658862325836195	11.622695846078527	0.99	0.1183896169280546	64034.91362797541
-3848.6273049115252	5.039375305468391	19.291398859940312	0.99	0.1179601123193491	64034.91362797541
-4510.337521594241	4.441347144156755	11.69326668286527	0.99	0.119488594440157	64034.91362797541
-10419.798330787678	0.33488261544851533	0.04774016023193017	0.9807929916096885	0.15300682525990425	64034.91362797541
-10934.033467932495	0.2934148781065698	0.04684719064245139	0.5169979303230936	0.11573423219611388	64034.91362797541
-8672.888400753553	0.01	0.1192824843193557	0.01	0.14813602864346853	64034.91362797541
-3693.402499459632	4.8713806928144425	23.194674680285697	0.99	0.1158317810855772	64034.91362797541
-5321.1706081027205	3.1639083749935777	11.049445652863945	0.965373914801347	0.12251158819291884	64034.91362797541
-3897.3453036736164	6.082424830058375	19.518785261433152	0.9851467753692491	0.13002895538232775	64034.91362797541
-8672.888400795717	0.01	0.11928243989280189	0.01	0.1481366407923541	64034.91362797541
-3679.82835692782	3.881042729342022	23.844279973403346	0.99	0.11908268781794754	64034.91362797541
-4734.233492157593	4.131216785106594	10.472052733990786	0.9899999999999999	0.12065306960929753	64034.91362797541
-10418.805578933352	0.31123974066768567	0.05527363305483347	0.6186987384197689	0.15304638531015216	64034.91362797541
-3918.59726499794	5.9611365798073574	18.707026018260475	0.9878342686343146	0.11772993655357605	64034.91362797541
-10418.764976414455	0.2911640175895188	0.051653922832350554	0.3162384822447632	0.1527694601153453	64034.91362797541
-3700.509336035576	4.676395383519828	22.867558740011365	0.99	0.11761527310050028	64034.91362797541
-5772.25736940817	2.8411708900332235	9.386397207122473	0.9576330550828308	0.1209466011945316	64034.91362797541
-3786.575671750606	5.535847364020742	20.9405669505768	0.9899380525376285	0.11703302377874898	64034.91362797541
-4292.482246573062	5.021949873748848	13.189219263438018	0.99	0.11893067421091637	64034.91362797541
-4812.914306049684	4.522522010066725	10.244143435382666	0.99	0.12003696749206068	64034.91362797541
-4979.921583432442	6.26079038833853	15.215516226481471	0.9366645296540859	0.11755655027485451	64034.91362797541
-4393.611860153353	4.416602374714445	13.022998443512904	0.989293842506284	0.11887294325807297	64034.91362797541
-3646.326642489917	4.664642417628964	25.464897250455355	0.99	0.11144991413835299	64034.91362797541
-8672.888400668122	0.01	0.11928249151704354	0.01	0.1481365443924606	64034.91362797541
-4747.059671615569	4.288599555143739	10.361966598260194	0.99	0.12412769536784503	64034.91362797541
-10418.779754673073	0.3039785807046503	0.06162264333254208	0.32948678120772623	0.1529842223177318	64034.91362797541
-10418.791483254874	0.3258680276796705	0.04415850275023938	0.9799723709654887	0.15293535308893855	64034.91362797541
-3706.315616058265	5.26282549649694	23.123188228806594	0.9885161344610633	0.11743578488160317	64034.91362797541
-18868.80722210189	0.6910824121815028	0.06329078945460415	0.29662776179781375	0.16659191666155743	64034.91362797541
-3850.7960046717703	5.6538210402914535	19.350463918679377	0.9885734148931254	0.11972517742111013	64034.91362797541
-4114.336262350039	6.281448479347432	15.806008995426268	0.9899999999999999	0.12433240773703821	64034.91362797541
-7758.790234890423	1.945740915258909	7.017373225190337	0.905552042764718	0.12429407326468375	64034.91362797541
-3903.45219152334	5.334208518977593	18.061526634701714	0.9899999999999999	0.1179152354358634	64034.91362797541
-4601.378707297221	4.471103122018179	11.082610344866074	0.9900000000000001	0.12044783540230658	64034.91362797541
-5094.459147835099	3.732737562783076	9.041907430100252	0.989797876670729	0.12120718450281476	64034.91362797541
-10446.932138252954	0.33118125460105713	0.05153543550457825	0.9322089325707426	0.1441159052451766	64034.91362797541
-4369.387035200898	4.8045813454976924	12.601034177280406	0.9898886613203783	0.11946281266108903	64034.91362797541
-3695.619140294452	5.170211922714432	25.250040925813522	0.9899999999999999	0.11801552810149177	64034.91362797541
-4259.73839347167	4.987046530300764	13.51195501260339	0.99	0.11898072103645581	64034.91362797541
-4803.51909825332	3.9360758825833297	10.36088332174731	0.9896876314517975	0.12050489649746424	64034.91362797541
-5840.2281566684205	6.956616114171896	13.723547828336763	0.9643886831374582	0.1231450765835462	64034.91362797541
-3699.6278430564735	5.211023916059281	23.986943031701152	0.9896560498881547	0.11312833840846323	64034.91362797541
-4570.525670857784	4.5225033718965255	11.24954542939053	0.99	0.12002264559925553	64034.91362797541
-8672.8884006682	0.01	0.11928249274607446	0.01	0.14813654349301467	64034.91362797541
-4774.64161933841	4.882501058215829	11.448360908718959	0.9666503115603169	0.12177030127815215	64034.91362797541
-5026.574293522798	4.0667628950896635	9.244787737147261	0.9899153194888936	0.12018846338928091	64034.91362797541
-10054.942659197464	0.8582709878983364	14.6878936845854	0.5634748556502228	0.13001690930186843	64034.91362797541
-3645.2541439773886	5.203765732222103	26.41886968388697	0.9876445395560501	0.11516560072032672	64034.91362797541
-4453.500347816697	4.981344969606766	12.256968213330435	0.9900000000000001	0.12497529711638761	64034.91362797541
-10418.858989539978	0.3079430910695377	0.0631786852259099	0.37133683788267224	0.153014901163961	64034.91362797541
-8672.8884264756	0.01	0.1192817875168661	0.01	0.14813922757621517	64034.91362797541
-3804.145587316915	5.613304617519493	20.56938637548571	0.9896699940279285	0.11904285828161754	64034.91362797541
-3826.9782914389416	5.277954693138743	19.5702072740686	0.99	0.11718566209327144	64034.91362797541
-4958.446167815696	4.268091462905708	9.590962511016263	0.99	0.1174341976655575	64034.91362797541
-3848.8919321022886	5.027580602460537	19.3002411797068	0.9899905101015434	0.11725980283446369	64034.91362797541
-4637.563246554286	4.408917417522974	10.88714773125024	0.99	0.12001574485701216	64034.91362797541
-3851.9844782270393	5.9052101736057185	20.082706531669132	0.9890519411911544	0.11744596318276755	64034.91362797541
-4981.9633719862995	3.850786635423146	9.426283231926414	0.9899975066808903	0.12123880983535615	64034.91362797541
-4468.336956172831	4.1881233814409935	13.308860177363444	0.99	0.12030854256002854	64034.91362797541
-4517.3940547449965	4.560821288275267	11.585212143568727	0.9897727626297644	0.1194742571060989	64034.91362797541
-4409.082583433661	5.6944099810504705	15.782813328474754	0.9485129814006904	0.12341559899753306	64034.91362797541
-3813.3372948904344	5.3797993887581805	19.913015720831847	0.9898107589398359	0.11743351533453321	64034.91362797541
-4960.471185010409	3.8375311127419898	9.546704269036745	0.99	0.1212766536489287	64034.91362797541
-3698.6445119071914	5.048779873625646	23.648457051323202	0.99	0.11688350169019726	64034.91362797541
-10418.79564654527	0.3083089889185808	0.058326788339685014	0.48966331816503084	0.15299376495117317	64034.91362797541
-5291.182866485831	4.933679615944248	15.373978916665019	0.875268895303833	0.12376133410699494	64034.91362797541
-3756.6733699860115	5.585687078995	22.066706446067947	0.9878106617364736	0.11664456540732981	64034.91362797541
-10418.843258642857	0.30265560067286373	0.06389922189021285	0.2546094330848309	0.1530153054860063	64034.91362797541
-5830.406818263453	2.823022508380035	8.914505285316089	0.9557640720804494	0.12333840163046547	64034.91362797541
-4449.031336322849	4.73781283419655	12.012624090641292	0.989629794363799	0.11869723384216067	64034.91362797541
-4621.237519303344	4.458977486683797	10.974840078264204	0.99	0.12019208672253803	64034.91362797541
-5203.929529950026	3.2384251241820574	12.609833626671353	0.9739754479140473	0.11547760167906547	64034.91362797541
-3984.456175084426	5.03245527226565	16.98593559540128	0.99	0.11842827498037867	64034.91362797541
-3834.732627653857	6.070658402990115	20.850688381587464	0.9825999859385031	0.12041386687974409	64034.91362797541
-8672.888400845695	0.01	0.11928246960404974	0.01	0.14813584317395606	64034.91362797541
-3712.879177582001	4.8852878579533225	22.495837718159283	0.9900000000000001	0.11688288076118618	64034.91362797541
-10418.799199108063	0.31598861540886836	0.0412137455327702	0.9713779777930476	0.1526000489488801	64034.91362797541
-3707.1057493110325	4.8120810381520185	22.68053474895697	0.99	0.11687457587678192	64034.91362797541
-3688.7476530620197	5.036206193159058	25.233772835671896	0.99	0.11448029298197919	64034.91362797541
-8672.888401408814	0.01	0.11928236654921982	0.01	0.1481364025997275	64034.91362797541
-10421.35634991155	0.33954349657951477	0.04762715792467687	0.9895419605894391	0.15389295727170954	64034.91362797541
-5041.3577610705615	3.4450356371191964	11.412523566219116	0.9711580437833438	0.12624251795158323	64034.91362797541
-4708.836508243213	4.091799911827051	10.71218168500393	0.9898748083681477	0.1200907989096205	64034.91362797541
-4198.77919925425	5.381598582710588	14.006108875521273	0.9895871708288061	0.1190145821058504	64034.91362797541
-5186.221866478232	3.435139455995863	9.42219665311552	0.9829865731045891	0.12142936916375677	64034.91362797541
-4696.09715407861	4.483368876355124	10.629918694526754	0.989625819944656	0.12080641695092607	64034.91362797541
-4475.845903770784	5.584882444786418	12.8897545447824	0.99	0.11869221259515943	64034.91362797541
-3950.60965598937	5.012400507259856	17.588986332958285	0.99	0.11778150759110315	64034.91362797541
-3843.3040819193766	5.268612174525622	19.2280819728198	0.99	0.11702144592087872	64034.91362797541
-4463.585578004886	4.366358265497902	12.280082887073466	0.9900000000000001	0.1196181125616471	64034.91362797541
-10427.122979776886	0.3407521212495682	0.050233302483846144	0.98066449993518	0.155674004801282	64034.91362797541
-5024.492719253681	3.790226907214898	9.616014906494236	0.989227087492733	0.1351502992057831	64034.91362797541
-4742.352292391973	4.3634614502229985	10.375358091793478	0.9899682421034156	0.12068084003633034	64034.91362797541
-3738.884003344508	5.43914629474484	22.334312561207078	0.9883171677501298	0.11732725808174635	64034.91362797541
-4473.351162271902	4.563026542327518	11.88156255181028	0.99	0.11972660888421015	64034.91362797541
-3706.3599563621883	5.106941500442293	23.004890994071168	0.9897351896788499	0.11698562149886253	64034.91362797541
-4351.695727835631	5.786531682511414	13.560595736166077	0.9900000000000001	0.12236248249731638	64034.91362797541
-5579.152794565718	3.0267027517515674	9.319344112443998	0.9773317049546406	0.11953176728514928	64034.91362797541
-3779.696652642254	5.745816899147895	21.6336307298133	0.9884537821276652	0.11763423697429545	64034.91362797541
-4373.067656414598	4.682528001122628	12.62226356933042	0.9898221994529267	0.12025690548047038	64034.91362797541
-4422.5952008547365	4.715365187972377	12.213413995836992	0.99	0.11978383893678345	64034.91362797541
-5007.118188666345	3.7798068801847977	9.718771433440313	0.9695172922988582	0.12147509894571136	64034.91362797541
-5000.773827123055	4.171802808105809	16.007339322777167	0.8991579109906823	0.11749437982985969	64034.91362797541
-6163.785981435957	2.5478686603389264	10.144871590584048	0.940775385401459	0.12198735460239526	64034.91362797541
-4894.415858693322	4.78408750429737	10.383609836392761	0.9896245919912872	0.12052270755364598	64034.91362797541
-4796.482766216317	4.111341672834345	10.140193582778581	0.9899999999999999	0.12072611294798388	64034.91362797541
-3733.2681409471015	5.533362028834175	22.73291692693886	0.9867311098660269	0.11463241810299613	64034.91362797541
-4603.231803987235	5.171121416250573	11.805548914414285	0.9878759671810663	0.11392077043664177	64034.91362797541
-4110.860325782289	5.541907222876015	14.98094725387238	0.99	0.11843183672327698	64034.91362797541
-4459.408927086177	4.625707565196519	12.223627490819025	0.99	0.10905722152216801	64034.91362797541
-4224.483078038033	5.3237498908434295	14.028359604960906	0.99	0.11975108329074395	64034.91362797541
-3779.8444203426025	5.669054456121454	21.41007848035566	0.9862478787501202	0.1190402715543801	64034.91362797541
-4521.12134742361	4.460515261268538	11.595450532538099	0.99	0.11973902001958159	64034.91362797541
-10418.84968062925	0.31139923291256577	0.05787550785376152	0.5568928377688295	0.15300161733135753	64034.91362797541
-10418.769705597471	0.3223618723846021	0.042713173293404995	0.9801116518418325	0.15315392651457285	64034.91362797541
-4392.4882489967895	4.542692532162525	12.630289374057154	0.9896243948993686	0.1195876227270426	64034.91362797541
-10420.633625751365	0.33353489023118477	0.047115512117463496	0.9811404376783571	0.15491383466188904	64034.91362797541
-3869.2911200338026	6.02621908947198	20.001522929611497	0.9854150914314665	0.11873408192011582	64034.91362797541
-4866.934176791819	5.118877115300806	10.959711256409808	0.9890837388753679	0.11767693168481731	64034.91362797541
-4689.371249710945	4.168530266253697	10.719415826256569	0.9899995218944744	0.12083312025943993	64034.91362797541
-3993.4189421251967	5.79177115641122	16.917923934534898	0.9817939569968663	0.11953518897987092	64034.91362797541
-10419.2181586991	0.29788154386576504	0.060634152770828786	0.22964348739734616	0.15185676047150215	64034.91362797541
-4896.571128941914	4.846368210405446	10.4534441502964	0.9898082094900001	0.11753661699361012	64034.91362797541
-3617.4747892243176	4.075043770844388	27.90196102930996	0.99	0.11444795301444081	64034.91362797541
-4589.443512742533	4.539268966751691	11.170039128368053	0.9894186694963821	0.1195375408486369	64034.91362797541
-3944.338917537236	5.391128405743784	17.354920143956388	0.9899999999999999	0.1181483960527604	64034.91362797541
-4425.982632637961	4.890510367936583	12.213212752210284	0.9897013522375646	0.11900856416597871	64034.91362797541
-3789.4134632682467	5.441320591851455	20.614834675142507	0.9897070599585343	0.11749620205477121	64034.91362797541
-5232.546863174444	4.667477611993084	18.743663822051584	0.8735526746846461	0.13664174656037545	64034.91362797541
-3905.8499261927986	6.028701405276773	19.20996758162325	0.9875305034271026	0.11724577226486436	64034.91362797541
-4941.918944993486	4.030265683652477	9.518665954975297	0.9899999999999999	0.12074385774007239	64034.91362797541
-4108.248273673716	5.954846364676947	15.952918119305728	0.9804952784090466	0.12562977935661257	64034.91362797541
-4676.854070993107	3.9967795940083577	11.398408619525899	0.9882880118404774	0.11951241605048947	64034.91362797541
-10418.751059141272	0.28676507641560567	0.04535988979370866	0.4169607558232324	0.15296084119327705	64034.91362797541
-3808.680885506021	5.5924820729902445	20.40093513431331	0.9879641627303836	0.11851652951542274	64034.91362797541
-3880.869225366846	6.045680159965737	19.885454433719563	0.9885929543170622	0.11660409527268527	64034.91362797541
-8672.888400774755	0.01	0.1192825377679196	0.01	0.1481364347793046	64034.91362797541
-4027.5595386530244	5.468581238280874	16.166467572912747	0.9898397387264326	0.11807527110716995	64034.91362797541
-3636.394967416225	4.696322515871534	25.920228638811306	0.9899303171544138	0.12087110600173143	64034.91362797541
-3772.2682834888387	5.597104647602724	21.799134149569383	0.9891670981726264	0.12037758823241981	64034.91362797541
-8672.888400700063	0.01	0.1192824983076082	0.01	0.14813623372723378	64034.91362797541
-3970.535646214072	5.8579881758416565	17.545552060117522	0.9868126049566369	0.11784901560914932	64034.91362797541
-10589.432384028798	0.30412190829060337	0.0585260186844153	0.4043009034430606	0.1309563041549082	64034.91362797541
-4333.358063474041	4.651500958272896	13.052126567271248	0.9898319460814885	0.11922167541217293	64034.91362797541
-4795.647041755281	3.9346837225092943	10.42512309246088	0.9899999999999999	0.11993353913126718	64034.91362797541
-10418.849271755837	0.3062701220350026	0.06404551674139372	0.32124402233300914	0.1530155676588675	64034.91362797541
-3836.1062797867617	5.451450217849387	19.434782057776008	0.989946708301942	0.11755560617721958	64034.91362797541
-4783.389915477133	5.8525375863181175	12.551350819148919	0.9899954583965196	0.11284332168636041	64034.91362797541
-4393.695762264535	4.868012189025282	12.401844500673977	0.99	0.12062976126095647	64034.91362797541
-3761.784202971533	5.485369533635585	21.519419366534212	0.9881811865893874	0.11674897289886087	64034.91362797541
-3836.981167411766	5.666916540584725	19.74608006745501	0.989033232748852	0.11896725670486019	64034.91362797541
-4686.426612371005	4.405300001943005	10.643657302902733	0.99	0.12006259061299521	64034.91362797541
-4632.222422453852	4.440359497027638	10.91564862866329	0.99	0.12051642210155043	64034.91362797541
-3624.7824366455943	3.75184495865347	25.620528342727447	0.9899905967136875	0.11428286890692645	64034.91362797541
-3767.644167285547	5.8854636771143785	22.346114203694007	0.9864625882151057	0.11564081214524438	64034.91362797541
-8672.888400668438	0.01	0.1192824924307418	0.01	0.14813650527590883	64034.91362797541
-10418.751430313649	0.2997511640995294	0.05103137426821117	0.5194102033165136	0.15295511841208992	64034.91362797541
-10418.961481572514	0.30422201664268117	0.06569824246616698	0.2484052381512967	0.15296976162229672	64034.91362797541
-4566.416792761157	4.639506373675002	11.8847580686964	0.9699931288279289	0.1205403734775775	64034.91362797541
-10418.817772987655	0.31565344268624373	0.051648385357294914	0.7779267090138507	0.15296786747057992	64034.91362797541
-4676.5382922366525	4.338420450443115	10.687163540128738	0.99	0.12052419030085515	64034.91362797541
-10418.756399469843	0.30353633469031804	0.05525549133060475	0.47642668916158776	0.15302689273031422	64034.91362797541
-10418.754945027405	0.3019533205678722	0.03479823716742619	0.9793444677549313	0.1530596319337084	64034.91362797541
-10418.833606789636	0.31428082151368186	0.053732675870326464	0.7072521176654794	0.1529995824146528	64034.91362797541
-8672.888400843325	0.01	0.11928243956582887	0.01	0.1481361449696335	64034.91362797541
-10418.781581016854	0.3106537758703084	0.05373137170398462	0.6482430365057287	0.1529877756914455	64034.91362797541
-4381.742176316922	5.487861869175713	12.996525657369009	0.99	0.11862093372985061	64034.91362797541
-4290.219095580755	5.612159894525844	13.529909420922314	0.99	0.11713022784655867	64034.91362797541
-4319.13489815014	4.425168799619422	14.116011904525852	0.9899149623531037	0.11952699086804748	64034.91362797541
-6876.917525888621	2.276900009464846	12.149145491006475	0.8298610769601477	0.12059681642472529	64034.91362797541
-3804.889256327209	5.442087337866262	20.195080072532637	0.9899999999999999	0.11699689625789064	64034.91362797541
-4741.314342989702	4.061739613427037	10.599583998750939	0.9859788502010416	0.12170577615324239	64034.91362797541
-4668.149034353367	4.180234531083557	10.872963575511735	0.99	0.12333402661609902	64034.91362797541
-5027.667167573665	3.5855821754080495	9.966835027485256	0.9898691128944004	0.12233761194842607	64034.91362797541
-4296.171804031754	5.606559804482886	13.542548070717464	0.99	0.12353934542231498	64034.91362797541
-4293.535996789009	5.109515248948282	13.190989789865787	0.99	0.11936531814123928	64034.91362797541
-3780.3126340769504	5.121288312096707	20.640735408272413	0.9899994572660417	0.11732909669872353	64034.91362797541
-6294.916668648102	2.7345603279131363	11.425883727348143	0.8512648176441642	0.12464636449199192	64034.91362797541
-10418.752149644904	0.2635778987943254	0.02278950207160176	0.9251772563614054	0.15303476626261575	64034.91362797541
-3722.1390486221126	5.140346750712448	22.487680362739557	0.99	0.11687636922845164	64034.91362797541
-3656.4726479482633	4.952315065725048	24.851588842934202	0.9880858052682812	0.11488928086494946	64034.91362797541
-3877.071848510572	5.897878912860105	19.297961750975418	0.9885223535186248	0.11777980070321595	64034.91362797541
-4711.462306815029	4.782555652010726	10.847354504090271	0.9899999999999999	0.12018952529711406	64034.91362797541
-4721.725541318754	4.474719322490181	10.5121225310022	0.9899999999999999	0.12068718782583304	64034.91362797541
-3982.8271745942593	6.017291186945335	17.22958115030365	0.99	0.12422911524508232	64034.91362797541
-6887.886796717441	2.3011970131880517	7.261446693827711	0.9385071679299789	0.1247311818302694	64034.91362797541
-4002.652294169502	5.279490503776605	16.47142525803499	0.99	0.11679700351442228	64034.91362797541
-4613.023651155085	4.225490712770178	11.89675556769634	0.9666348441220797	0.11893502065175597	64034.91362797541
-3886.873495710274	5.677257697683833	18.631931395716585	0.9875514939826945	0.11808884854835547	64034.91362797541
-8672.888400669322	0.01	0.1192824895382159	0.01	0.14813659287686454	64034.91362797541
-4628.155836285607	5.440382478959931	12.14821571129061	0.99	0.11938237317049263	64034.91362797541
-3948.6235464288707	5.913412942352105	17.34830830372724	0.9852033097387896	0.11906687682210718	64034.91362797541
-3776.9181909115787	4.020636840767737	22.0676982063792	0.9899978883224758	0.11699012243058073	64034.91362797541
-4582.865061796915	4.179874651794107	13.47503162257917	0.9554393516720601	0.11777720003640094	64034.91362797541
-4594.775084814717	4.347759675330784	11.167931752049194	0.989954044823186	0.11994916020784585	64034.91362797541
-5011.330144644745	5.6794180432775985	11.644629138392164	0.9899998055637192	0.11408497397019286	64034.91362797541
-10418.784312194759	0.3045034194244471	0.06134646883115191	0.34581965461194264	0.15305287190709804	64034.91362797541
-5694.151753377153	3.008805013292688	8.335839716799937	0.9780658744772395	0.12188996810460753	64034.91362797541
-10419.049913467084	0.3113193813634146	0.06372964329635696	0.4219771410968526	0.15276244649439383	64034.91362797541
-3722.1813039729786	5.1559770388425665	22.81739492237175	0.99	0.11599208348207368	64034.91362797541
-4914.076332709112	4.257171912226543	9.701377153983099	0.9899799728749834	0.12000653129928884	64034.91362797541
-3710.95833926218	5.042889294529911	22.716747162613174	0.9886165105240199	0.11582752590150018	64034.91362797541
-4285.993256004639	4.760797375196498	15.226161691162366	0.9629018030838942	0.12106518328297734	64034.91362797541
-3801.1814166605477	5.347064707973977	20.18861920527344	0.9899657188319732	0.11773308662552066	64034.91362797541
-4795.658559609808	3.7619788922899815	11.777585399356413	0.9893841426354033	0.11746867404876951	64034.91362797541
-10418.82442684469	0.32216978974254457	0.047363724978038216	0.9301088826456448	0.15296488945698158	64034.91362797541
-4583.31447329832	5.017537480108798	11.6856171769898	0.9890167738012345	0.12627104974138573	64034.91362797541
-3784.3673925132	5.351205316622078	20.637704295929787	0.9899690567487719	0.11778687987599586	64034.91362797541
-8672.88840102123	0.01	0.11928257717496145	0.010000000000000002	0.1481364692567049	64034.91362797541
-6356.579133017969	2.2375077584967755	15.066842744861404	0.9154363959257344	0.12495374964337849	64034.91362797541
-10418.904660747463	0.3169741259530654	0.053505527479702095	0.752684268490945	0.15291448986170314	64034.91362797541
-4686.837002259284	4.122540821684268	10.830796001075512	0.9892791011865207	0.12186906956657272	64034.91362797541
-10418.910238895442	0.3280203543314072	0.046225082636379436	0.9716781968970424	0.1529436614245616	64034.91362797541
-3644.340485623688	4.525122499773108	24.999078221131747	0.9899201647311804	0.11685063500891148	64034.91362797541
-4614.030036191287	4.935661475423402	11.35112963856728	0.9899999999999999	0.11920644762966504	64034.91362797541
-3748.088661160312	4.924590404365129	21.47732333665009	0.9899999462006479	0.11689209687599843	64034.91362797541
-10418.935279867062	0.3068516998410991	0.05135701798536783	0.6459840181767087	0.1522380480171558	64034.91362797541
-3983.6484596959285	5.4176154062850825	16.7457502126543	0.9894213561761157	0.11863717876238314	64034.91362797541
-8672.88840066815	0.01	0.119282491545991	0.01	0.14813651907288145	64034.91362797541
-4239.058464485297	5.312094286276842	13.710058959812113	0.9899999999999999	0.11895945934246137	64034.91362797541
-3722.2777827031578	5.322127410450966	22.67942255468949	0.9878002975310789	0.11730913124408053	64034.91362797541
-4595.229504106295	4.300111085605083	11.223442713962589	0.9894404751468043	0.12024168428368198	64034.91362797541
-3835.554536336069	6.052475734587314	19.609122124750446	0.9883295785999028	0.11693058116872311	64034.91362797541
-4339.91114288956	5.3269609265470885	12.992181016089548	0.99	0.11984518774874144	64034.91362797541
-4446.522538241084	4.720867817057133	12.025636721306634	0.99	0.11956196722864498	64034.91362797541
-4529.534631450713	4.59969731995045	11.501400363789319	0.99	0.12100311670587106	64034.91362797541
-5471.429226184787	3.1645352622944514	8.937326863460553	0.9870318210088252	0.12413654428149236	64034.91362797541
-3793.8657913815673	5.458235961397732	20.511154728570972	0.9896083116004982	0.11795040104954756	64034.91362797541
-5569.2333910063235	3.9596842702708894	18.396252983509218	0.8588219998443843	0.1445506040616469	64034.91362797541
-4254.113882836745	5.326647417455012	13.551017409310834	0.99	0.11493934069327653	64034.91362797541
-3685.73052358082	5.102533689854538	24.906672247920508	0.9900000000000001	0.1184993416712593	64034.91362797541
-4705.526989252106	3.9365494824302965	11.84046746450246	0.9676564482807034	0.12059442377788356	64034.91362797541
-10421.051600311988	0.3372872452929971	0.048879742886982804	0.9800701925977363	0.15295985418304045	64034.91362797541
-8672.888400706368	0.01	0.11928249646221786	0.01	0.14813619733700922	64034.91362797541
-4478.086918597717	5.383500773665191	12.633406435012892	0.99	0.12814775527124758	64034.91362797541
-3655.064790003917	4.796715380164458	24.810874518110563	0.9895238223024668	0.11675378365606942	64034.91362797541
-3989.340840810577	5.596842834236609	16.910877303379394	0.9847501017681468	0.11834847549076279	64034.91362797541
-3737.348045087534	5.662985606593344	22.326688327706982	0.9867003220953834	0.11543178672414424	64034.91362797541
-4074.375539781915	5.975688174964083	16.02759639544522	0.985348035418518	0.1189057742228497	64034.91362797541
-3738.512562025758	4.959908978093982	21.73182886148161	0.99	0.11721971453263404	64034.91362797541
-10418.760064146563	0.3052431913817762	0.05466507668923615	0.5253272943208002	0.15289809597539372	64034.91362797541
-10418.767498917638	0.3236196421055843	0.04341803741385838	0.9788006463628519	0.15298035199301946	64034.91362797541
-3748.8951612505807	5.193212113827282	21.553417832863783	0.9898283472183285	0.11749345578280224	64034.91362797541
-4950.6185071497675	3.662759758004905	10.2717017752869	0.9837540419966154	0.12010984880506426	64034.91362797541
-3891.673524651246	5.502005450818959	18.332088117277074	0.9898000957110498	0.11851956658949568	64034.91362797541
-10447.306762446693	0.2591208274718638	0.026762112735324285	0.5436210325722712	0.14470203660660821	64034.91362797541
-4867.285753906903	4.290384411573673	9.882165288749286	0.99	0.12094675989515036	64034.91362797541
-10418.823884165517	0.28591428377422046	0.05877248650537453	0.0222131436161265	0.15282445464655647	64034.91362797541
-3719.252374509801	5.352132804712116	23.194319220044893	0.9884562955638243	0.11185267504040196	64034.91362797541
-4314.584118459743	5.033622242742315	12.98716661280089	0.9899999999999999	0.11879486831563198	64034.91362797541
-10706.586744791979	0.2880115809963307	0.03707027686027735	0.7691677417461987	0.12487862564178318	64034.91362797541
-3856.662081327762	6.9428570706461565	19.82619472787206	0.9779953959194565	0.11849722730944773	64034.91362797541
-4560.820514856632	4.5183094545207	11.313665303532211	0.99	0.12021620214803669	64034.91362797541
-3824.580265877467	5.956209961749641	21.05083268748517	0.9865286237984523	0.11473571834981215	64034.91362797541
-10418.753329445544	0.3018216197158627	0.04723533466254175	0.6758559052442641	0.15289590460960834	64034.91362797541
-4588.395362106767	4.906738125461065	11.435674721058382	0.989097552597532	0.12016372021984886	64034.91362797541
-10418.75417310523	0.295840967387994	0.03396125197001869	0.9602279083526167	0.15287728164956776	64034.91362797541
-4058.3004550047353	6.041570950347039	16.514967635527245	0.9824226948606211	0.10932540792356366	64034.91362797541
-10493.967608654397	0.28692494141231994	0.043370722895836704	0.49401410493039666	0.1381958934115497	64034.91362797541
-3787.3365218809463	5.592049971208945	21.020686586346507	0.988429784495967	0.11681854720530493	64034.91362797541
-3649.8270906793628	4.192272144680847	24.591781984942653	0.99	0.11622473416699763	64034.91362797541
-10418.85655835419	0.30486690742092953	0.0644086119510843	0.2868503253692546	0.1530481350656132	64034.91362797541
-8672.88840068612	0.01	0.11928248721393601	0.01	0.1481367655224477	64034.91362797541
-10695.968386650631	0.25580070039442376	0.02667910505322205	0.43296898116683513	0.12518254563647083	64034.91362797541
-3730.7017175519804	5.702646589656922	23.11000091387283	0.9835140979885749	0.11504022301526601	64034.91362797541
-4273.566355483863	4.799733875156941	13.474631414586524	0.9900000000000001	0.1192140942919614	64034.91362797541
-10418.871686290833	0.2953308469432703	0.062037651106764	0.14755730753333096	0.15281066787174885	64034.91362797541
-4616.306724170965	5.577665257828275	12.363839180286565	0.9898042225550927	0.1224094074721731	64034.91362797541
-4388.600899744766	5.012874402695378	12.505714140122812	0.99	0.11885052587423883	64034.91362797541
-3606.94452805706	4.072577017788818	26.310535896523447	0.9900000000000001	0.1137896045231291	64034.91362797541
-4575.538383121348	4.591709177833746	11.230005265922948	0.9897775572644615	0.12101656984958396	64034.91362797541
-3858.536205251731	5.594917623707774	19.103117452106	0.9890014577399194	0.11765980875375831	64034.91362797541
-6625.164332061346	2.4182987786409567	13.879473855479619	0.8322920871366383	0.11756646674363598	64034.91362797541
-3976.1779124076093	5.418420880138855	17.07799555740566	0.9845988072977826	0.11806235601816648	64034.91362797541
-4760.919444467358	4.8042775200254075	10.75624293153751	0.9899999999999999	0.12086098917494914	64034.91362797541
-18868.764550549513	0.6926609243837363	0.06098292696234074	0.376357983750689	0.16677598082725512	64034.91362797541
-4529.812382874292	4.091910551160564	13.099096119733684	0.980817918514478	0.11952095712384742	64034.91362797541
-3888.8282119475634	5.4302125816673525	18.338713714203553	0.9899822767629982	0.11783293272187137	64034.91362797541
-3739.857774835754	5.588262658305616	22.311398084698705	0.9864825120372431	0.12093155848728873	64034.91362797541
-4064.449611273173	5.315150848126681	15.617916135439673	0.99	0.11771738930593664	64034.91362797541
-3707.244486806026	4.773915731418615	22.661876140024653	0.9900000000000001	0.11721722631749519	64034.91362797541
-4972.368813498895	3.5708772836992284	10.86835892929059	0.979113035302917	0.1235479784789135	64034.91362797541
-3855.7403700424443	5.734085484068961	19.45278103342502	0.98859220807097	0.12004827618236556	64034.91362797541
-3848.132940493275	5.820812585724735	19.85640040206673	0.9885522659272582	0.11775778571526764	64034.91362797541
-10419.127195692017	0.29596555104147276	0.05561061499713249	0.3113772000499859	0.15197065541603336	64034.91362797541
-4269.789311560575	4.805296231666764	13.508240804185302	0.9900000000000001	0.118877895594711	64034.91362797541
-10418.83400027894	0.3107737200791751	0.05765758087991015	0.5510735956187047	0.1530834119173177	64034.91362797541
-10419.023965877906	0.3306343763207817	0.04589935370111626	0.9812504070468332	0.1533143998759778	64034.91362797541
-3969.3364953844803	6.319174088065341	17.460242307595955	0.9850212820519602	0.11669123633939647	64034.91362797541
-3976.068130246347	5.588475466043681	16.938661275335857	0.9896760809867019	0.11812680120679575	64034.91362797541
-3669.15053184507	4.9021442612882815	24.5449686839461	0.9897549999999999	0.11358908559924963	64034.91362797541
-10419.052652629633	0.3107617920556099	0.06485146101161825	0.3882958286638323	0.15300866996177243	64034.91362797541
-4318.481716144336	5.027324918675576	17.619377278767576	0.9457738000257994	0.11830626660385747	64034.91362797541
-10422.748790398226	0.337716294148553	0.04887394568204049	0.981058909543467	0.15514103492401432	64034.91362797541
-4083.209345448126	5.367273673780616	15.411864089062398	0.9900000000000001	0.11837962558571384	64034.91362797541
-4965.4779083464055	4.003052324922492	9.431981587317388	0.99	0.12145284047299817	64034.91362797541
-4376.013649605148	5.0872171152341785	12.640112059747766	0.99	0.12160496432744677	64034.91362797541
-4229.428628160305	4.5846193404719315	14.838262105230083	0.9816266805556162	0.11638327328858629	64034.91362797541
-10418.935453820486	0.3070524227897434	0.06554130864919484	0.30530046059241217	0.15303575919655585	64034.91362797541
-10418.833020692467	0.3066987178862903	0.06321961938292206	0.34690161517823176	0.1530219935572542	64034.91362797541
-4722.024745473751	4.477258953069304	10.512574706734192	0.99	0.12041258366840282	64034.91362797541
-4467.4381619724845	4.871117462875064	11.914258089983623	0.9899999999999999	0.11925177246661854	64034.91362797541
-10418.751538681092	0.277932245932355	0.03105836222729927	0.8184275126847904	0.1529351168141126	64034.91362797541
-4415.977236059289	4.875981476204808	12.221800950761073	0.99	0.11944107320924888	64034.91362797541
-10418.983684675655	0.29420460862324344	0.06266059624227201	0.1116448301927617	0.15313277207162054	64034.91362797541
-10418.777129244932	0.3246405588183931	0.04376157887186194	0.979291124914263	0.15291014812777212	64034.91362797541
-3787.7479642867675	5.719342906796692	21.290690128387137	0.9863690402898765	0.11736932449200334	64034.91362797541
-10418.805431031516	0.30960679395735996	0.05737237858270748	0.537035470699546	0.1530334970153596	64034.91362797541
-4200.567200944299	6.315844865234894	15.982014362950675	0.9785538615819855	0.11985506851991044	64034.91362797541
-10418.751670131122	0.2832681758037096	0.039683133595103025	0.5519348342724234	0.15293068833533524	64034.91362797541
-10418.91815112705	0.3164339471920495	0.054029373476025135	0.7324302768005857	0.15301338978278523	64034.91362797541
-10418.813370883512	0.3232088824842044	0.04553955333677295	0.9588602365100721	0.15273172544902186	64034.91362797541
-3785.0470211142665	5.740574093209077	21.521581479628875	0.9880103219426254	0.11508531578873167	64034.91362797541
-10418.849345831492	0.3094379508500885	0.060626185135528345	0.4561633764884789	0.15294818742300276	64034.91362797541
-4630.062102869937	4.457321558443559	10.928475800620708	0.9900000000000001	0.12011032030977496	64034.91362797541
-3906.058841252879	5.672209696896137	18.24337132515869	0.9898271475088698	0.11662201922628013	64034.91362797541
-3606.8273022900257	4.188671925621626	26.21571666610642	0.9900000000000001	0.11739080349907069	64034.91362797541
-4226.179368726063	6.261200065775465	19.69621723348926	0.9445760301647464	0.11827511423765524	64034.91362797541
-3757.130099319691	5.75001002263254	22.370511773598064	0.9848575076582025	0.1196715605440498	64034.91362797541
-3667.827601580915	4.870886882271148	24.881996071646753	0.9871392187844397	0.12386970259249823	64034.91362797541
-10565.747498387103	0.27298619622533665	0.025703673860861448	0.9472118305153322	0.13248649566341963	64034.91362797541
-6592.587875314264	2.447794302390601	7.430195432580289	0.939776439632587	0.12521904782745455	64034.91362797541
-3759.830542355697	5.648542485122266	22.02271300073813	0.9874765151252817	0.11670875805974079	64034.91362797541
-10418.918516515965	0.3120743813602974	0.05900866220810281	0.5417174609159819	0.153215763647583	64034.91362797541
-4776.090188503112	5.866213070719792	12.552035823288547	0.989960929393249	0.11759878153613874	64034.91362797541
-8672.88840070481	0.01	0.11928249453950132	0.01	0.14813686746820426	64034.91362797541
-8553.795883068353	0.9519275008085626	15.00716472531996	0.7612557905675312	0.1018921308484353	64034.91362797541
-3705.848309019365	4.947709296222742	22.83529776570316	0.9899064069000503	0.11577412084771639	64034.91362797541
-3842.460474819865	5.338599399214183	19.240324166681273	0.9899882548309543	0.1173902592160846	64034.91362797541
-10418.84373991267	0.3119399898353639	0.0568987814479866	0.590235277969666	0.15297356143617047	64034.91362797541
-3712.222768318953	4.602668004940661	22.540428320038682	0.99	0.11703030965003595	64034.91362797541
-3912.3835315662645	6.407984659673397	19.02068053887149	0.9797205355976751	0.11027658490756902	64034.91362797541
-10419.116290069232	0.3279198684829959	0.04847605126209856	0.9500115453813445	0.1528854332840404	64034.91362797541
-5107.2084623155415	4.610367136922296	17.023678621689687	0.8831618867363116	0.12323055034913204	64034.91362797541
-3752.8097130470733	4.962008540646883	21.346030116036836	0.99	0.11723127755594623	64034.91362797541
-3690.0354721934236	4.953799982819977	23.716386359360218	0.9863496349049231	0.11840890125923764	64034.91362797541
-3773.279599799501	5.438685387401801	21.15245194548231	0.99	0.117152184825895	64034.91362797541
-8458.363127425604	2.0588416136967247	9.917319524650347	0.6811509559133095	0.1243759457398572	64034.91362797541
-4619.321950911949	4.811289720743784	11.229401123453215	0.9900000000000001	0.11984365992068273	64034.91362797541
-4285.5106724825255	4.424746608662097	14.716012138188482	0.981528902288805	0.11959084942441799	64034.91362797541
-4698.076226680254	3.858255366491061	12.284748712497313	0.9748068640763851	0.11992167841103768	64034.91362797541
-4954.646021246077	4.076463280347216	9.48382338989087	0.9899208266212076	0.12335167395662382	64034.91362797541
-3953.0807644330453	5.422236641072767	17.198588638846147	0.99	0.11807374294616954	64034.91362797541
-4641.549354462204	4.014933990900475	13.110573587526675	0.9595927695533277	0.12010839172701152	64034.91362797541
-8672.88840159155	0.01	0.11928249250326065	0.01	0.14813821793760557	64034.91362797541
-4789.645580759322	3.9651657736687165	10.383701978685089	0.99	0.12025652712101896	64034.91362797541
-4566.104540986664	4.639524055014045	11.288704853171629	0.9900000000000001	0.12020163109744803	64034.91362797541
-4607.627233711629	3.909451695095411	13.616821694321871	0.9840298254673013	0.12137141921707768	64034.91362797541
-10418.842021695604	0.3080534393371839	0.062234256281467365	0.3939779574046658	0.15298680833766098	64034.91362797541
-3745.583879741112	4.486394287854022	21.898923183525703	0.9899437276382451	0.11661427859400775	64034.91362797541
-10419.501962560367	0.292022107308126	0.0645997164090908	0.03029282792124274	0.15307107408333145	64034.91362797541
-4272.725203284348	4.394919449289122	15.046848086351527	0.9821144798749938	0.11841043216425345	64034.91362797541
-3782.890574797215	5.845448875545125	22.25641563071073	0.9882614785816008	0.11726696940180648	64034.91362797541
-3963.635308683332	5.435080536948912	17.055755777549667	0.9899999999999999	0.11844676888763399	64034.91362797541
-3844.623723575113	6.072362280042002	21.102305145376945	0.9810722860726704	0.11501528620035041	64034.91362797541
-10418.814019434358	0.30318099473464055	0.06304476949182429	0.28285046755374066	0.15314646821526515	64034.91362797541
-4591.156637592385	4.491099895118207	11.141508269345652	0.99	0.11936975270682913	64034.91362797541
-3746.848713673115	5.43840572480516	22.27093478039385	0.9893723289741085	0.11304822378032	64034.91362797541
-3836.6904352012834	5.87273111941265	20.275690516733068	0.9860692267302629	0.11754040822406914	64034.91362797541
-10419.382133835768	0.29809234475908225	0.06581527125874548	0.12689051511239657	0.153074094105507	64034.91362797541
-4539.069143948769	4.703735150558948	11.50387649340212	0.99	0.12355678568469752	64034.91362797541
-10418.950432551861	0.3184176079893589	0.05319843443008039	0.7795967728104806	0.15291331897582797	64034.91362797541
-4639.042646966724	5.553474905508869	17.020144286988405	0.9342064036169733	0.1442674407023675	64034.91362797541
-10418.79855154566	0.25380255332825247	0.020571980315952074	0.8357386233766732	0.15259548207069482	64034.91362797541
-8672.88840087224	0.01	0.11928248892765247	0.01	0.14813732573268942	64034.91362797541
-6222.190258696082	2.5918096220645808	13.380962992501638	0.8757825843266864	0.1244033049400371	64034.91362797541
-4664.736522286498	4.907326605895808	11.194667106449534	0.9899571431544334	0.12273001176300528	64034.91362797541
-4195.407912264796	4.266179132371877	20.30417597928075	0.9577934970330608	0.11287743658328335	64034.91362797541
-4796.922947018504	4.107259139491925	10.140148860630081	0.99	0.12053593567985117	64034.91362797541
-10480.37341980095	0.2589309507340717	0.019230935524179	0.9836835651703612	0.1395584327809409	64034.91362797541
-4084.3120005173323	6.067599089539441	15.425230055399211	0.99	0.11818873386711443	64034.91362797541
-4510.824190682806	4.663057020334683	11.602011286911528	0.9899654691418446	0.1191096316519881	64034.91362797541
-5628.485618162348	3.54117364878727	14.627744790201557	0.8609009521953725	0.12309747037998756	64034.91362797541
-3800.4163985379423	5.155571561466607	20.17251739642205	0.99	0.11793583044758578	64034.91362797541
-10421.444453532551	0.2734126852603944	0.047593925849063606	0.01818808621930563	0.1558492966755979	64034.91362797541
-4472.637019549197	5.365937439106529	12.549439949765178	0.99	0.1200029321374927	64034.91362797541
-3716.29209817603	5.059656088990416	22.615493695666302	0.9899228191741799	0.11733641254459705	64034.91362797541
-3962.776295941409	5.850073616273522	17.30260237089301	0.9831761504256636	0.11794394127091472	64034.91362797541
-4669.125007365887	4.196988342210429	10.819234174882583	0.99	0.12020003653439501	64034.91362797541
-10418.883069414958	0.31463449382531133	0.05531154581951966	0.6741376448084362	0.1529782419328313	64034.91362797541
-3776.1532792751364	5.6574896922993965	21.366979170193485	0.985480638468868	0.11754203414410902	64034.91362797541
-4948.735008467797	3.7760835682020493	10.223455806438638	0.9628839994584423	0.12069277258901134	64034.91362797541
-3818.251668240231	5.811835517882237	20.610041489251753	0.9873459077745254	0.11727737852536174	64034.91362797541
-4570.872374424584	4.393900165582783	11.29504667340828	0.9899688288993744	0.11995026845245839	64034.91362797541
-10418.891041395846	0.3253959704492719	0.0472562029002003	0.9507514028960196	0.15298263039998913	64034.91362797541
-8672.888400668031	0.01	0.11928249097302783	0.01	0.14813652164676802	64034.91362797541
-4321.606943933275	4.954592840715017	12.951587101986664	0.99	0.11884465099666801	64034.91362797541
-4496.526395432856	4.706507867529813	11.714521819655566	0.9900000000000001	0.12027093096162834	64034.91362797541
-4415.6017182491005	5.073868186876374	12.404699361521232	0.9900000000000001	0.11849314316442595	64034.91362797541
-10418.839580307293	0.311333183045621	0.05745657530936238	0.5659083256540552	0.15298133377591092	64034.91362797541
-4572.652933330735	4.298643753282654	11.391183459149682	0.9899999999999999	0.11961825765803058	64034.91362797541
-4639.456313052628	4.717502594838135	11.053746568904232	0.9899958872405119	0.12048834285752716	64034.91362797541
-3892.813046424939	5.852188720824573	18.59725048183839	0.9850532202652418	0.12152816847980483	64034.91362797541
-8672.888401638189	0.01	0.11928258834631925	0.01	0.1481352675902922	64034.91362797541
-3903.8752095391087	5.392643834248485	18.050932467507486	0.99	0.11773205801160111	64034.91362797541
-8672.888400938715	0.01	0.11928255380582103	0.010000000000000002	0.14813602591829766	64034.91362797541
-4838.511094365162	3.85759345264251	10.329783694374573	0.99	0.12008117634000297	64034.91362797541
-3796.4222682777727	6.111922716102197	20.742312137329463	0.9881660027053604	0.11550829801471876	64034.91362797541
-3813.775805241462	5.731405325756307	20.57985238858848	0.9847176547022636	0.11659020031505085	64034.91362797541
-10418.751016361482	0.2978524819427138	0.042912733381870065	0.7418884604939409	0.1529843152396805	64034.91362797541
-4539.316908849628	4.194737897660049	12.130498741405725	0.9874975830524203	0.11873364740117699	64034.91362797541
-4600.079375635411	4.813280328401526	13.076561063429782	0.9488053819778663	0.12160395030298984	64034.91362797541
-4034.5374271328014	6.341918920726649	18.86847325057262	0.964123239588665	0.11753562451615032	64034.91362797541
-3943.9733810416615	5.771805217291042	17.788964276566944	0.9898432699962013	0.11796087577306288	64034.91362797541
-4214.378661898757	4.9742201920940685	13.96538078320135	0.9899999999999999	0.12032568375498814	64034.91362797541
-4350.28366297652	4.99236013975572	12.738981260900696	0.99	0.1200024363977022	64034.91362797541
-3690.8554013087596	4.767759219447492	23.190347425059056	0.99	0.11701254147142856	64034.91362797541
