# /home/u2/oliviafernflores/miniconda3/bin/dadi-cli InferDFE --fs /groups/rgutenk/oliviafernflores/gene_ontology/GO_DFE_Inference/GO_0065007_SFS/0065007_dict_Mmd_FRA_Mmd_IRA_SFS_nsyn_unfolded.fs --cache2d /groups/rgutenk/oliviafernflores/IRA_FRA/mmd_FRA_mmd_IRA_2d_cache.bpkl --pdf2d biv_lognormal --p0 1 1 1 1 .5 .5 --lbounds -10 -10 0.01 0.01 0.001 0 --ubounds 10 10 10 10 0.999 0.5 --demo-popt /groups/rgutenk/oliviafernflores/IRA_FRA/demo_results/IRA_FRA_im_pre_inbreeding_demo_fits_combined.txt --ratio 2.4 --output /groups/rgutenk/oliviafernflores/gene_ontology/GO_DFE_Inference/GO_0065007_SFS/mmd_FRA_mmd_IRA_2d_biv_lognormal_asymmetric_DFE_0065007 --optimizations 15 --maxeval 400 --check-convergence 10
# Log(likelihood)	log_mu1	log_sigma1	log_mu2	log_sigma2	rho	misid	theta
-12450.769704824634	1.1353379272144957	0.929285471439303	0.0759125566416857	1.2059975958316922	0.912095926442703	0.49505016821151365	22091.2144245875
-10814.977308586123	0.7380807363123376	1.6887404309305343	0.07174471396081117	1.045716612967869	0.6636677401505077	0.49442209184622105	22091.2144245875
-12744.456352085595	1.074637684626635	3.2753464696080297	0.044154878202030935	1.664444850899037	0.9043019887096071	0.495416395067132	22091.2144245875
-3299.0399285200783	2.7004771573950426	2.9081814981892355	1.5928695369033814	1.6616881619162405	0.999	0.211731595739669	22091.2144245875
-9129.6858814956	0.3175776944777707	1.4834270625671795	0.053463206425786836	1.570784176121498	0.46690560903697365	0.46825527179404086	22091.2144245875
-1661.5180221350388	3.4580931474991967	7.877613752696967	2.004817857716374	6.029751319106584	0.9989973672926098	0.018153740615757773	22091.2144245875
-9192.160883628087	4.1190015411293315	9.995916749456866	2.519383282872056	7.418313569553932	0.999	0.46283671751706496	22091.2144245875
-729.8345691533173	-0.5448482043555425	0.41313005524254953	0.5801820990750545	0.575461372729783	0.9918833112580175	0.015875425128901506	22091.2144245875
-14490.918268176341	1.4129233481851988	0.6006438579845965	0.020081580286414994	1.5441625779144257	0.6123656028276463	0.44946962342150015	22091.2144245875
-9336.912048476157	0.6701286116388543	1.5170077359615999	1.2844399199603336	0.07134719290084318	0.4003926318073381	0.44811961182645466	22091.2144245875
-9887.795663010307	10.0	4.486790498723766	7.822069187439503	2.4373065603212813	0.999	0.49842631644361296	22091.2144245875
-9163.588604172473	9.462633420205693	4.979438358154278	6.961057628402925	2.8639454917310885	0.999	0.4760376690725136	22091.2144245875
-8275.633334787239	7.80577889386106	5.0061406204822365	5.359227112503388	2.829618260846204	0.999	0.44073314835781835	22091.2144245875
-6864.6402018101035	5.802621003417909	8.788828338422253	3.844733465362541	6.201418525469181	0.9850866963476739	0.38491457441000965	22091.2144245875
-6608.796574600168	10.0	7.917175902410337	7.198844640330779	6.079795263917994	0.909437947482372	0.37845416231817997	22091.2144245875
