# /home/u2/oliviafernflores/miniconda3/bin/dadi-cli InferDFE --fs /groups/rgutenk/oliviafernflores/gene_ontology/GO_DFE_Inference/GO_0065007_SFS/0065007_dict_Mmd_FRA_Mmd_IRA_SFS_nsyn_unfolded.fs --cache2d /groups/rgutenk/oliviafernflores/IRA_FRA/mmd_FRA_mmd_IRA_2d_cache.bpkl --pdf2d biv_lognormal --p0 1 1 .5 .5 --lbounds -10 0.01 0.001 0 --ubounds 10 10 0.999 0.5 --demo-popt /groups/rgutenk/oliviafernflores/IRA_FRA/demo_results/IRA_FRA_im_pre_inbreeding_demo_fits_combined.txt --ratio 2.4 --output /groups/rgutenk/oliviafernflores/gene_ontology/GO_DFE_Inference/GO_0065007_SFS/mmd_FRA_mmd_IRA_2d_biv_lognormal_DFE_0065007 --optimizations 15 --maxeval 400 --check-convergence 10
# Log(likelihood)	log_mu	log_sigma	rho	misid	theta
-778.1126483378488	6.0964022905737965	4.029051093301133	0.9956151119774796	0.02060614265629617	22091.2144245875
-579.570434722906	9.54842612838189	6.976066018118421	0.9601868887741948	0.010830390587942421	22091.2144245875
-579.570413658718	9.548664012968851	6.976113192676446	0.9602255013880423	0.010830861294508888	22091.2144245875
-579.570421451234	9.547795425662262	6.975367322937221	0.9602393099064588	0.010829090942451922	22091.2144245875
-2518.1381487529807	8.482123168836475	6.092711273497543	0.9517103953729202	0.17455316197424195	22091.2144245875
-579.5704121756652	9.548416355390875	6.975898371842806	0.9602338762926595	0.010827777369183557	22091.2144245875
-7314.166539402135	8.908214075674577	6.301044115507487	0.999	0.4079910544517099	22091.2144245875
-604.3636222890273	8.05692781702775	5.675514281884236	0.9893578659133963	0.016034954100001202	22091.2144245875
-579.5704213326023	9.548651813809789	6.976264157545169	0.9602097870024618	0.010828393749090285	22091.2144245875
-597.9254357739815	8.59843121654573	6.079268050490665	0.999	0.00786534692730178	22091.2144245875
