# /home/u2/oliviafernflores/miniconda3/bin/dadi-cli InferDFE --fs /groups/rgutenk/oliviafernflores/gene_ontology/GO_DFE_Inference/GO_0065007_SFS/0065007_dict_Mmd_FRA_Mmd_IRA_SFS_nsyn_unfolded.fs --cache2d /groups/rgutenk/oliviafernflores/IRA_FRA/mmd_FRA_mmd_IRA_2d_cache.bpkl --pdf2d biv_ind_gamma --p0 1 1 .5 --lbounds 0.010 0.010 0 --ubounds 100 1000 0.999 --demo-popt /groups/rgutenk/oliviafernflores/IRA_FRA/demo_results/IRA_FRA_im_pre_inbreeding_demo_fits_combined.txt --ratio 2.4 --output /groups/rgutenk/oliviafernflores/gene_ontology/GO_DFE_Inference/GO_0065007_SFS/mmd_FRA_mmd_IRA_2d_biv_ind_gamma_symmetric_DFE_0065007 --optimizations 20 --maxeval 400 --check-convergence 10
# Log(likelihood)	shape	scale	misid	theta
-6555.667604180061	0.6606247526355103	56.88844903985543	0.025707073204550825	22091.2144245875
-7318.963512052878	0.7830733942259795	35.50707458938029	0.02739785540140606	22091.2144245875
-6681.415618227006	0.6811672621724741	52.21472576314476	0.02596412971995595	22091.2144245875
-6311.953295015312	0.6287101684466058	68.13487216544117	0.023863747413729628	22091.2144245875
-6285.919467258336	0.6201575782075622	69.33546619118623	0.025382539008728503	22091.2144245875
-7181.763114406637	0.7433420971022102	40.504414657771676	0.05060457905328683	22091.2144245875
-5922.518946872819	0.5315470262003634	100.77437691517727	0.033219614897092145	22091.2144245875
-6019.100045474314	0.5777232449490021	86.28863642808632	0.025822102638139027	22091.2144245875
-5913.07640369248	0.56244103117595	94.7946722009256	0.02490857633775327	22091.2144245875
-6352.762194385188	0.630736106477236	65.89198130853697	0.025692213301195196	22091.2144245875
-5791.531258242478	0.48859762232147663	127.16487423041067	0.040160520755977404	22091.2144245875
-5611.070982661039	0.5168801747810454	128.59142076075517	0.029138737799773457	22091.2144245875
-5836.258806300021	0.5518499639439814	101.80998203799876	0.02443316610206369	22091.2144245875
-5431.856708071526	0.4895893342229047	156.71250013344033	0.023815921822682454	22091.2144245875
-5181.859517835918	0.4495934144302029	218.06227450934762	0.0232429867781388	22091.2144245875
-4978.565917185353	0.37092603768507937	425.1107803184668	0.0494005599242859	22091.2144245875
-5306.388533966522	0.46561835844963406	185.19246810146475	0.028108893620808786	22091.2144245875
-5158.830310810294	0.44599580084014856	225.55162177666145	0.023294245689760334	22091.2144245875
--	nan	nan	nan	22091.2144245875
-5214.378004455455	0.45691411555377004	208.3506279204996	0.023153377174994653	22091.2144245875
