# /home/u2/oliviafernflores/miniconda3/bin/dadi-cli InferDFE --fs /groups/rgutenk/oliviafernflores/gene_ontology/GO_DFE_Inference/GO_0065007_SFS/0065007_dict_Mmd_FRA_Mmd_IRA_SFS_nsyn_unfolded.fs --cache1d /groups/rgutenk/oliviafernflores/IRA_FRA/mmd_FRA_mmd_IRA_1d_cache.bpkl --pdf2d lognormal --p0 1 1 .5 --lbounds -10 0.01 0 --ubounds 10 10 0.5 --demo-popt /groups/rgutenk/oliviafernflores/IRA_FRA/demo_results/IRA_FRA_im_pre_inbreeding_demo_fits_combined.txt --ratio 2.4 --output /groups/rgutenk/oliviafernflores/gene_ontology/GO_DFE_Inference/GO_0065007_SFS/mmd_FRA_mmd_IRA_1d_lognormal_DFE_0065007 --optimizations 15 --maxeval 400 --check-convergence 10
# Log(likelihood)	log_mu	log_sigma	misid	theta
-8480.157460194165	0.9045948933000715	0.026170426300370867	0.2643077728323217	22091.2144245875
-593.6729077661995	8.895603738480146	6.389578739850911	0.01080552458663676	22091.2144245875
-593.6729081025467	8.895488208334527	6.389508562299225	0.010805792361486141	22091.2144245875
-593.6729097323591	8.895581126275458	6.389546506986827	0.010803497218706585	22091.2144245875
-593.6729077704247	8.895688891761154	6.389649272156108	0.010804711345081326	22091.2144245875
-593.6729075484551	8.89568937060542	6.389653820316201	0.010805432013481936	22091.2144245875
-593.672907610804	8.89574125003924	6.389708453869071	0.010804920593293762	22091.2144245875
-593.6729084606275	8.895751790584102	6.389738237310223	0.010806042544830377	22091.2144245875
-593.6729079252128	8.895526540751737	6.389523371362391	0.010805997862256769	22091.2144245875
-593.672908005749	8.895547477747341	6.389557372239122	0.010806048967449036	22091.2144245875
