# /home/u2/oliviafernflores/miniconda3/bin/dadi-cli InferDFE --fs /groups/rgutenk/oliviafernflores/gene_ontology/GO_DFE_Inference/GO_0065007_SFS/0065007_dict_Mmd_FRA_Mmd_IRA_SFS_nsyn_unfolded.fs --cache1d /groups/rgutenk/oliviafernflores/IRA_FRA/mmd_FRA_mmd_IRA_1d_cache.bpkl --pdf2d gamma --p0 1 1 .5 --lbounds 0.010 0.010 0 --ubounds 100 1000 0.999 --demo-popt /groups/rgutenk/oliviafernflores/IRA_FRA/demo_results/IRA_FRA_im_pre_inbreeding_demo_fits_combined.txt --ratio 2.4 --output /groups/rgutenk/oliviafernflores/gene_ontology/GO_DFE_Inference/GO_0065007_SFS/mmd_FRA_mmd_IRA_2d_gamma_DFE_0065007 --optimizations 20 --maxeval 400 --check-convergence 10
# Log(likelihood)	shape	scale	misid	theta
-1969.0603142269265	0.689365920454773	100.81153739806304	0.020452788156937993	22091.2144245875
-1944.3422386425473	0.6721078407918597	103.48904838570628	0.018198764991658706	22091.2144245875
-1775.4062589387017	0.6478181206387917	123.5622407852276	0.01744553792247119	22091.2144245875
-1467.2242645846757	0.5776744276114758	192.95849850452467	0.02793905538664244	22091.2144245875
-1711.6090062477613	0.5789184231316712	155.00516770815986	0.010978355626018845	22091.2144245875
-1820.8560686141002	0.6417210328789594	119.28830411077053	0.019607540483484086	22091.2144245875
-2196.6123573357086	0.6872631644334036	87.28395810347025	0.029144532660779935	22091.2144245875
-2288.5403417546777	0.7384766527097157	75.41373761853785	0.015407068284909264	22091.2144245875
-1493.8147888244202	0.5888101478439632	177.31749960722684	0.016791722363850556	22091.2144245875
-1537.1415554860068	0.590754175832231	169.89327874941242	0.011534791874916057	22091.2144245875
-1561.961084110721	0.6041223498591707	161.13620537075812	0.01721035192920985	22091.2144245875
-1614.57497076082	0.6144116478272155	150.27589191427862	0.017587296205874396	22091.2144245875
-1249.5916343229344	0.5353160180082714	265.61202446988705	0.015991312847925696	22091.2144245875
-1436.7555943600619	0.5769136537992925	193.0778215721031	0.017341031666166816	22091.2144245875
-1421.54835450714	0.5732578455551663	197.7439044132408	0.017654782979917183	22091.2144245875
-1296.6083128235443	0.5462033250397563	243.48473192224884	0.016185521327305472	22091.2144245875
-1147.656059319597	0.5106796975671807	327.31023428124956	0.015430649558828696	22091.2144245875
-1170.1958833524986	0.5157076238756378	312.76247178842226	0.018024898107112535	22091.2144245875
-1037.7051400157504	0.48214357327700985	427.1520348265186	0.01513122991406603	22091.2144245875
-1107.0697216921865	0.5007024302123763	359.04210109309673	0.015511023050220923	22091.2144245875
