# /home/u2/oliviafernflores/miniconda3/bin/dadi-cli InferDFE --fs /groups/rgutenk/oliviafernflores/gene_ontology/GO_DFE_Inference/GO_0065007_SFS/0065007_dict_Mmd_FRA_Mmd_IRA_SFS_nsyn_unfolded.fs --cache2d /groups/rgutenk/oliviafernflores/IRA_FRA/mmd_FRA_mmd_IRA_2d_cache.bpkl --pdf2d biv_ind_gamma --p0 1 1 1 1 .5 --lbounds 0.010 0.010 0.01 0.01 0 --ubounds 100 1000 100 1000 0.999 --demo-popt /groups/rgutenk/oliviafernflores/IRA_FRA/demo_results/IRA_FRA_im_pre_inbreeding_demo_fits_combined.txt --ratio 2.4 --output /groups/rgutenk/oliviafernflores/gene_ontology/GO_DFE_Inference/GO_0065007_SFS/mmd_FRA_mmd_IRA_2d_biv_ind_gamma_asymmetric_DFE_0065007 --optimizations 20 --maxeval 400 --check-convergence 10
# Log(likelihood)	shape1	scale1	shape2	scale2	misid	theta
-9875.430944399419	1.0568144185847503	2.0664485945143127	16.552972740294184	5.240293339796663	0.040298685401079094	22091.2144245875
-9803.003177503251	1.1401083156000427	1.51639183200786	13.746395167238777	8.95932643738036	0.03238432938458103	22091.2144245875
-9220.447282434674	1.0960460032552446	1.1345405951460845	15.200906125487347	14.718733758829307	0.035567967467320036	22091.2144245875
-9514.3838055862	0.8396248781115612	5.184871157781471	32.06024930559918	1.618399425175803	0.03263096858565986	22091.2144245875
-8859.353722321299	0.8237777896696712	2.9188199691417056	37.460630528992205	3.0197766114245193	0.033470779187159704	22091.2144245875
-8972.382234508797	1.1000199055343907	0.9934353297114733	15.829261490246333	18.431749406056085	0.03160277166298408	22091.2144245875
-8951.761024474124	0.899443862574415	1.8075571641871633	25.198524427073657	6.387743216295655	0.03136489597914625	22091.2144245875
-8793.558203117645	1.1091341189588149	0.9750426845513269	17.75060749370065	19.332862961458794	0.029243712884690867	22091.2144245875
-8321.952957982721	0.8997926848470854	1.1870037287108601	26.814924672516643	12.687878563330639	0.02886973751322361	22091.2144245875
-8848.18384351044	1.0773102375337251	0.9534575122743829	16.462899035889755	19.754782624552572	0.029846138948774668	22091.2144245875
-8536.951234521563	1.0565419692451012	0.9050481516703798	19.50809633723119	20.977965034763507	0.02997765347149742	22091.2144245875
-8973.903544850997	0.9119983179857358	1.994300207200957	26.594831445376542	5.491156599399725	0.034989020709355854	22091.2144245875
-7655.630387003893	0.8260272667153687	0.9917015953203522	36.02432706219275	17.3314601593319	0.02745740327134262	22091.2144245875
-7362.179215907674	0.7323367443263592	1.1479668147031217	51.670641203643264	13.011470543017193	0.027996425349366912	22091.2144245875
-9551.519123889262	1.3001081846214193	0.8694687410574383	10.427403704076426	26.181727414591073	0.02545256034893025	22091.2144245875
-7714.889710429874	0.8253681456659507	0.6461557634324007	27.49666043285636	40.95493342482517	0.033846411387616744	22091.2144245875
-7469.233721067376	0.8641794832126616	0.7000475081891938	29.048367923454208	40.59072086613311	0.03392071172396088	22091.2144245875
-7467.5283209475165	0.9193304980201426	0.5974345456769208	25.532029000304405	58.25390278373544	0.02794494314201533	22091.2144245875
-6569.3498916259405	0.6559303247284686	0.7917673442810391	70.3184866510032	28.73366155091485	0.044244291019222226	22091.2144245875
-7183.38046604856	0.8496543964334186	0.6630133044542476	34.00001977135587	44.28243120976462	0.028711075364514105	22091.2144245875
