# /home/u2/oliviafernflores/miniconda3/bin/dadi-cli InferDFE --fs /groups/rgutenk/oliviafernflores/gene_ontology/GO_DFE_Inference/GO_0008152_SFS/0008152_dict_Mmd_FRA_Mmd_IRA_SFS_nsyn_unfolded.fs --cache2d /groups/rgutenk/oliviafernflores/IRA_FRA/mmd_FRA_mmd_IRA_2d_cache.bpkl --pdf2d biv_lognormal --p0 1 1 .5 .5 --lbounds -10 0.01 0.001 0 --ubounds 10 10 0.999 0.5 --demo-popt /groups/rgutenk/oliviafernflores/IRA_FRA/demo_results/IRA_FRA_im_pre_inbreeding_demo_fits_combined.txt --ratio 2.4 --output /groups/rgutenk/oliviafernflores/gene_ontology/GO_DFE_Inference/GO_0008152_SFS/mmd_FRA_mmd_IRA_2d_biv_lognormal_DFE_0008152 --optimizations 15 --maxeval 400 --check-convergence 10
# Log(likelihood)	log_mu	log_sigma	rho	misid	theta
-557.054767677717	10.0	5.850759069672935	0.9666282881095861	0.015111644361836594	22091.2144245875
-557.0547675223238	10.0	5.85075380082715	0.9666310057872307	0.015112056119545251	22091.2144245875
-785.2076547049767	7.195053408281403	3.9810225730121602	0.97957687995418	0.012016276177823498	22091.2144245875
-717.8244435276104	7.585574967213519	4.172835963389007	0.9976737513798419	0.019071867176905274	22091.2144245875
-641.8427315401246	8.339322616326026	4.660484529540637	0.9986898957330691	0.016041961359641085	22091.2144245875
-557.0548261403169	10.0	5.850634941026399	0.9666553913124543	0.01512983895419516	22091.2144245875
-5298.436881041765	8.913783902927975	5.289570245261798	0.8383600891672086	0.4655204108493348	22091.2144245875
-557.1572735660783	10.0	5.858996640807097	0.9657582344943159	0.014601156358594908	22091.2144245875
-557.0547685758831	10.0	5.850724413765124	0.966633126311428	0.015111761266253847	22091.2144245875
-557.0547744021399	10.0	5.850659947772719	0.9666559710278678	0.015111866944518456	22091.2144245875
