# /home/u2/oliviafernflores/miniconda3/bin/dadi-cli InferDFE --fs /groups/rgutenk/oliviafernflores/gene_ontology/GO_DFE_Inference/GO_0008152_SFS/0008152_dict_Mmd_FRA_Mmd_IRA_SFS_nsyn_unfolded.fs --cache1d /groups/rgutenk/oliviafernflores/IRA_FRA/mmd_FRA_mmd_IRA_1d_cache.bpkl --pdf2d gamma --p0 1 1 .5 --lbounds 0.010 0.010 0 --ubounds 100 1000 0.999 --demo-popt /groups/rgutenk/oliviafernflores/IRA_FRA/demo_results/IRA_FRA_im_pre_inbreeding_demo_fits_combined.txt --ratio 2.4 --output /groups/rgutenk/oliviafernflores/gene_ontology/GO_DFE_Inference/GO_0008152_SFS/mmd_FRA_mmd_IRA_2d_gamma_DFE_0008152 --optimizations 20 --maxeval 400 --check-convergence 10
# Log(likelihood)	shape	scale	misid	theta
-2726.062721096363	0.8891840175545558	93.4989401634151	0.0	22091.2144245875
-3218.4227661249115	1.0569925437726766	54.94191089281575	0.024379252478139768	22091.2144245875
-3089.934350162513	1.0311281322726538	59.468072065712896	0.02377473939240794	22091.2144245875
-2205.879905097363	0.8470866526659707	115.85029422463646	0.02298397279081435	22091.2144245875
-2682.695238991375	0.9461154436135033	78.40624343752124	0.02209777701154427	22091.2144245875
-2624.426871467783	0.932791215206835	81.83598638383697	0.023852060024624804	22091.2144245875
-2378.4724446433524	0.8790364310558452	99.49271816123874	0.02371634829607368	22091.2144245875
-2381.772105818878	0.8811797668351652	99.20928256073435	0.023461074011502554	22091.2144245875
-1975.4382820584942	0.792331578051291	145.15761109610014	0.022190414459918026	22091.2144245875
-1624.058061653789	0.7141303151369466	221.4619673408154	0.02495284740323614	22091.2144245875
-1572.4213450981674	0.691446966043831	257.83858866573536	0.04406992538725558	22091.2144245875
-1748.7671754582911	0.7076310144953198	197.51714063506438	0.026076770692818704	22091.2144245875
-1510.5098200430562	0.6494825929467831	294.934383591373	0.045836549257400265	22091.2144245875
-1475.8593696175924	0.6351674485891892	303.2433815640138	0.011685423427411351	22091.2144245875
-1597.797608372158	0.7052763826394046	228.78689566902273	0.021152086838646465	22091.2144245875
-1558.814984206146	0.6961515602340405	241.9354244338536	0.019277427187040258	22091.2144245875
-1497.6068722846933	0.6809330602891809	264.73286732226376	0.020659895220878206	22091.2144245875
-1992.262400068919	0.7960042400327048	142.6257737899865	0.02239323283072831	22091.2144245875
-1414.0688810473202	0.6599827799008486	302.35909182935495	0.020440008433640876	22091.2144245875
-1438.2357708903178	0.6662320516776775	290.6158413242483	0.020518630790730224	22091.2144245875
