# /home/u2/oliviafernflores/miniconda3/bin/dadi-cli InferDFE --fs /groups/rgutenk/oliviafernflores/gene_ontology/GO_DFE_Inference/GO_0008152_SFS/0008152_dict_Mmd_FRA_Mmd_IRA_SFS_nsyn_unfolded.fs --cache2d /groups/rgutenk/oliviafernflores/IRA_FRA/mmd_FRA_mmd_IRA_2d_cache.bpkl --pdf2d biv_lognormal --p0 1 1 1 1 .5 .5 --lbounds -10 -10 0.01 0.01 0.001 0 --ubounds 10 10 10 10 0.999 0.5 --demo-popt /groups/rgutenk/oliviafernflores/IRA_FRA/demo_results/IRA_FRA_im_pre_inbreeding_demo_fits_combined.txt --ratio 2.4 --output /groups/rgutenk/oliviafernflores/gene_ontology/GO_DFE_Inference/GO_0008152_SFS/mmd_FRA_mmd_IRA_2d_biv_lognormal_asymmetric_DFE_0008152 --optimizations 15 --maxeval 400 --check-convergence 10
# Log(likelihood)	log_mu1	log_sigma1	log_mu2	log_sigma2	rho	misid	theta
-10060.373276892813	1.4812421400379276	1.7244711305776799	0.05032413665252251	0.9560740326291558	0.47862841856728805	0.49568335504726635	22091.2144245875
-9809.330896099023	1.4132210551295354	1.6659526383467513	0.019249591486102946	1.3720308383211657	0.3129514541427017	0.4947861105074862	22091.2144245875
-6195.514875382993	6.405024577023819	4.416995331498931	3.5087995683438127	1.8034188237414688	0.999	0.49496770663966577	22091.2144245875
-5395.332716628811	10.0	5.557000292433315	5.9339470799545095	2.6156972840127666	0.999	0.475074626570063	22091.2144245875
-6257.684461048887	4.807892781497599	8.211412228872689	2.404234467050092	4.64391822230941	0.9989778924548681	0.48443882487321116	22091.2144245875
-699.4918806081072	2.8409554810979687	3.0212698915838487	1.6000246307666615	1.5456466805786016	0.999	0.0251098383825227	22091.2144245875
-618.1859622113905	10.0	6.076004969719817	5.927596660301238	2.9834555815684944	0.999	0.01559106699647636	22091.2144245875
-2298.8282214664946	6.17570242022397	9.993040061657863	3.2992905913612556	5.759406018881719	0.998983145240786	0.22102065839809812	22091.2144245875
-5400.379567801036	10.0	9.91082328599267	5.97213605774237	5.511201157154658	0.9947338638084797	0.47942829262938697	22091.2144245875
-676.9948506504056	10.0	5.525847851881221	6.099794860393829	2.592241848305825	0.999	0.020035473794566355	22091.2144245875
-595.2526589666857	10.0	6.602732958665372	5.906387537224655	3.335717706854256	0.999	0.015388977771537988	22091.2144245875
-4041.914472241068	10.0	7.107979046943161	6.223776295757002	3.4050290329340154	0.999	0.37981466810614856	22091.2144245875
-4611.516791968385	9.883154072285175	10.0	5.783322378250124	5.800577632523403	0.9734462592978953	0.42892163563761626	22091.2144245875
-551.6640173992466	10.0	9.941600440286328	5.8937189668879615	5.590754823700355	0.9987253204061292	0.014136645315961788	22091.2144245875
-4034.0631754455767	8.914729360335954	9.72269039999709	5.164484344653677	5.458738213633431	0.9941213093434765	0.38663832968130035	22091.2144245875
