# /home/u2/oliviafernflores/miniconda3/bin/dadi-cli InferDFE --fs /groups/rgutenk/oliviafernflores/gene_ontology/GO_DFE_Inference/GO_0008152_SFS/0008152_dict_Mmd_FRA_Mmd_IRA_SFS_nsyn_unfolded.fs --cache2d /groups/rgutenk/oliviafernflores/IRA_FRA/mmd_FRA_mmd_IRA_2d_cache.bpkl --pdf2d biv_ind_gamma --p0 1 1 .5 --lbounds 0.010 0.010 0 --ubounds 100 1000 0.999 --demo-popt /groups/rgutenk/oliviafernflores/IRA_FRA/demo_results/IRA_FRA_im_pre_inbreeding_demo_fits_combined.txt --ratio 2.4 --output /groups/rgutenk/oliviafernflores/gene_ontology/GO_DFE_Inference/GO_0008152_SFS/mmd_FRA_mmd_IRA_2d_biv_ind_gamma_symmetric_DFE_0008152 --optimizations 20 --maxeval 400 --check-convergence 10
# Log(likelihood)	shape	scale	misid	theta
-6462.817990656924	0.8500518612056988	61.47493264715713	0.026491494475046513	22091.2144245875
-6678.050856135175	0.8972391890251386	54.01081078054448	0.034292674811401753	22091.2144245875
-6313.096967162996	0.831018810765802	67.17768510097166	0.03224703965297323	22091.2144245875
-6216.1391048010355	0.8077918843388905	71.56545671016492	0.03143458210345267	22091.2144245875
-6825.577832054352	0.9198839883183694	49.73328875091787	0.033973699282152214	22091.2144245875
-5963.449295458894	0.7719650579362854	84.87029327365566	0.031177084809156562	22091.2144245875
-5937.3688055374105	0.6660004180969041	103.27387181792948	0.019378677207969576	22091.2144245875
-5049.4685901226885	0.615545308698088	186.838053526562	0.029676565578207515	22091.2144245875
-5271.424024783147	0.6522214274588947	149.39775835319605	0.03043093287739554	22091.2144245875
-6093.960039660735	0.7931074537155757	77.53309177488451	0.030991796819823725	22091.2144245875
-5420.735236465852	0.6794581735381532	130.27132650739478	0.030427682633816233	22091.2144245875
-5262.317631962229	0.6445356844632625	152.27842743078514	0.03889584520392114	22091.2144245875
-5431.206515379433	0.6019867993369243	152.13090724036545	0.032478098880427284	22091.2144245875
-5464.421513614442	0.6629637121548478	128.4036685892092	0.02491908778031749	22091.2144245875
-4879.949953618254	0.5766750609964667	229.87599008917545	0.021327927522329627	22091.2144245875
-4921.471425059084	0.5949534123813718	216.68000409197467	0.023894599429874888	22091.2144245875
-6304.925985819488	0.834423104939041	68.1718660076757	0.023093489480459667	22091.2144245875
-4567.023308693932	0.5301383237953313	342.02264861845697	0.028345822485795896	22091.2144245875
-4578.978291737799	0.5309206619570102	338.8823409219242	0.03543125170016489	22091.2144245875
-4251.093625929236	0.4713785801575813	579.5176402336633	0.02758412178341653	22091.2144245875
