# /home/u2/oliviafernflores/miniconda3/bin/dadi-cli InferDFE --fs /groups/rgutenk/oliviafernflores/gene_ontology/GO_DFE_Inference/GO_0008152_SFS/0008152_dict_Mmd_FRA_Mmd_IRA_SFS_nsyn_unfolded.fs --cache1d /groups/rgutenk/oliviafernflores/IRA_FRA/mmd_FRA_mmd_IRA_1d_cache.bpkl --pdf2d lognormal --p0 1 1 .5 --lbounds -10 0.01 0 --ubounds 10 10 0.5 --demo-popt /groups/rgutenk/oliviafernflores/IRA_FRA/demo_results/IRA_FRA_im_pre_inbreeding_demo_fits_combined.txt --ratio 2.4 --output /groups/rgutenk/oliviafernflores/gene_ontology/GO_DFE_Inference/GO_0008152_SFS/mmd_FRA_mmd_IRA_1d_lognormal_DFE_0008152 --optimizations 15 --maxeval 400 --check-convergence 10
# Log(likelihood)	log_mu	log_sigma	misid	theta
-11265.879923417226	1.3301683248328589	0.010064225993818092	0.45488755804153197	22091.2144245875
-564.4596332108376	10.0	5.8206317461561445	0.014694733423553633	22091.2144245875
-564.4596428644327	10.0	5.820634017286807	0.014701917208991078	22091.2144245875
-564.4596330533991	10.0	5.820640463494034	0.014694290054183807	22091.2144245875
-564.4596333099324	10.0	5.820633925887847	0.014694477655624677	22091.2144245875
-564.4596344899412	10.0	5.8206084871116985	0.014693697846073687	22091.2144245875
-564.459633124977	10.0	5.820643655811736	0.014694504561472801	22091.2144245875
-564.4596331475409	10.0	5.820645299566557	0.014693640537480214	22091.2144245875
-564.4596331009915	10.0	5.820637194342262	0.014693953639607805	22091.2144245875
-564.4596331467702	10.0	5.820639672315657	0.014694663406921857	22091.2144245875
