# /home/u2/oliviafernflores/miniconda3/bin/dadi-cli InferDFE --fs /groups/rgutenk/oliviafernflores/gene_ontology/GO_DFE_Inference/GO_0008152_SFS/0008152_dict_Mmd_FRA_Mmd_IRA_SFS_nsyn_unfolded.fs --cache2d /groups/rgutenk/oliviafernflores/IRA_FRA/mmd_FRA_mmd_IRA_2d_cache.bpkl --pdf2d biv_ind_gamma --p0 1 1 1 1 .5 --lbounds 0.010 0.010 0.01 0.01 0 --ubounds 100 1000 100 1000 0.999 --demo-popt /groups/rgutenk/oliviafernflores/IRA_FRA/demo_results/IRA_FRA_im_pre_inbreeding_demo_fits_combined.txt --ratio 2.4 --output /groups/rgutenk/oliviafernflores/gene_ontology/GO_DFE_Inference/GO_0008152_SFS/mmd_FRA_mmd_IRA_2d_biv_ind_gamma_asymmetric_DFE_0008152 --optimizations 20 --maxeval 400 --check-convergence 10
# Log(likelihood)	shape1	scale1	shape2	scale2	misid	theta
-8524.1592254123	1.110784379653354	1.803715971148506	32.379250059890715	10.931516893175106	0.030006759640808386	22091.2144245875
-9031.003942022475	1.366557189791188	1.2996519845915877	17.68383380461694	22.02060301503815	0.0346848634078776	22091.2144245875
-8296.627079796997	1.0617259194499553	1.7020498907876116	34.556131597560245	12.470284869676085	0.03640968262950731	22091.2144245875
-9170.536240473437	1.4082315406283028	1.1508868669010355	15.023975396659132	28.16060465422402	0.034286150671963035	22091.2144245875
-8027.79656803143	0.9720345421952606	1.7578819757659658	42.29054462934658	12.049298008368845	0.043438153989857876	22091.2144245875
-7738.287733376757	0.9690300642942056	1.0330591069821815	33.11292180209101	36.214201028946725	0.029536793580479632	22091.2144245875
-8011.976881600478	1.0572867679702198	1.611735872876674	39.55847454538124	15.39836794121116	0.05740956860145143	22091.2144245875
-9524.904983353332	1.3394141749228665	1.771946163112839	17.887618375336157	11.670835065465385	0.0387222985274954	22091.2144245875
-8277.794710270668	1.0497493758030203	1.854180494233133	39.50383417525031	10.322214276160809	0.05216906027811513	22091.2144245875
-8184.620631232004	1.0476533363055363	1.6818492296940324	36.48614913476419	12.87856288270247	0.03637852572005824	22091.2144245875
-7543.575112600923	1.00611554668603	1.1996913169597687	41.5580976301238	23.24443524196402	0.03236736558050436	22091.2144245875
-7590.837513410067	1.00537639610057	1.2376821196613663	40.21857537907487	23.119626236205765	0.031238464773795178	22091.2144245875
-6554.517797062127	0.8298728078941913	1.0801107811189208	76.5173254473724	30.876494471332318	0.03646816914713155	22091.2144245875
-7572.243574432147	0.963946892557379	1.4418186307909409	48.9983200502644	16.249549103968736	0.0375500569098405	22091.2144245875
-7356.603694708913	1.0496590913465844	0.9973729548837309	38.95394289681472	36.17246196115349	0.046911861017945054	22091.2144245875
-7001.82813057288	0.987947895901641	0.9195132227944516	44.35326304730216	46.082417517281655	0.031658501676167225	22091.2144245875
-7894.009252369166	0.9778655275506487	1.6922290215015858	44.98255399323209	12.496610803128052	0.036120574812074424	22091.2144245875
-6971.407734213553	0.9732619225774348	0.9253232646790646	45.94960273444807	44.48992235964618	0.034135947818955376	22091.2144245875
-6611.981219419657	0.8565282671982679	0.9441503377552944	63.86087221928768	41.46864831537684	0.045694171134771124	22091.2144245875
-6705.832762377122	0.9191996765104676	0.894324901650265	54.22296066614495	48.07381738946285	0.034796074801229405	22091.2144245875
