# /home/u2/oliviafernflores/miniconda3/bin/dadi-cli InferDFE --fs /groups/rgutenk/oliviafernflores/gene_ontology/GO_DFE_Inference/GO_0050789_SFS/0050789_dict_Mmd_FRA_Mmd_IRA_SFS_nsyn_unfolded.fs --cache2d /groups/rgutenk/oliviafernflores/IRA_FRA/mmd_FRA_mmd_IRA_2d_cache.bpkl --pdf2d biv_ind_gamma --p0 1 1 1 1 .5 --lbounds 0.010 0.010 0.01 0.01 0 --ubounds 100 1000 100 1000 0.999 --demo-popt /groups/rgutenk/oliviafernflores/IRA_FRA/demo_results/IRA_FRA_im_pre_inbreeding_demo_fits_combined.txt --ratio 2.4 --output /groups/rgutenk/oliviafernflores/gene_ontology/GO_DFE_Inference/GO_0050789_SFS/mmd_FRA_mmd_IRA_2d_biv_ind_gamma_asymmetric_DFE_0050789 --optimizations 20 --maxeval 400 --check-convergence 10
# Log(likelihood)	shape1	scale1	shape2	scale2	misid	theta
-9528.379461302336	1.0906937696791978	1.4663638661000984	15.936235808373697	9.352649188113443	0.030345443474880454	22091.2144245875
-8670.471512740594	0.8007953931540827	2.3224502546144934	37.30140775921317	4.503203287665252	0.042577666639754104	22091.2144245875
-8663.730187088999	0.9545675152943791	1.3341065628852533	24.362314691845064	10.772225215010426	0.02384476741570651	22091.2144245875
-8529.719340962543	0.9446917693684709	1.142143502798253	23.076246522174845	14.467359031287199	0.029784498360105816	22091.2144245875
-8314.268903855449	0.8450095793244136	1.4772950847501016	33.01188030390944	8.864991384914553	0.028167206693648073	22091.2144245875
-7951.395409607169	0.8224601649369354	1.400035170905263	39.824965921488285	10.258933663147976	0.032274685466300024	22091.2144245875
-8424.917400288514	0.9834315438595773	0.9841979509409505	22.031230389633908	18.594568295269696	0.029160469015244803	22091.2144245875
-8380.16378299689	0.8159413109726535	1.9029588494830671	38.05359343297239	6.16749717802796	0.030762446360329116	22091.2144245875
-7871.844214334684	0.8227078004512436	1.2104037720872696	37.45769833602706	12.833534955265032	0.020676512881165742	22091.2144245875
-8124.710783979616	0.960516564016947	0.8652793734066949	23.236849990651244	25.4438548272528	0.028505877016875736	22091.2144245875
-6741.872306958267	0.7212630560024839	0.7776040783783695	56.9765983739094	30.636280444000626	0.024763716390035224	22091.2144245875
-7648.524516057547	0.8260511482116764	1.008084611916329	36.8189824459329	17.8085502742992	0.02793616667094586	22091.2144245875
-7565.168209558184	0.8296347828416277	0.9354447743021944	36.0069764703444	21.248930615384914	0.02949743011683146	22091.2144245875
-7110.751338687396	0.8042028164208407	0.7104362672223976	38.66133841682244	38.49595808124144	0.02820160006138199	22091.2144245875
-6931.614959787917	0.7552797589603546	0.7621551436716019	47.988187875814404	31.797191509537033	0.026558684048847408	22091.2144245875
-6540.019835872714	0.7276160601260592	0.6362276090690574	54.533718474956586	49.50839526886306	0.025371605477232786	22091.2144245875
-7266.439857093517	0.836256027601993	0.7285808555798201	35.324959500063166	36.346278425814546	0.028068630617165614	22091.2144245875
-7184.512011486531	0.806163468135495	0.6944966122024029	36.5041275743737	39.98915241078522	0.031019817167793062	22091.2144245875
-6681.86354299984	0.6735125241815991	0.5856439696039315	50.14040592956902	67.81154468030041	0.03087214724502422	22091.2144245875
-6813.330835554145	0.7407304499961315	0.7601775265671659	52.52979467435533	32.0977795773975	0.02910687582619449	22091.2144245875
