# /home/u2/oliviafernflores/miniconda3/bin/dadi-cli InferDFE --fs /groups/rgutenk/oliviafernflores/gene_ontology/GO_DFE_Inference/GO_0050789_SFS/0050789_dict_Mmd_FRA_Mmd_IRA_SFS_nsyn_unfolded.fs --cache2d /groups/rgutenk/oliviafernflores/IRA_FRA/mmd_FRA_mmd_IRA_2d_cache.bpkl --pdf2d biv_lognormal --p0 1 1 1 1 .5 .5 --lbounds -10 -10 0.01 0.01 0.001 0 --ubounds 10 10 10 10 0.999 0.5 --demo-popt /groups/rgutenk/oliviafernflores/IRA_FRA/demo_results/IRA_FRA_im_pre_inbreeding_demo_fits_combined.txt --ratio 2.4 --output /groups/rgutenk/oliviafernflores/gene_ontology/GO_DFE_Inference/GO_0050789_SFS/mmd_FRA_mmd_IRA_2d_biv_lognormal_asymmetric_DFE_0050789 --optimizations 15 --maxeval 400 --check-convergence 10
# Log(likelihood)	log_mu1	log_sigma1	log_mu2	log_sigma2	rho	misid	theta
-12007.313064477019	1.3679343881959212	1.9125262571829467	1.7625698309638609	0.07887492885053907	0.3921066482629005	0.49521350599674785	22091.2144245875
-12521.724714508888	2.086154270843435	2.42686563080839	1.2257362037322592	0.8040026975438813	0.999	0.4952377779800387	22091.2144245875
-4222.169679904302	3.9810880865897067	4.211164556440136	2.480392048340687	2.5520747315650163	0.999	0.25421506362473983	22091.2144245875
-9876.719682500152	4.478835695426993	9.599842303500267	2.7703632647544487	6.942075136340455	0.999	0.49739205523318075	22091.2144245875
-9452.490814627457	9.126571054992812	4.267410738503011	6.564237311796614	2.2486586380331266	0.999	0.49241339671309514	22091.2144245875
-9231.968727863528	9.796454742577552	3.990032149057208	7.154741568303576	2.011795077055506	0.999	0.4839887060425852	22091.2144245875
-4898.501990765301	0.633627752247089	1.295806020915989	1.80061261555644	0.9004728203237997	0.9989928155635249	0.29998611161606664	22091.2144245875
-617.7217198499754	9.802886170186376	5.854227692412743	7.022926139070671	3.6101562411916928	0.999	0.010343422968791312	22091.2144245875
-762.2593045972776	5.928638548698439	5.952961511959945	3.9197750233646826	3.7486335342725776	0.999	0.014681367719664513	22091.2144245875
-893.4689114903587	5.281585800151352	5.604667654193748	3.349873123295213	3.4916702486272655	0.999	0.01399321492282071	22091.2144245875
-6012.660337485422	9.35784754245919	7.496086015922204	6.865226888671562	5.259904954893945	0.9273663475321317	0.35994009193882576	22091.2144245875
-7211.391894966333	9.866623829943427	6.350737114384055	7.247686300336389	4.489734895751631	0.893413110076113	0.40937045356319735	22091.2144245875
-7687.466680470119	7.877103461107589	9.175953924358161	5.51575559909108	6.41904186440265	0.999	0.4304234821385863	22091.2144245875
-578.8533749487874	9.94619206594873	10.0	7.202290930215519	7.300286060182157	0.9548593685485396	0.010557470090144997	22091.2144245875
-1041.266714737186	10.0	9.40518680422613	7.4634240338795905	8.337931184242317	0.6379642493793349	0.001300620281647425	22091.2144245875
