# /home/u2/oliviafernflores/miniconda3/bin/dadi-cli InferDFE --fs /groups/rgutenk/oliviafernflores/gene_ontology/GO_DFE_Inference/GO_0050789_SFS/0050789_dict_Mmd_FRA_Mmd_IRA_SFS_nsyn_unfolded.fs --cache2d /groups/rgutenk/oliviafernflores/IRA_FRA/mmd_FRA_mmd_IRA_2d_cache.bpkl --pdf2d biv_ind_gamma --p0 1 1 .5 --lbounds 0.010 0.010 0 --ubounds 100 1000 0.999 --demo-popt /groups/rgutenk/oliviafernflores/IRA_FRA/demo_results/IRA_FRA_im_pre_inbreeding_demo_fits_combined.txt --ratio 2.4 --output /groups/rgutenk/oliviafernflores/gene_ontology/GO_DFE_Inference/GO_0050789_SFS/mmd_FRA_mmd_IRA_2d_biv_ind_gamma_symmetric_DFE_0050789 --optimizations 20 --maxeval 400 --check-convergence 10
# Log(likelihood)	shape	scale	misid	theta
-6223.095316234658	0.5487059902327562	86.49499797598928	0.015484301614204986	22091.2144245875
-7276.4819989626485	0.7785777020485986	36.96754043169195	0.027764260005382232	22091.2144245875
-6402.70083133967	0.6453715013637068	64.41466091455979	0.025830337621031194	22091.2144245875
-5782.171584176697	0.4899596695861248	128.60237090043412	0.027104684280450316	22091.2144245875
-6901.736485432718	0.7236518029321833	46.125284134540024	0.029727655170940052	22091.2144245875
-6289.754497856725	0.6435868155767834	83.22725292760163	0.027395031805824668	22091.2144245875
-6971.442866677455	0.7284639764994996	44.14409921530883	0.026132636781164335	22091.2144245875
-6309.9050104435955	0.6307877163309888	69.03842030154361	0.02578297383018663	22091.2144245875
-6088.836361019364	0.5975813975932333	82.33087333750521	0.024850021080807787	22091.2144245875
-6014.817045766757	0.5836018795811306	88.16177174452473	0.030173056955039676	22091.2144245875
-5767.629035611142	0.5484866474262275	109.98176737915217	0.024539696941624806	22091.2144245875
-5744.140577606101	0.5444202490866729	112.5493443246904	0.024425408475049388	22091.2144245875
-5406.632268428423	0.49230332024485385	162.76418439112453	0.023802110160467176	22091.2144245875
-5434.4157697503215	0.49642521827265373	157.4180114673248	0.02367666414294112	22091.2144245875
-5659.214411479481	0.5309084135542197	122.66287661006943	0.023881245076711514	22091.2144245875
-5506.888163203854	0.5080773591804337	144.6898602383078	0.023894127464322786	22091.2144245875
-5229.721689949187	0.46351790094618084	208.3471345136759	0.030809884740071274	22091.2144245875
-5523.9812247421305	0.5105478554974073	141.92217753882707	0.024010766824308874	22091.2144245875
-4749.883262267891	0.3491662355293007	570.8052262493646	0.022478465207559785	22091.2144245875
-4774.507120442436	0.38748808675602586	442.3484800369981	0.022160104343494528	22091.2144245875
