# /home/u2/oliviafernflores/miniconda3/bin/dadi-cli InferDFE --fs /groups/rgutenk/oliviafernflores/gene_ontology/GO_DFE_Inference/GO_0050789_SFS/0050789_dict_Mmd_FRA_Mmd_IRA_SFS_nsyn_unfolded.fs --cache1d /groups/rgutenk/oliviafernflores/IRA_FRA/mmd_FRA_mmd_IRA_1d_cache.bpkl --pdf2d gamma --p0 1 1 .5 --lbounds 0.010 0.010 0 --ubounds 100 1000 0.999 --demo-popt /groups/rgutenk/oliviafernflores/IRA_FRA/demo_results/IRA_FRA_im_pre_inbreeding_demo_fits_combined.txt --ratio 2.4 --output /groups/rgutenk/oliviafernflores/gene_ontology/GO_DFE_Inference/GO_0050789_SFS/mmd_FRA_mmd_IRA_2d_gamma_DFE_0050789 --optimizations 20 --maxeval 400 --check-convergence 10
# Log(likelihood)	shape	scale	misid	theta
-2562.3050849716547	0.8016581840743334	61.87435334509961	0.019194141141216706	22091.2144245875
-2147.7335243047537	0.6589308238282204	98.35653812634229	0.017428689134675098	22091.2144245875
-2213.642843397365	0.736689130028632	81.76719901148705	0.018305215498533704	22091.2144245875
-2470.6256230848567	0.7848361257514962	66.2887050077716	0.018870595835736827	22091.2144245875
-2120.549636151286	0.7199838921707002	88.85656486013158	0.018326691984327476	22091.2144245875
-1904.8528330485228	0.6721724204594349	111.60753017934299	0.011170196380637614	22091.2144245875
-1505.1881384305498	0.596457800082483	178.5920068554084	0.01662007465379512	22091.2144245875
-1626.4257200433779	0.6237600685590321	151.50500334404984	0.017199674434844263	22091.2144245875
-1977.19315808504	0.691898556229102	101.90894426516284	0.017892532420602146	22091.2144245875
-1523.579530616894	0.6006504057016006	173.97289998277208	0.016713087778408416	22091.2144245875
-1778.2159107991351	0.6532721431107086	126.01305062201847	0.01718741597783746	22091.2144245875
-1351.5923197030534	0.5632163855616357	226.7191503201388	0.01615569370414444	22091.2144245875
-1770.8896652971698	0.6555541170347138	131.5607310254058	0.01009854454114552	22091.2144245875
-1285.8527758272944	0.5485243036834657	254.4217224774997	0.015966706803039694	22091.2144245875
-1480.6004536673859	0.5917436900347343	185.0811569960408	0.016577744843262996	22091.2144245875
-1407.5650441543687	0.5761475754163718	206.92530996695558	0.016761625459422128	22091.2144245875
-1245.4364116889253	0.5392239313099043	274.43944046950304	0.01598654958887127	22091.2144245875
-1286.236240339697	0.5341298677979741	261.752580584567	0.017079137607954747	22091.2144245875
-1207.024323890428	0.5294672257771429	296.01595681637656	0.015731107347146063	22091.2144245875
-1299.668270737822	0.5515713670268748	248.13828489258367	0.01602379116724116	22091.2144245875
