# /home/u2/oliviafernflores/miniconda3/bin/dadi-cli InferDFE --fs /groups/rgutenk/oliviafernflores/gene_ontology/GO_DFE_Inference/GO_0050789_SFS/0050789_dict_Mmd_FRA_Mmd_IRA_SFS_nsyn_unfolded.fs --cache1d /groups/rgutenk/oliviafernflores/IRA_FRA/mmd_FRA_mmd_IRA_1d_cache.bpkl --pdf2d lognormal --p0 1 1 .5 --lbounds -10 0.01 0 --ubounds 10 10 0.5 --demo-popt /groups/rgutenk/oliviafernflores/IRA_FRA/demo_results/IRA_FRA_im_pre_inbreeding_demo_fits_combined.txt --ratio 2.4 --output /groups/rgutenk/oliviafernflores/gene_ontology/GO_DFE_Inference/GO_0050789_SFS/mmd_FRA_mmd_IRA_1d_lognormal_DFE_0050789 --optimizations 15 --maxeval 400 --check-convergence 10
# Log(likelihood)	log_mu	log_sigma	misid	theta
-10635.655163418067	0.6747602180919618	0.038944224876628804	0.4916758957381156	22091.2144245875
-592.3775989828428	9.034690643118438	6.4118215277603	0.010558244563906033	22091.2144245875
-592.376576824515	9.046078795332512	6.420977849022496	0.010548150068411704	22091.2144245875
-592.3765766219477	9.046095203605525	6.4210096901474	0.010547451288626523	22091.2144245875
-592.3765774720181	9.046423699719208	6.421275408834519	0.01054841621662856	22091.2144245875
-592.3765766177636	9.046122475285161	6.4210223527910575	0.010548372744190062	22091.2144245875
-592.3765765966764	9.046175826583346	6.421070063108134	0.010547594142126068	22091.2144245875
-592.3765801844609	9.045625267193289	6.420632872631099	0.010546052401762871	22091.2144245875
-592.3767167682225	9.04315656792215	6.4187719455925025	0.010536482341496223	22091.2144245875
-592.3766067778146	9.044594852006828	6.41978682491523	0.010555371496799167	22091.2144245875
