# /home/u2/oliviafernflores/miniconda3/bin/dadi-cli InferDFE --fs /groups/rgutenk/oliviafernflores/gene_ontology/GO_DFE_Inference/GO_0050789_SFS/0050789_dict_Mmd_FRA_Mmd_IRA_SFS_nsyn_unfolded.fs --cache2d /groups/rgutenk/oliviafernflores/IRA_FRA/mmd_FRA_mmd_IRA_2d_cache.bpkl --pdf2d biv_lognormal --p0 1 1 .5 .5 --lbounds -10 0.01 0.001 0 --ubounds 10 10 0.999 0.5 --demo-popt /groups/rgutenk/oliviafernflores/IRA_FRA/demo_results/IRA_FRA_im_pre_inbreeding_demo_fits_combined.txt --ratio 2.4 --output /groups/rgutenk/oliviafernflores/gene_ontology/GO_DFE_Inference/GO_0050789_SFS/mmd_FRA_mmd_IRA_2d_biv_lognormal_DFE_0050789 --optimizations 15 --maxeval 400 --check-convergence 10
# Log(likelihood)	log_mu	log_sigma	rho	misid	theta
-647.4564355677801	7.127499836259135	4.812344906796212	0.9986893387763394	0.012540446211931547	22091.2144245875
-578.7687898920229	9.708752723818506	7.007902484469448	0.960619784446511	0.010563224337937431	22091.2144245875
-578.9110549818843	9.582444725857718	6.91003785280107	0.9612074232115437	0.010918438921388725	22091.2144245875
-6568.459012623222	9.963632405659501	7.521077735681816	0.934577454971728	0.383272120624521	22091.2144245875
-578.8548763799363	9.619613984469742	6.925247574986233	0.9625322618846749	0.010546166947732118	22091.2144245875
-578.7687463691234	9.706828466407321	7.006466403252767	0.9606295988542223	0.01056312100582228	22091.2144245875
-8219.065061295136	9.959061836102128	7.159600781981486	0.9625749517270763	0.4514452588807393	22091.2144245875
-578.7687565850695	9.707114566625465	7.0066073375855185	0.9606577639190781	0.010558334974500164	22091.2144245875
-578.7687522091153	9.707039927948776	7.006540982356145	0.960649848743297	0.010564681745706558	22091.2144245875
-2417.0324814254445	8.77026794459504	6.3078688501549705	0.946912881552129	0.17115715542822252	22091.2144245875
